,TDG_Open,TDG_High,TDG_Low,TDG_Close,TDG_Adj Close,TDG_Volume,TDG_Dividend Amount,TDG_Split Coefficient
2024-10-04,1356.0,1358.335,1336.13,1355.46,1355.46,187855,75.0,1.0
2024-10-03,1442.4,1442.4,1416.4705,1419.09,1344.68613690701,219334,0.0,1.0
2024-10-02,1434.95,1451.32,1426.325,1442.53,1366.89716161235,175906,0.0,1.0
2024-10-01,1430.0,1443.455,1418.65,1435.96,1360.67163122352,176156,0.0,1.0
2024-09-30,1398.32,1428.16,1396.16,1427.13,1352.30459418649,233284,0.0,1.0
2024-09-27,1403.79,1408.45,1395.0,1402.88,1329.32603833732,184603,0.0,1.0
2024-09-26,1430.72,1433.0,1398.685,1401.23,1327.76254897026,204046,0.0,1.0
2024-09-25,1427.44,1433.034,1418.045,1424.26,1349.58507025712,242987,0.0,1.0
2024-09-24,1417.04,1422.21,1399.391,1420.9,1346.4012373642,300419,0.0,1.0
2024-09-23,1408.64,1423.0199,1400.32,1417.98,1343.63433496917,223049,0.0,1.0
2024-09-20,1401.9,1419.99,1384.05,1408.03,1334.20602030116,339858,0.0,1.0
2024-09-19,1400.63,1400.63,1380.01,1389.85,1316.97921018414,159473,0.0,1.0
2024-09-18,1384.96,1396.13,1373.51,1373.7,1301.67596577325,130005,0.0,1.0
2024-09-17,1374.39,1382.0367,1363.51,1375.45,1303.33421207164,104267,0.0,1.0
2024-09-16,1381.24,1388.4075,1364.51,1372.92,1300.93686170882,142394,0.0,1.0
2024-09-13,1347.85,1376.15,1345.215,1367.76,1296.04740405184,149122,0.0,1.0
2024-09-12,1326.82,1348.03,1326.35,1348.03,1277.3518614991,133645,0.0,1.0
2024-09-11,1312.0,1328.03,1287.5459,1328.03,1258.40047523174,127404,0.0,1.0
2024-09-10,1310.4,1315.145,1295.51,1310.75,1242.02647749675,126168,0.0,1.0
2024-09-09,1310.64,1318.175,1296.18,1302.77,1234.46487437607,176613,0.0,1.0
2024-09-06,1330.62,1335.73,1293.29,1294.17,1226.31577828111,157071,0.0,1.0
2024-09-05,1348.0,1348.38,1316.985,1329.28,1259.58493687345,151861,0.0,1.0
2024-09-04,1333.77,1353.6,1333.77,1350.62,1279.80606602072,118908,0.0,1.0
2024-09-03,1368.6,1379.47,1327.355,1332.49,1262.62663436936,206746,0.0,1.0
2024-08-30,1366.68,1380.83,1356.76,1373.21,1301.2116568097,251827,0.0,1.0
2024-08-29,1340.0,1376.16,1335.9101,1364.37,1292.83514407953,256817,0.0,1.0
2024-08-28,1335.0,1337.48,1324.005,1333.06,1263.16674887798,168220,0.0,1.0
2024-08-27,1300.0,1333.18,1290.3372,1326.23,1256.69485046768,160057,0.0,1.0
2024-08-26,1326.6,1329.21,1300.51,1302.25,1233.97213833312,258416,0.0,1.0
2024-08-23,1308.03,1339.29,1305.97,1326.68,1257.1212566587,273198,0.0,1.0
2024-08-22,1316.74,1320.0,1302.45,1304.38,1235.9904609706,121728,0.0,1.0
2024-08-21,1315.0,1319.01,1306.73,1313.71,1244.83128266432,161546,0.0,1.0
2024-08-20,1309.85,1315.0,1297.28,1310.41,1241.7043039302,229893,0.0,1.0
2024-08-19,1280.08,1310.25,1278.51,1308.24,1239.6480785202,288695,0.0,1.0
2024-08-16,1275.0,1281.07,1266.88,1280.08,1212.96452665576,188182,0.0,1.0
2024-08-15,1267.29,1275.0,1253.99,1272.34,1205.63034017029,205043,0.0,1.0
2024-08-14,1245.36,1254.47,1237.56,1248.36,1182.90762803574,120211,0.0,1.0
2024-08-13,1239.99,1245.16,1222.24,1243.69,1178.48247934231,231304,0.0,1.0
2024-08-12,1243.88,1243.88,1224.36,1233.05,1168.40034184808,241077,0.0,1.0
2024-08-09,1231.51,1249.24,1221.04,1246.1,1180.76612138753,172042,0.0,1.0
2024-08-08,1215.09,1243.77,1214.85,1231.12,1166.57153307328,211264,0.0,1.0
2024-08-07,1250.92,1253.79,1201.72,1202.03,1139.00674174741,353592,0.0,1.0
2024-08-06,1221.85,1269.495,1221.85,1237.37,1172.49384128183,407953,0.0,1.0
2024-08-05,1196.27,1218.75,1176.31,1209.45,1146.0377060526,439962,0.0,1.0
2024-08-02,1249.77,1249.77,1202.24,1212.27,1148.7098515163,314682,0.0,1.0
2024-08-01,1287.42,1296.78,1258.285,1268.04,1201.55579212281,237424,0.0,1.0
2024-07-31,1285.52,1302.45,1273.81,1294.22,1226.36315674678,271670,0.0,1.0
2024-07-30,1248.55,1273.94,1248.55,1264.16,1197.87922318695,282964,0.0,1.0
2024-07-29,1241.3,1246.8,1227.31,1236.12,1171.30937964012,173045,0.0,1.0
2024-07-26,1240.86,1253.19,1232.63,1234.86,1170.11544230527,207905,0.0,1.0
2024-07-25,1250.42,1262.92,1228.21,1228.42,1164.01309592718,203326,0.0,1.0
2024-07-24,1274.93,1274.93,1241.165,1245.48,1180.17862841324,171229,0.0,1.0
2024-07-23,1262.13,1296.38,1259.035,1287.13,1219.644890315,204036,0.0,1.0
2024-07-22,1245.76,1259.36,1237.18,1255.85,1190.00492219286,200921,0.0,1.0
2024-07-19,1259.27,1259.27,1234.33,1238.07,1173.15713980118,168121,0.0,1.0
2024-07-18,1246.29,1263.26,1239.2919,1245.92,1180.59555891112,251453,0.0,1.0
2024-07-17,1265.03,1268.53,1238.92,1241.47,1176.37887546663,207221,0.0,1.0
2024-07-16,1246.14,1284.77,1241.7705,1280.5,1213.36250576738,218865,0.0,1.0
2024-07-15,1250.03,1250.03,1230.2489,1241.94,1176.82423304392,371133,0.0,1.0
2024-07-12,1261.97,1261.97,1237.08,1242.31,1177.17483368986,409733,0.0,1.0
2024-07-11,1267.96,1267.96,1249.0,1255.64,1189.80593263705,299073,0.0,1.0
2024-07-10,1272.06,1274.49,1256.775,1272.68,1205.95251373684,232972,0.0,1.0
2024-07-09,1272.57,1274.97,1260.4801,1270.46,1203.84890986116,167695,0.0,1.0
2024-07-08,1278.0,1281.34,1261.77,1272.18,1205.47872908016,191877,0.0,1.0
2024-07-05,1280.57,1280.57,1261.515,1274.55,1207.72446835284,140336,0.0,1.0
2024-07-03,1278.05,1288.15,1274.03,1283.5,1216.20521370748,108123,0.0,1.0
2024-07-02,1243.82,1280.04,1243.82,1278.1,1211.08833941529,213942,0.0,1.0
2024-07-01,1298.46,1298.46,1249.36,1252.72,1187.03903024202,300850,0.0,1.0
2024-06-28,1294.08,1303.89,1266.0,1277.61,1210.62403045174,1220853,0.0,1.0
2024-06-27,1303.0,1303.0,1273.43,1288.65,1221.08519567132,322498,0.0,1.0
2024-06-26,1313.39,1315.37,1283.37,1300.83,1232.62658990814,241000,0.0,1.0
2024-06-25,1330.0,1332.0,1311.09,1320.36,1251.13261859821,189133,0.0,1.0
2024-06-24,1332.22,1333.215,1319.1,1328.05,1258.41942661801,262007,0.0,1.0
2024-06-21,1335.31,1335.31,1302.2077,1321.09,1251.82434419697,397005,0.0,1.0
2024-06-20,1347.87,1349.0,1325.26,1329.67,1259.95448890567,213312,0.0,1.0
2024-06-18,1322.18,1345.95,1315.35,1339.48,1269.2501438698,159628,0.0,1.0
2024-06-17,1292.13,1328.195,1292.13,1318.91,1249.75864309383,167416,0.0,1.0
2024-06-14,1310.0,1310.0,1281.37,1294.76,1226.874844176,194186,0.0,1.0
2024-06-13,1316.29,1325.46,1301.52,1323.65,1254.25012163919,165735,0.0,1.0
2024-06-12,1304.93,1332.97,1295.67,1322.13,1252.80981628287,272459,0.0,1.0
2024-06-11,1301.05,1304.35,1279.87,1293.88,1226.04098318024,260197,0.0,1.0
2024-06-10,1308.36,1317.12,1304.38,1305.99,1237.51604756512,249712,0.0,1.0
2024-06-07,1335.07,1341.65,1309.59,1310.0,1241.31580051172,305705,0.0,1.0
2024-06-06,1365.2,1369.575,1325.89,1334.65,1264.67338408624,161781,0.0,1.0
2024-06-05,1347.27,1364.22,1328.6,1362.3,1290.87367560086,173561,0.0,1.0
2024-06-04,1334.34,1342.32,1322.115,1340.83,1270.52936244285,153184,0.0,1.0
2024-06-03,1356.98,1356.98,1315.55,1339.19,1268.97534876893,183325,0.0,1.0
2024-05-31,1321.0,1348.89,1314.98,1343.23,1272.80352879493,302783,0.0,1.0
2024-05-30,1317.77,1324.065,1305.42,1321.85,1252.54449687513,143548,0.0,1.0
2024-05-29,1316.13,1333.85,1312.26,1312.29,1243.48573423934,200686,0.0,1.0
2024-05-28,1356.53,1363.6585,1310.75,1317.94,1248.83950085986,202774,0.0,1.0
2024-05-24,1335.0,1350.31,1329.225,1350.31,1279.51231953358,136110,0.0,1.0
2024-05-23,1334.86,1335.0,1312.02,1330.72,1260.9494366847,173331,0.0,1.0
2024-05-22,1335.0,1340.97,1316.97,1326.19,1256.65694769515,251324,0.0,1.0
2024-05-21,1311.99,1340.76,1306.74,1336.84,1266.74856088251,212450,0.0,1.0
2024-05-20,1295.79,1317.01,1295.79,1312.76,1243.93109181662,179514,0.0,1.0
2024-05-17,1296.09,1298.8499,1281.98,1291.95,1224.21217440544,210869,0.0,1.0
2024-05-16,1287.29,1295.55,1283.8,1286.32,1218.87735917118,251269,0.0,1.0
2024-05-15,1278.88,1292.12,1276.88,1289.2,1221.60635879367,257907,0.0,1.0
2024-05-14,1276.41,1279.4,1260.05,1275.77,1208.88050291515,310688,0.0,1.0
2024-05-13,1317.81,1317.81,1279.89,1280.56,1213.41935992618,252274,0.0,1.0
2024-05-10,1328.22,1330.8199,1308.6,1310.49,1241.78010947527,212403,0.0,1.0
2024-05-09,1316.96,1330.38,1310.34,1318.86,1249.71126462816,229231,0.0,1.0
2024-05-08,1315.23,1328.15,1306.31,1315.0,1246.05364707856,250144,0.0,1.0
2024-05-07,1240.02,1315.02,1240.0,1310.4,1241.69482823707,443128,0.0,1.0
2024-05-06,1305.68,1309.43,1294.99,1301.63,1233.38464535884,330478,0.0,1.0
2024-05-03,1291.61,1303.49,1270.9273,1293.8,1225.96517763517,238023,0.0,1.0
2024-05-02,1254.61,1274.215,1250.185,1271.78,1205.09970135481,196565,0.0,1.0
2024-05-01,1245.57,1269.4899,1242.07,1249.32,1183.81729457657,158892,0.0,1.0
2024-04-30,1253.27,1266.705,1245.99,1248.03,1182.59493016233,238240,0.0,1.0
2024-04-29,1260.0,1269.12,1249.66,1258.72,1192.72444612223,124301,0.0,1.0
2024-04-26,1257.37,1269.51,1254.4901,1259.15,1193.13190092697,140898,0.0,1.0
2024-04-25,1240.05,1265.25,1225.5,1256.58,1190.69664779162,232694,0.0,1.0
2024-04-24,1250.0,1255.59,1213.785,1241.62,1176.52101086364,222452,0.0,1.0
2024-04-23,1215.0,1244.66,1212.41,1242.4,1177.26011492807,241828,0.0,1.0
2024-04-22,1195.94,1213.655,1186.12,1200.93,1137.96441550271,147923,0.0,1.0
2024-04-19,1225.37,1226.33,1185.78,1187.7,1125.42807348685,231376,0.0,1.0
2024-04-18,1218.92,1237.39,1211.565,1213.5,1149.87536177174,205492,0.0,1.0
2024-04-17,1233.52,1235.28,1212.71,1225.7,1161.43570739482,148008,0.0,1.0
2024-04-16,1210.09,1228.08,1210.09,1223.15,1159.01940564574,155244,0.0,1.0
2024-04-15,1243.0,1248.39,1206.96,1207.5,1144.18994589153,183178,0.0,1.0
2024-04-12,1223.03,1231.86,1207.115,1220.38,1156.39463864771,193470,0.0,1.0
2024-04-11,1214.67,1237.51,1206.87,1234.93,1170.18177215721,180243,0.0,1.0
2024-04-10,1206.76,1224.62,1205.21,1219.91,1155.94928107043,170186,0.0,1.0
2024-04-09,1234.29,1234.29,1198.32,1215.93,1152.17795520322,129748,0.0,1.0
2024-04-08,1236.91,1239.26,1227.88,1233.29,1168.62775848329,121851,0.0,1.0
2024-04-05,1212.55,1237.125,1212.55,1235.28,1170.51342141689,151517,0.0,1.0
2024-04-04,1242.04,1246.22,1200.0,1204.36,1141.21457824756,185276,0.0,1.0
2024-04-03,1201.71,1234.95,1201.71,1228.51,1164.09837716539,221450,0.0,1.0
2024-04-02,1209.3,1209.3,1196.77,1203.82,1140.70289081834,228766,0.0,1.0
2024-04-01,1229.77,1229.77,1208.9,1213.94,1150.29229226962,141593,0.0,1.0
2024-03-28,1233.8,1238.9525,1226.38,1231.6,1167.02636634369,164404,0.0,1.0
2024-03-27,1233.14,1237.49,1223.5,1233.8,1169.1110188331,140380,0.0,1.0
2024-03-26,1226.16,1227.27,1217.3101,1223.11,1158.9815028732,113104,0.0,1.0
2024-03-25,1238.13,1238.13,1218.07,1223.41,1159.26577366721,115583,0.0,1.0
2024-03-22,1232.38,1238.0,1226.885,1231.2,1166.64733861835,148930,0.0,1.0
2024-03-21,1215.93,1238.34,1212.49,1232.38,1167.76547040812,203827,0.0,1.0
2024-03-20,1199.7,1217.0,1198.535,1214.98,1151.27776435552,203978,0.0,1.0
2024-03-19,1184.7,1202.7,1177.76,1200.92,1137.95493980957,174658,0.0,1.0
2024-03-18,1181.83,1188.9,1177.45,1181.0,1119.07935908729,154520,0.0,1.0
2024-03-15,1173.08,1182.25,1163.82,1172.2,1110.74074912965,326702,0.0,1.0
2024-03-14,1189.63,1192.58,1179.845,1185.9,1123.72244872279,175835,0.0,1.0
2024-03-13,1176.34,1190.1789,1174.63,1187.4,1125.14380269284,159411,0.0,1.0
2024-03-12,1164.13,1184.39,1154.205,1183.13,1121.09768172476,219144,0.0,1.0
2024-03-11,1158.84,1158.84,1136.27,1151.74,1091.35348097815,253545,0.0,1.0
2024-03-08,1170.31,1180.0,1148.74,1164.99,1103.90877438027,204556,0.0,1.0
2024-03-07,1175.0,1177.6496,1169.54,1174.69,1113.10019671994,162288,0.0,1.0
2024-03-06,1169.28,1174.97,1162.69,1168.68,1107.4053051466,230331,0.0,1.0
2024-03-05,1172.27,1178.97,1154.3346,1160.0,1099.18040350656,229864,0.0,1.0
2024-03-04,1187.35,1189.53,1167.735,1173.41,1111.88730799883,264603,0.0,1.0
2024-03-01,1178.0,1188.0,1169.94,1183.27,1121.23034142863,196511,0.0,1.0
2024-02-29,1170.82,1179.26,1164.14,1177.74,1115.99028312571,314614,0.0,1.0
2024-02-28,1174.0,1177.1,1165.38,1172.0,1110.55123526698,286779,0.0,1.0
2024-02-27,1186.3,1187.755,1161.65,1174.22,1112.65483914265,194251,0.0,1.0
2024-02-26,1203.33,1206.85,1186.675,1187.4,1125.14380269284,168139,0.0,1.0
2024-02-23,1193.39,1207.58,1192.78,1199.89,1136.9789434168,163602,0.0,1.0
2024-02-22,1165.0,1195.47,1164.42,1192.95,1130.40281238203,261878,0.0,1.0
2024-02-21,1159.33,1165.08,1155.83,1164.35,1103.30233001971,183142,0.0,1.0
2024-02-20,1146.44,1163.48,1142.0,1159.01,1098.24230988633,227035,0.0,1.0
2024-02-16,1159.62,1165.0,1144.68,1146.39,1086.28398515163,197352,0.0,1.0
2024-02-15,1150.0,1159.39,1136.795,1157.79,1097.08627532402,232966,0.0,1.0
2024-02-14,1135.38,1147.595,1128.51,1147.13,1086.98518644352,219139,0.0,1.0
2024-02-13,1100.86,1123.435,1100.86,1122.26,1063.41913762007,270221,0.0,1.0
2024-02-12,1119.09,1119.09,1104.05,1109.17,1051.01545530808,219939,0.0,1.0
2024-02-09,1132.08,1139.98,1115.87,1119.89,1061.17339834738,283130,0.0,1.0
2024-02-08,1153.22,1155.24,1108.9,1128.57,1069.39829998742,442630,0.0,1.0
2024-02-07,1140.36,1150.15,1140.36,1147.01,1086.87147812592,369131,0.0,1.0
2024-02-06,1141.67,1142.55,1127.83,1140.6,1080.79755882723,287070,0.0,1.0
2024-02-05,1119.73,1139.815,1119.115,1135.08,1075.56697621744,230808,0.0,1.0
2024-02-02,1114.74,1129.42,1111.68,1123.76,1064.84049159012,188088,0.0,1.0
2024-02-01,1099.46,1116.93,1095.72,1113.68,1055.28899291137,228125,0.0,1.0
2024-01-31,1087.57,1100.0,1086.37,1092.68,1035.39003733065,312049,0.0,1.0
2024-01-30,1081.49,1089.499,1078.54,1085.94,1029.00342015855,174096,0.0,1.0
2024-01-29,1086.16,1088.405,1070.03,1081.73,1025.01415334927,145473,0.0,1.0
2024-01-26,1082.32,1089.965,1070.82,1082.48,1025.7248303343,244543,0.0,1.0
2024-01-25,1065.79,1080.95,1063.525,1078.87,1022.30410511304,260942,0.0,1.0
2024-01-24,1073.28,1076.94,1058.94,1059.92,1004.34766662472,144712,0.0,1.0
2024-01-23,1070.63,1077.54,1068.76,1071.85,1015.6521685332,153762,0.0,1.0
2024-01-22,1058.35,1074.25,1058.35,1072.21,1015.99329348601,200051,0.0,1.0
2024-01-19,1058.4,1059.952,1048.06,1057.13,1001.70394824043,171157,0.0,1.0
2024-01-18,1035.71,1053.64,1032.43,1053.0,997.790486976217,201327,0.0,1.0
2024-01-17,1025.01,1040.67,1025.01,1031.75,977.654639067153,149786,0.0,1.0
2024-01-16,1029.16,1033.6499,1017.8,1027.32,973.456907008934,194003,0.0,1.0
2024-01-12,1027.12,1033.805,1018.835,1032.83,978.67801392559,146182,0.0,1.0
2024-01-11,1015.0,1022.982,1004.25,1019.82,966.350137158676,188763,0.0,1.0
2024-01-10,1005.81,1017.21,1002.81,1015.0,961.782853068244,205795,0.0,1.0
2024-01-09,988.94,1002.85,985.29,1000.12,947.683021685332,210737,0.0,1.0
2024-01-08,975.0,997.81,975.0,997.18,944.897167904031,257686,0.0,1.0
2024-01-05,977.48,986.76,976.01,978.61,927.300805754792,215530,0.0,1.0
2024-01-04,977.89,994.18,974.05,975.53,924.382292269619,207083,0.0,1.0
2024-01-03,987.78,993.4,972.08,972.61,921.615389874586,271475,0.0,1.0
2024-01-02,1005.64,1013.5,989.31,992.2,940.17827272346,245605,0.0,1.0
2023-12-29,1015.0,1018.5,1008.01,1011.6,958.561117402793,161192,0.0,1.0
2023-12-28,998.71,1014.31,998.71,1012.79,959.688724885701,118897,0.0,1.0
2023-12-27,1006.3,1012.44,1004.28,1007.99,955.140392181536,148269,0.0,1.0
2023-12-26,1000.21,1012.65,998.21,1008.97,956.069010108636,119251,0.0,1.0
2023-12-22,997.09,1005.91,996.46,1000.42,947.967292479342,144147,0.0,1.0
2023-12-21,992.69,995.02,981.51,994.12,941.997605805126,141080,0.0,1.0
2023-12-20,991.94,995.81,981.62,981.64,930.171940774296,141020,0.0,1.0
2023-12-19,992.63,1004.195,992.63,998.39,946.043726773206,131715,0.0,1.0
2023-12-18,991.19,996.805,985.88,989.89,937.98938760958,138285,0.0,1.0
2023-12-15,978.07,994.5,978.07,985.59,933.914839562099,485810,0.0,1.0
2023-12-14,1011.9,1014.03,975.335,987.0,935.250912293947,328715,0.0,1.0
2023-12-13,1001.26,1015.7167,998.54,1011.36,958.333700767585,228325,0.0,1.0
2023-12-12,996.1,1001.37,992.595,1000.39,947.938865399941,209531,0.0,1.0
2023-12-11,982.65,994.69,982.65,992.52,940.481494903737,145331,0.0,1.0
2023-12-08,973.7,986.145,971.94,983.92,932.332398808775,144938,0.0,1.0
2023-12-07,966.38,976.0,965.69,972.96,921.947039134265,209981,0.0,1.0
2023-12-06,962.42,970.9399,958.73,963.51,912.992509122939,129923,0.0,1.0
2023-12-05,962.43,967.38,950.935,955.51,905.411954615998,140067,0.0,1.0
2023-12-04,963.6,969.525,957.7,967.38,916.659602365673,168748,0.0,1.0
2023-12-01,958.92,974.75,956.45,970.27,919.398077681305,162098,0.0,1.0
2023-11-30,956.54,963.779,949.99,962.87,912.386064762384,279309,0.0,1.0
2023-11-29,958.49,959.635,950.62,952.82,902.862993163038,124583,0.0,1.0
2023-11-28,979.4,980.0,954.52,956.18,906.046826055954,253637,0.0,1.0
2023-11-27,966.59,980.0,966.59,976.58,925.377240048656,167103,0.0,1.0
2023-11-24,967.89,976.36,962.59,970.73,919.833959565455,42996,0.0,1.0
2023-11-22,969.22,979.71,966.28,970.2,919.33174782937,138547,0.0,1.0
2023-11-21,962.53,974.8,961.28,971.03,920.118230359465,237696,0.0,1.0
2023-11-20,964.23,969.03,958.05,964.36,913.797943039302,261129,0.0,1.0
2023-11-17,958.23,961.4,951.19,957.63,907.420801560337,291021,35.0,1.0
2023-11-16,995.62,997.83,980.55,986.95,902.228383284784,303124,0.0,1.0
2023-11-15,995.3,998.5791,987.9,994.16,908.819463525407,320569,0.0,1.0
2023-11-14,1004.14,1013.08,994.93,996.74,911.177991544937,335664,0.0,1.0
2023-11-13,990.0,995.36,980.235,993.15,907.896163796832,308840,0.0,1.0
2023-11-10,985.33,996.25,973.22,992.5,907.301961001214,356156,0.0,1.0
2023-11-09,945.0,990.1,935.84,973.07,889.539868202973,654144,0.0,1.0
2023-11-08,895.12,897.85,886.76,895.21,818.363514869417,280083,0.0,1.0
2023-11-07,886.84,896.23,879.35,892.82,816.178676897837,276161,0.0,1.0
2023-11-06,882.56,889.34,874.9473,888.74,812.448911657651,210616,0.0,1.0
2023-11-03,875.56,890.2792,875.56,882.08,806.360618397935,215660,0.0,1.0
2023-11-02,838.89,870.46,838.475,869.73,795.070765281195,338768,0.0,1.0
2023-11-01,831.27,831.27,818.12,828.34,757.233759572539,261538,0.0,1.0
2023-10-31,821.37,833.9,817.62,828.09,757.005220035763,360052,0.0,1.0
2023-10-30,825.6,827.76,816.97,819.67,749.308008437143,337457,0.0,1.0
2023-10-27,817.27,820.95,811.42,819.05,748.741230385939,222807,0.0,1.0
2023-10-26,822.44,832.875,816.92,818.0,747.781364331479,221081,0.0,1.0
2023-10-25,829.39,837.59,814.76,818.28,748.037328612668,150329,0.0,1.0
2023-10-24,837.34,839.2,826.28,831.07,759.729411314135,137757,0.0,1.0
2023-10-23,821.99,832.08,817.36,826.5,755.551708581867,161916,0.0,1.0
2023-10-20,830.7,832.0,818.985,822.76,752.132757111696,184600,0.0,1.0
2023-10-19,839.19,849.15,828.82,830.62,759.318040147938,170616,0.0,1.0
2023-10-18,858.31,859.0,839.97,841.91,769.638885628747,246173,0.0,1.0
2023-10-17,860.14,873.17,855.01,863.18,789.08302941766,177387,0.0,1.0
2023-10-16,866.0,873.71,860.09,863.91,789.750364865046,225326,0.0,1.0
2023-10-13,861.98,868.48,848.465,857.09,783.515806301794,228247,0.0,1.0
2023-10-12,872.31,872.31,851.87,858.31,784.631079241261,209326,0.0,1.0
2023-10-11,856.84,871.8,856.84,869.0,794.403429833808,252305,0.0,1.0
2023-10-10,871.44,878.82,861.65,866.18,791.825503858974,247066,0.0,1.0
2023-10-09,857.64,868.125,850.64,867.06,792.629963028426,259742,0.0,1.0
2023-10-06,833.76,851.825,828.545,850.08,777.107557690591,312897,0.0,1.0
2023-10-05,823.55,844.03,815.94,838.93,766.914694350376,435655,0.0,1.0
2023-10-04,810.29,822.9,805.4,821.65,751.11804156841,207124,0.0,1.0
2023-10-03,817.9,823.12,802.46,812.25,742.524954985628,320653,0.0,1.0
2023-10-02,841.11,841.88,817.6222,824.38,753.613693310006,251831,0.0,1.0
2023-09-29,854.05,856.03,837.82,843.13,770.754158568215,258699,0.0,1.0
2023-09-28,855.61,861.855,847.0,848.37,775.544347259043,255016,0.0,1.0
2023-09-27,845.73,854.21,840.9,851.82,778.698192866553,127566,0.0,1.0
2023-09-26,848.19,849.2,842.15,842.68,770.342787402018,260276,0.0,1.0
2023-09-25,842.62,854.6905,838.1,851.21,778.140556396819,106951,0.0,1.0
2023-09-22,845.57,853.5,842.84,847.36,774.621047530467,146529,0.0,1.0
2023-09-21,850.7,853.765,840.0,842.83,770.479911124084,227326,0.0,1.0
2023-09-20,875.88,880.48,854.33,854.35,781.011012978727,150360,0.0,1.0
2023-09-19,869.01,874.9999,861.61,870.59,795.856941287704,122983,0.0,1.0
2023-09-18,865.71,877.51,865.6,870.09,795.399862214152,184872,0.0,1.0
2023-09-15,871.0,876.06,863.04,864.7,790.472549801259,818141,0.0,1.0
2023-09-14,870.0,877.76,865.25,874.12,799.083919546983,192269,0.0,1.0
2023-09-13,871.43,877.835,860.41,867.15,792.712237261665,191755,0.0,1.0
2023-09-12,873.94,881.02,871.275,872.06,797.200753763948,175023,0.0,1.0
2023-09-11,876.99,881.2,861.6,877.82,802.46630469127,185744,0.0,1.0
2023-09-08,887.61,888.48,865.0,871.89,797.04534687894,180597,0.0,1.0
2023-09-07,883.12,888.05,879.24,887.23,811.068532855523,158709,0.0,1.0
2023-09-06,890.81,894.76,880.995,882.98,807.183360730329,229437,0.0,1.0
2023-09-05,912.12,912.12,885.76,889.16,812.832858079435,227626,0.0,1.0
2023-09-01,909.34,913.79,900.75,911.32,833.090602619271,145781,0.0,1.0
2023-08-31,905.41,910.58,901.355,903.85,826.2618412604,272234,0.0,1.0
2023-08-30,893.56,909.76,893.56,902.74,825.247125717114,217604,0.0,1.0
2023-08-29,877.02,894.1,876.29,893.58,816.873437089637,131135,0.0,1.0
2023-08-28,863.87,882.31,863.87,881.5,805.830406672614,137468,0.0,1.0
2023-08-25,861.39,870.62,858.45,864.77,790.536540871556,144377,0.0,1.0
2023-08-24,862.26,871.94,850.96,859.0,785.261848362763,238169,0.0,1.0
2023-08-23,858.5,870.18,855.83,865.61,791.304433715124,125712,0.0,1.0
2023-08-22,858.15,861.355,852.95,855.24,781.82461372965,124759,0.0,1.0
2023-08-21,857.67,861.2532,848.19,852.31,779.146130358634,247646,0.0,1.0
2023-08-18,837.3,860.35,834.05,857.13,783.552372627678,282433,0.0,1.0
2023-08-17,861.17,862.1,841.875,843.77,771.339219782362,196274,0.0,1.0
2023-08-16,861.42,866.71,854.91,855.64,782.190276988492,155447,0.0,1.0
2023-08-15,865.0,865.03,848.95,860.55,786.678793490775,211491,0.0,1.0
2023-08-14,873.54,876.35,862.82,865.01,790.755938826861,416354,0.0,1.0
2023-08-11,880.0,882.53,865.23,873.28,798.316026703416,146474,0.0,1.0
2023-08-10,870.4,880.84,870.0,877.77,802.420596783915,256578,0.0,1.0
2023-08-09,890.53,890.53,861.36,869.9,795.226172166202,382113,0.0,1.0
2023-08-08,927.52,940.0,860.25,888.86,812.558610635304,646899,0.0,1.0
2023-08-07,901.0,921.71,899.555,914.18,835.705094919989,325980,0.0,1.0
2023-08-04,897.39,914.29,892.44,896.1,819.17711562034,296895,0.0,1.0
2023-08-03,882.39,902.7799,878.36,895.58,818.701753383846,271253,0.0,1.0
2023-08-02,898.02,899.46,886.75,887.36,811.187373414647,159477,0.0,1.0
2023-08-01,897.29,907.0,895.71,902.63,825.146568320932,256757,0.0,1.0
2023-07-31,885.08,900.0,885.08,899.72,822.486368112858,185009,0.0,1.0
2023-07-28,899.99,900.0,878.29,885.13,809.148800746604,235297,0.0,1.0
2023-07-27,895.24,896.68,885.8,892.62,815.995845268416,176297,0.0,1.0
2023-07-26,892.67,899.07,886.91,891.98,815.41078405427,204277,0.0,1.0
2023-07-25,871.13,893.76,867.4309,893.74,817.019702393174,244938,0.0,1.0
2023-07-24,887.01,890.195,879.8,882.04,806.324052072051,168484,0.0,1.0
2023-07-21,893.74,894.5,886.14,887.93,811.708443558496,154153,0.0,1.0
2023-07-20,889.95,890.9,885.44,890.34,813.911564693018,253330,0.0,1.0
2023-07-19,890.02,899.97,881.43,886.35,810.264073686071,225249,0.0,1.0
2023-07-18,886.24,897.78,886.24,896.8,819.817026323313,239366,0.0,1.0
2023-07-17,888.75,894.0,886.02,886.25,810.172657871361,208169,0.0,1.0
2023-07-14,893.63,893.65,880.415,888.75,812.458053239122,194033,0.0,1.0
2023-07-13,886.62,895.25,886.62,893.7,816.983136067289,162248,0.0,1.0
2023-07-12,895.6,897.275,884.63,888.03,811.799859373207,297389,0.0,1.0
2023-07-11,880.33,893.64,878.58,892.72,816.087261083127,309431,0.0,1.0
2023-07-10,880.09,889.4236,880.02,881.49,805.821265091143,257855,0.0,1.0
2023-07-07,878.59,888.2,875.95,883.08,807.27477654504,204876,0.0,1.0
2023-07-06,882.53,890.09,877.0,878.84,803.398746001317,261643,0.0,1.0
2023-07-05,889.11,893.12,882.76,886.58,810.474330059905,229242,0.0,1.0
2023-07-03,888.93,896.82,884.01,896.45,819.497070971827,90523,0.0,1.0
2023-06-30,894.9,899.56,883.5,894.17,817.412790396428,221123,0.0,1.0
2023-06-29,874.62,887.1,874.62,886.12,810.053817312237,178608,0.0,1.0
2023-06-28,875.42,883.71,869.12,875.42,800.272325138219,228704,0.0,1.0
2023-06-27,856.35,873.88,855.66,873.74,798.736539451084,199571,0.0,1.0
2023-06-26,849.27,857.145,846.52,855.34,781.916029544361,216531,0.0,1.0
2023-06-23,843.73,853.8321,843.44,850.26,777.27210615707,419485,0.0,1.0
2023-06-22,843.19,858.67,843.19,850.59,777.573778345615,304280,0.0,1.0
2023-06-21,820.62,848.1,819.66,847.97,775.178684000201,303812,0.0,1.0
2023-06-20,814.21,822.73,813.39,821.56,751.035767335171,373016,0.0,1.0
2023-06-16,826.8,830.0,814.395,815.89,745.852490641088,403175,0.0,1.0
2023-06-15,805.7,826.04,805.1987,824.66,753.869657591195,239755,0.0,1.0
2023-06-14,805.38,812.75,803.205,810.86,741.254275161153,216471,0.0,1.0
2023-06-13,808.87,812.5999,799.63,802.97,734.041567380498,197417,0.0,1.0
2023-06-12,802.3,807.52,794.97,806.4,737.177129825067,178123,0.0,1.0
2023-06-09,808.37,809.77,794.72,800.01,731.335659265069,167251,0.0,1.0
2023-06-08,800.0,808.5,800.0,807.0,737.725624713329,139067,0.0,1.0
2023-06-07,799.5,808.5469,796.055,805.76,736.59206861092,217992,0.0,1.0
2023-06-06,790.47,797.65,788.39,795.42,727.139673369859,241260,0.0,1.0
2023-06-05,796.9,796.9,782.45,788.15,720.49374364041,191000,0.0,1.0
2023-06-02,783.77,802.08,779.34,793.82,725.677020334492,284130,0.0,1.0
2023-06-01,775.63,782.89,775.375,778.15,711.352162169365,239808,0.0,1.0
2023-05-31,777.9,779.795,768.23,773.65,707.238450507394,487696,0.0,1.0
2023-05-30,790.0,793.895,778.47,780.46,713.463867489176,202625,0.0,1.0
2023-05-26,787.5,799.05,787.5,792.49,724.461189998843,206168,0.0,1.0
2023-05-25,785.93,791.56,779.1727,786.71,719.177355908579,341297,0.0,1.0
2023-05-24,775.24,784.8,768.05,779.63,712.705116227079,328705,0.0,1.0
2023-05-23,800.2,802.61,782.33,783.22,715.986943975185,400011,0.0,1.0
2023-05-22,822.58,826.3,807.34,807.9,738.548367045723,247542,0.0,1.0
2023-05-19,831.58,831.58,820.06,822.51,751.90421757492,285883,0.0,1.0
2023-05-18,819.88,828.93,815.24,826.05,755.14033741567,228641,0.0,1.0
2023-05-17,815.15,826.275,812.49,819.92,749.536547973919,235076,0.0,1.0
2023-05-16,810.0,824.59,805.4,807.07,737.789615783627,313424,0.0,1.0
2023-05-15,799.95,808.82,796.36,808.14,738.767765001029,269002,0.0,1.0
2023-05-12,800.0,803.28,783.8,795.59,727.295080254867,184707,0.0,1.0
2023-05-11,804.53,809.87,791.78,796.88,728.474344264632,223011,0.0,1.0
2023-05-10,815.0,816.94,804.675,810.14,740.596081295238,445145,0.0,1.0
2023-05-09,780.0,815.85,766.0,808.41,739.014587700747,625917,0.0,1.0
2023-05-08,770.59,776.26,768.395,772.3,706.004337008803,367731,0.0,1.0
2023-05-05,766.12,770.24,762.09,767.19,701.332988877099,281741,0.0,1.0
2023-05-04,767.08,767.08,750.86,759.99,694.751050217947,354970,0.0,1.0
2023-05-03,772.72,779.45,766.29,769.22,703.188729915722,342599,0.0,1.0
2023-05-02,768.43,772.96,754.56,771.9,705.638673749962,287406,0.0,1.0
2023-05-01,765.0,778.12,764.385,769.19,703.161305171308,247660,0.0,1.0
2023-04-28,753.62,765.69,753.62,765.0,699.330982534941,165276,0.0,1.0
2023-04-27,751.32,759.66,745.65,759.14,693.974015792908,216402,0.0,1.0
2023-04-26,752.3,755.93,741.74,742.92,679.146370646873,291280,0.0,1.0
2023-04-25,760.94,762.545,751.62,754.0,689.275242916791,254737,0.0,1.0
2023-04-24,766.39,769.515,764.28,765.25,699.559522071717,232800,0.0,1.0
2023-04-21,767.95,767.95,759.4325,764.47,698.846478716975,240518,0.0,1.0
2023-04-20,756.89,765.76,754.02,763.0,697.502666240732,207841,0.0,1.0
2023-04-19,761.11,766.61,758.37,760.64,695.345253013565,200142,0.0,1.0
2023-04-18,757.43,763.3,757.16,762.43,696.981596096882,240895,0.0,1.0
2023-04-17,752.13,757.665,749.44,754.44,689.677472501517,133401,0.0,1.0
2023-04-14,748.06,755.945,748.06,751.83,687.291519737574,234942,0.0,1.0
2023-04-13,748.21,755.23,742.24,753.72,689.019278635602,251017,0.0,1.0
2023-04-12,744.84,749.85,740.055,745.43,681.440907596105,157274,0.0,1.0
2023-04-11,737.04,740.48,733.65,738.82,675.398322243745,182778,0.0,1.0
2023-04-10,720.24,735.0475,714.98,733.91,670.909805741462,180508,0.0,1.0
2023-04-06,721.54,726.86,719.56,724.32,662.14302911073,175877,0.0,1.0
2023-04-05,728.87,733.46,722.33,722.62,660.588960260652,222823,0.0,1.0
2023-04-04,744.34,744.46,732.92,735.64,672.491299335952,156428,0.0,1.0
2023-04-03,739.505,749.205,738.3675,745.76,681.74257978465,194691,0.0,1.0
2023-03-31,739.22,742.0,732.255,737.05,673.78026232337,290340,0.0,1.0
2023-03-30,736.04,738.06,731.34,734.87,671.787397562682,179210,0.0,1.0
2023-03-29,721.33,732.98,721.33,732.25,669.392303217268,233300,0.0,1.0
2023-03-28,711.69,720.365,711.69,719.79,658.001892704346,160258,0.0,1.0
2023-03-27,712.69,718.65,707.4,713.67,652.407244844067,212641,0.0,1.0
2023-03-24,692.03,707.48,689.655,703.89,643.466778165385,304595,0.0,1.0
2023-03-23,708.07,714.43,698.41,701.25,641.053400657029,202912,0.0,1.0
2023-03-22,717.3,722.02,704.62,704.88,644.371794731018,208234,0.0,1.0
2023-03-21,715.09,723.745,710.9939,716.46,654.957746074488,315956,0.0,1.0
2023-03-20,697.48,701.73,692.82,699.97,639.883278228735,387473,0.0,1.0
2023-03-17,705.76,705.76,687.585,690.9,631.591863834497,571049,0.0,1.0
2023-03-16,689.81,714.03,686.85,712.24,651.099998693707,332223,0.0,1.0
2023-03-15,711.14,712.95,686.46,697.13,637.287069090958,445236,0.0,1.0
2023-03-14,717.11,737.565,717.11,728.2,665.689962721495,393122,0.0,1.0
2023-03-13,703.35,711.16,696.56,702.66,642.342363644446,480371,0.0,1.0
2023-03-10,740.99,740.99,711.135,717.12,655.561090451577,459462,0.0,1.0
2023-03-09,769.13,769.13,740.66,741.55,677.89397398534,284229,0.0,1.0
2023-03-08,764.58,769.078,755.67,764.49,698.864761879917,201393,0.0,1.0
2023-03-07,769.33,772.01,761.925,762.8,697.319834611311,215392,0.0,1.0
2023-03-06,766.24,771.34,765.45,770.15,704.038896992529,212788,0.0,1.0
2023-03-03,760.42,768.54,757.55,767.22,701.360413621513,239811,0.0,1.0
2023-03-02,748.99,759.86,745.32,759.06,693.90088314114,174910,0.0,1.0
2023-03-01,743.07,756.7037,743.07,750.94,686.477918986651,196865,0.0,1.0
2023-02-28,748.6,755.14,743.22,743.87,680.014820886622,376588,0.0,1.0
2023-02-27,745.74,748.73,741.35,747.4,683.241799145901,429541,0.0,1.0
2023-02-24,736.46,742.25,729.44,741.85,678.168221429471,181344,0.0,1.0
2023-02-23,741.69,747.1,736.0,746.3,682.236225184086,314494,0.0,1.0
2023-02-22,739.86,746.18,736.82,740.99,677.382045422962,212241,0.0,1.0
2023-02-21,741.04,741.84,734.63,737.2,673.917386045436,268808,0.0,1.0
2023-02-17,743.35,745.74,734.07,743.97,680.106236701333,316313,0.0,1.0
2023-02-16,740.0,756.16,738.91,748.67,684.402779992724,497962,0.0,1.0
2023-02-15,749.32,768.63,749.32,768.16,702.219722279791,428095,0.0,1.0
2023-02-14,737.14,758.31,737.14,755.68,690.811028603927,339884,0.0,1.0
2023-02-13,731.0,741.6,726.895,740.51,676.943249512351,723456,0.0,1.0
2023-02-10,745.15,751.0,729.78,730.47,667.765101715422,719136,0.0,1.0
2023-02-09,757.61,766.71,746.37,746.98,682.857852724117,636466,0.0,1.0
2023-02-08,746.19,758.43,742.5575,754.3,689.549490360922,460203,0.0,1.0
2023-02-07,738.0,744.0,717.615,742.5,678.762424225089,576991,0.0,1.0
2023-02-06,710.55,720.63,705.62,720.35,658.513821266725,414334,0.0,1.0
2023-02-03,704.25,713.86,704.25,713.5,652.251837959059,261078,0.0,1.0
2023-02-02,730.0,733.47,707.0,711.84,650.734335434865,496042,0.0,1.0
2023-02-01,713.45,729.49,713.43,728.15,665.64425481414,290606,0.0,1.0
2023-01-31,706.59,718.18,704.21,717.75,656.137010084253,286124,0.0,1.0
2023-01-30,708.82,712.34,702.5,707.25,646.538349539656,300557,0.0,1.0
2023-01-27,706.04,717.0,704.535,710.69,649.683053565695,363298,0.0,1.0
2023-01-26,703.5,710.21,695.53,710.14,649.180266584788,343108,0.0,1.0
2023-01-25,686.44,701.23,683.91,700.5,640.3677820467,275833,0.0,1.0
2023-01-24,678.53,696.42,677.56,694.25,634.654293627297,304264,0.0,1.0
2023-01-23,673.03,686.7375,671.925,685.0,626.198330766581,433213,0.0,1.0
2023-01-20,664.75,673.33,661.08,672.65,614.90847764984,427915,0.0,1.0
2023-01-19,666.92,671.17,659.59,660.24,603.563775044273,292338,0.0,1.0
2023-01-18,685.35,689.55,671.48,672.11,614.414832250404,329170,0.0,1.0
2023-01-17,685.0,691.0,678.72,680.35,621.947495382545,384569,0.0,1.0
2023-01-13,676.96,685.705,673.105,683.88,625.174473641824,347317,0.0,1.0
2023-01-12,674.96,682.495,669.86,680.2,621.810371660479,432458,0.0,1.0
2023-01-11,660.0,673.94,659.91,673.83,615.987184263424,535072,0.0,1.0
2023-01-10,647.25,658.81,645.06,658.8,602.247387312443,268693,0.0,1.0
2023-01-09,653.63,658.13,648.33,650.82,594.952405298549,248619,0.0,1.0
2023-01-06,640.0,652.51,638.78,649.03,593.316062215232,282041,0.0,1.0
2023-01-05,629.61,637.22,627.39,636.46,581.825094306128,272550,0.0,1.0
2023-01-04,627.15,638.42,627.15,633.56,579.174035679525,275741,0.0,1.0
2023-01-03,633.04,633.93,623.575,625.77,572.052743713581,216144,0.0,1.0
2022-12-30,622.57,629.85,622.51,629.65,575.599677324347,164607,0.0,1.0
2022-12-29,625.88,632.75,625.27,628.4,574.456979640466,190693,0.0,1.0
2022-12-28,624.86,629.25,618.824,621.7,568.332120054866,245671,0.0,1.0
2022-12-27,624.02,630.825,620.4,626.45,572.674371253612,184159,0.0,1.0
2022-12-23,619.07,623.47,615.565,620.32,567.070581811862,153520,0.0,1.0
2022-12-22,620.69,621.955,604.84,619.05,565.909600965039,296177,0.0,1.0
2022-12-21,614.85,627.66,614.85,627.64,573.762219448667,241794,0.0,1.0
2022-12-20,602.72,611.18,602.35,610.16,557.78273503728,266054,0.0,1.0
2022-12-19,605.08,611.5,599.515,602.05,550.368912464263,217248,0.0,1.0
2022-12-16,604.89,614.855,599.42,605.73,553.733014445607,424342,0.0,1.0
2022-12-15,621.18,621.18,608.28,612.15,559.601909750018,264329,0.0,1.0
2022-12-14,624.81,635.665,623.26,628.01,574.100457963095,447047,0.0,1.0
2022-12-13,635.0,636.815,623.05,626.59,572.802353394207,434347,0.0,1.0
2022-12-12,612.06,618.08,609.17,618.02,564.968018073522,261547,0.0,1.0
2022-12-09,611.79,618.68,609.7,609.7,557.362222289612,181698,0.0,1.0
2022-12-08,618.25,631.44,611.58,614.47,561.722756651301,328249,0.0,1.0
2022-12-07,607.61,614.98,604.44,609.69,557.353080708141,305720,0.0,1.0
2022-12-06,618.98,618.98,601.91,607.45,555.305366458627,166472,0.0,1.0
2022-12-05,615.49,622.015,611.92,616.85,563.898453041409,216441,0.0,1.0
2022-12-02,609.02,626.49,607.63,621.82,568.441819032519,475194,0.0,1.0
2022-12-01,630.22,637.995,626.89,634.64,580.161326478398,244212,0.0,1.0
2022-11-30,610.15,629.23,602.04,628.5,574.548395455177,464663,0.0,1.0
2022-11-29,606.09,612.79,604.93,609.88,557.526770756091,214445,0.0,1.0
2022-11-28,619.23,620.94,602.73,606.09,554.062111378565,312687,0.0,1.0
2022-11-25,639.61,639.61,632.27,636.54,581.898226957897,74255,0.0,1.0
2022-11-23,629.8,643.2,625.51,639.04,584.183622325658,216099,0.0,1.0
2022-11-22,619.62,631.98,616.92,629.36,575.334571461687,274015,0.0,1.0
2022-11-21,615.42,621.75,614.52,616.39,563.477940293741,194517,0.0,1.0
2022-11-18,610.62,621.545,609.12,620.61,567.335687674522,223879,0.0,1.0
2022-11-17,602.57,612.485,598.0,602.08,550.396337208676,186130,0.0,1.0
2022-11-16,617.0,617.69,606.92,612.57,559.985856171802,299256,0.0,1.0
2022-11-15,627.81,628.69,611.88,618.01,564.95887649205,401838,0.0,1.0
2022-11-14,621.51,626.23,615.24,616.14,563.249400756965,270417,0.0,1.0
2022-11-11,646.52,646.52,623.0,626.25,572.491539624192,325179,0.0,1.0
2022-11-10,619.99,648.4,610.105,640.02,585.07949730982,666665,0.0,1.0
2022-11-09,593.04,594.49,581.78,582.8,532.771368132501,390428,0.0,1.0
2022-11-08,588.68,598.3263,583.19,594.08,543.08307203184,241340,0.0,1.0
2022-11-07,585.54,586.823,574.44,584.88,534.672817078478,275655,0.0,1.0
2022-11-04,574.02,584.355,563.98,579.61,529.855203643238,344321,0.0,1.0
2022-11-03,549.83,568.09,545.29,563.1,514.762452634543,266368,0.0,1.0
2022-11-02,569.52,578.26,556.75,557.71,509.835140221649,225481,0.0,1.0
2022-11-01,582.0,586.39,574.785,575.52,526.11629682158,163686,0.0,1.0
2022-10-31,578.62,581.7,572.79,575.76,526.335694776885,194887,0.0,1.0
2022-10-28,567.24,583.34,560.56,581.55,531.62867044862,223464,0.0,1.0
2022-10-27,557.56,571.385,557.56,564.35,515.905150318423,221778,0.0,1.0
2022-10-26,559.21,571.76,552.25,554.82,507.193223176517,220076,0.0,1.0
2022-10-25,538.9,555.75,538.9,555.04,507.39433796888,268727,0.0,1.0
2022-10-24,542.85,547.0,536.34,542.58,496.003927455958,188273,0.0,1.0
2022-10-21,528.8,539.56,521.43,537.88,491.707384164567,293626,0.0,1.0
2022-10-20,539.37,543.28,528.2632,531.02,485.43625927543,198151,0.0,1.0
2022-10-19,536.2,546.25,530.625,541.5,495.016636657085,293637,0.0,1.0
2022-10-18,541.09,547.45,536.34,540.21,493.837372647321,331196,0.0,1.0
2022-10-17,525.0,532.7,524.3,525.61,480.490663699595,252080,0.0,1.0
2022-10-14,526.83,529.67,510.005,514.28,470.133251892901,236666,0.0,1.0
2022-10-13,499.63,525.1069,499.63,521.71,476.925446925887,317584,0.0,1.0
2022-10-12,526.14,526.14,509.23,509.83,466.065248138286,399317,0.0,1.0
2022-10-11,533.77,533.77,517.82,522.59,477.729906095339,312546,0.0,1.0
2022-10-10,539.59,543.54,528.505,531.52,485.893338348982,212406,0.0,1.0
2022-10-07,540.09,540.63,528.16,533.48,487.685088317307,215640,0.0,1.0
2022-10-06,545.06,554.78,545.06,547.0,500.04450646616,187565,0.0,1.0
2022-10-05,553.19,557.71,547.91,551.75,504.386757664906,253738,0.0,1.0
2022-10-04,556.02,566.15,554.65,563.52,515.146399056326,268244,0.0,1.0
2022-10-03,533.68,545.89,523.1,542.35,495.793671082124,220219,0.0,1.0
2022-09-30,526.79,536.17,523.78,524.82,479.768478763382,339990,0.0,1.0
2022-09-29,532.34,535.99,523.21,530.4,484.869481224225,223469,0.0,1.0
2022-09-28,536.98,544.215,528.45,540.24,493.864797391734,318007,0.0,1.0
2022-09-27,540.64,546.2,530.365,531.83,486.176727374585,355370,0.0,1.0
2022-09-26,537.09,548.98,530.54,531.44,485.820205697214,268329,0.0,1.0
2022-09-23,545.96,545.96,531.99,540.51,494.111620091452,259830,0.0,1.0
2022-09-22,567.06,567.06,550.09,554.7,507.083524198865,253758,0.0,1.0
2022-09-21,592.57,595.0,566.85,567.06,518.382518897076,302953,0.0,1.0
2022-09-20,590.46,590.46,576.41,584.71,534.517410193471,268170,0.0,1.0
2022-09-19,579.59,593.375,579.59,592.04,541.218189411747,264839,0.0,1.0
2022-09-16,582.03,582.6,573.01,581.93,531.97605054452,407775,0.0,1.0
2022-09-15,597.34,600.265,584.82,587.1,536.70224816505,192664,0.0,1.0
2022-09-14,595.39,600.49,585.25,600.14,548.622870403293,207674,0.0,1.0
2022-09-13,611.63,613.57,591.19,593.73,542.763116680353,197489,0.0,1.0
2022-09-12,622.85,629.91,614.57,628.37,574.429554896053,311149,0.0,1.0
2022-09-09,617.6,621.53,612.55,619.92,566.70491855302,221326,0.0,1.0
2022-09-08,610.9,616.9,606.19,615.58,562.737472194587,169134,0.0,1.0
2022-09-07,600.93,616.85,597.225,614.87,562.088419910142,212803,0.0,1.0
2022-09-06,602.34,605.75,595.89,601.39,549.765568087174,190784,0.0,1.0
2022-09-02,608.81,613.63,598.6,601.2,549.591878039224,196067,0.0,1.0
2022-09-01,594.84,605.69,589.03,605.43,553.458767001476,249228,0.0,1.0
2022-08-31,610.0,612.05,598.77,600.39,548.851409940069,287681,0.0,1.0
2022-08-30,625.57,626.73,600.84,606.98,554.875712129488,344292,0.0,1.0
2022-08-29,623.17,630.54,620.31,622.8,569.337694016681,156518,0.0,1.0
2022-08-26,657.74,657.74,630.92,631.02,576.85207398588,179354,0.0,1.0
2022-08-25,646.09,654.72,643.52,654.13,597.978268765465,148591,0.0,1.0
2022-08-24,640.77,646.23,640.77,643.04,587.840254914076,173370,0.0,1.0
2022-08-23,633.42,640.89,632.44,638.77,583.93679962594,302271,0.0,1.0
2022-08-22,635.72,639.3698,630.09,631.5,577.29086989649,512755,0.0,1.0
2022-08-19,649.62,653.89,637.18,646.0,590.546163029505,323439,0.0,1.0
2022-08-18,653.21,660.04,647.94,655.5,599.230665426998,246735,18.5,1.0
2022-08-17,667.28,673.94,665.81,668.83,594.63419281534,272452,0.0,1.0
2022-08-16,675.28,680.0,674.3887,677.36,602.217928091441,216230,0.0,1.0
2022-08-15,671.59,679.53,670.0,677.01,601.906754897228,191599,0.0,1.0
2022-08-12,661.5,677.69,661.13,676.6,601.542237726865,380407,0.0,1.0
2022-08-11,673.73,675.71,657.23,661.5,588.117337062254,296688,0.0,1.0
2022-08-10,657.66,673.745,654.25,666.06,592.171479249713,406783,0.0,1.0
2022-08-09,647.22,652.2,633.49,644.04,572.59424000238,274066,0.0,1.0
2022-08-08,642.99,647.71,639.39,641.18,570.051510472526,241553,0.0,1.0
2022-08-05,629.91,638.89,629.86,638.3,567.490999617289,198794,0.0,1.0
2022-08-04,631.9,637.63,628.9,635.91,565.36613123395,139049,0.0,1.0
2022-08-03,629.09,636.22,625.875,633.45,563.179028211768,186357,0.0,1.0
2022-08-02,630.0,635.65,625.135,626.21,556.742188422909,245353,0.0,1.0
2022-08-01,625.0,631.45,614.89,630.0,560.111749583099,330284,0.0,1.0
2022-07-29,608.54,624.85,608.54,622.34,553.301501961184,207220,0.0,1.0
2022-07-28,607.89,611.0,596.09,610.27,542.570472092187,317202,0.0,1.0
2022-07-27,593.26,603.94,588.0,599.67,533.146369638884,339302,0.0,1.0
2022-07-26,586.21,590.43,581.22,586.25,521.215100306495,245346,0.0,1.0
2022-07-25,581.12,589.475,580.7,586.12,521.099521691502,150697,0.0,1.0
2022-07-22,593.39,598.12,578.59,581.12,516.654190345604,186265,0.0,1.0
2022-07-21,583.64,593.22,580.0,590.92,525.367039783563,313075,0.0,1.0
2022-07-20,575.65,585.875,568.91,585.1,520.192674096939,265355,0.0,1.0
2022-07-19,544.41,575.53,544.41,574.01,510.332929171738,398474,0.0,1.0
2022-07-18,548.13,555.6,538.04,541.7,481.607198014547,313467,0.0,1.0
2022-07-15,545.88,547.55,536.72,538.16,478.459903421652,199540,0.0,1.0
2022-07-14,531.49,539.275,527.54,534.61,475.303718166064,255918,0.0,1.0
2022-07-13,529.89,550.09,529.89,541.97,481.847245907226,280353,0.0,1.0
2022-07-12,530.62,549.255,530.62,541.73,481.633870002623,327942,0.0,1.0
2022-07-11,530.0,535.92,529.53,530.8,471.91637568049,147741,0.0,1.0
2022-07-08,536.24,539.11,530.63,536.66,477.126304017882,124438,0.0,1.0
2022-07-07,533.98,541.53,532.72,534.57,475.268155515297,195228,0.0,1.0
2022-07-06,533.72,537.0,522.855,529.16,470.458306999036,199818,0.0,1.0
2022-07-05,529.22,531.1,514.8097,527.27,468.777971750287,374106,0.0,1.0
2022-07-01,534.31,542.62,530.54,541.69,481.598307351856,226199,0.0,1.0
2022-06-30,519.98,539.72,515.05,536.67,477.135194680574,341566,0.0,1.0
2022-06-29,534.73,537.94,519.46,525.58,467.275449755373,314094,0.0,1.0
2022-06-28,538.65,551.675,532.06,532.6,473.516694965014,301277,0.0,1.0
2022-06-27,541.0,542.67,529.19,533.8,474.583574488029,284845,0.0,1.0
2022-06-24,525.0,539.165,525.0,538.75,478.984452520468,478327,0.0,1.0
2022-06-23,527.45,527.45,513.46,518.83,461.274252438412,251282,0.0,1.0
2022-06-22,513.84,535.165,513.84,525.57,467.266559092682,373464,0.0,1.0
2022-06-21,525.35,528.705,517.33,523.66,465.568442518549,363308,0.0,1.0
2022-06-17,500.48,523.92,500.08,516.02,458.775976222017,770414,0.0,1.0
2022-06-16,536.24,540.56,510.99,513.69,456.704451814829,441993,0.0,1.0
2022-06-15,536.2,554.13,532.765,547.79,487.021611593851,381212,0.0,1.0
2022-06-14,549.98,549.98,522.13,527.65,469.115816932575,537476,0.0,1.0
2022-06-13,565.0,565.0,542.07,545.52,485.003431162813,376012,0.0,1.0
2022-06-10,593.88,598.63,580.04,581.13,516.663081008296,296705,0.0,1.0
2022-06-09,614.77,614.77,605.7,607.9,540.463385034232,208459,0.0,1.0
2022-06-08,627.04,627.815,614.86,616.72,548.304949528395,258113,0.0,1.0
2022-06-07,618.64,633.34,618.25,632.91,562.698932426411,211386,0.0,1.0
2022-06-06,625.29,628.44,615.3,624.39,555.124087813002,225935,0.0,1.0
2022-06-03,609.65,617.972,605.39,616.35,547.975995008799,160397,0.0,1.0
2022-06-02,602.2,616.82,598.51,616.28,547.913760369956,259711,0.0,1.0
2022-06-01,607.64,608.24,588.11,600.09,533.51977747194,266691,0.0,1.0
2022-05-31,603.41,608.0,594.59,605.37,538.214047373207,547406,0.0,1.0
2022-05-27,602.56,614.15,601.43,612.27,544.348604630546,357167,0.0,1.0
2022-05-26,597.5,607.17,594.0,599.75,533.217494940419,444536,0.0,1.0
2022-05-25,578.74,593.83,573.88,593.0,527.216297623457,599997,0.0,1.0
2022-05-24,573.38,582.16,561.5,579.59,515.293918953759,641915,0.0,1.0
2022-05-23,555.74,567.725,552.38,565.16,502.464692689499,421660,0.0,1.0
2022-05-20,548.3,552.53,538.2,550.24,489.19982395334,529345,0.0,1.0
2022-05-19,531.26,550.97,531.23,541.14,481.109320903807,452693,0.0,1.0
2022-05-18,547.07,553.63,533.74,536.51,476.992944077506,549190,0.0,1.0
2022-05-17,557.06,566.71,549.2,556.86,495.085442655309,286778,0.0,1.0
2022-05-16,558.88,565.34,545.78,546.23,485.634668213931,333977,0.0,1.0
2022-05-13,555.31,570.2,555.31,563.81,501.264453226106,263112,0.0,1.0
2022-05-12,569.08,570.54,537.55,549.93,488.924213409895,492889,0.0,1.0
2022-05-11,563.54,589.92,563.54,570.77,507.452354459596,422492,0.0,1.0
2022-05-10,564.0,582.28,550.945,566.24,503.424884260213,630098,0.0,1.0
2022-05-09,575.8,577.17,540.28,545.69,485.154572428574,700448,0.0,1.0
2022-05-06,595.77,598.88,576.515,584.12,519.321389153143,337921,0.0,1.0
2022-05-05,616.76,617.46,591.54,597.64,531.34156511245,312547,0.0,1.0
2022-05-04,602.79,624.185,596.58,621.73,552.759171536984,280757,0.0,1.0
2022-05-03,607.75,613.04,597.29,604.22,537.191621163651,340679,0.0,1.0
2022-05-02,594.99,607.41,586.15,602.88,536.00027236295,423866,0.0,1.0
2022-04-29,614.55,617.8,593.605,594.81,528.825507570672,281192,0.0,1.0
2022-04-28,620.55,624.24,609.0248,618.83,550.180879356364,206316,0.0,1.0
2022-04-27,611.4,619.8,603.4503,615.26,547.006912775393,258726,0.0,1.0
2022-04-26,619.79,627.0,613.79,613.79,545.699985359699,209537,0.0,1.0
2022-04-25,618.29,627.02,613.52,626.64,557.124486918656,304978,0.0,1.0
2022-04-22,632.0,641.45,623.4,624.01,554.786242630714,283737,0.0,1.0
2022-04-21,658.26,658.26,632.05,634.16,563.810265262886,237822,0.0,1.0
2022-04-20,646.96,649.88,642.22,643.34,571.971893613954,131559,0.0,1.0
2022-04-19,633.19,647.15,633.19,643.74,572.327520121626,160230,0.0,1.0
2022-04-18,639.12,639.12,625.52,633.19,562.947870981782,445599,0.0,1.0
2022-04-14,640.23,648.255,637.049,638.48,567.651031545741,325164,0.0,1.0
2022-04-13,639.74,643.28,633.37,636.17,565.597288463937,226624,0.0,1.0
2022-04-12,635.99,648.05,633.25,636.51,565.899570995458,222788,0.0,1.0
2022-04-11,638.25,647.32,633.36,633.53,563.250153513303,178066,0.0,1.0
2022-04-08,653.08,655.69,640.32,640.82,569.731446615622,160131,0.0,1.0
2022-04-07,645.98,654.94,639.39,651.39,579.128877080849,217350,0.0,1.0
2022-04-06,645.32,651.295,640.585,647.99,576.106051765639,307899,0.0,1.0
2022-04-05,668.16,678.08,650.07,651.43,579.164439731616,302264,0.0,1.0
2022-04-04,668.52,670.32,660.67,669.39,595.13206992608,243693,0.0,1.0
2022-04-01,656.3,667.32,648.735,667.04,593.042764193509,489453,0.0,1.0
2022-03-31,670.59,673.98,651.15,651.54,579.262237021226,623638,0.0,1.0
2022-03-30,683.0,684.72,667.97,672.31,597.728143432085,345827,0.0,1.0
2022-03-29,677.35,684.71,669.26,684.29,608.379157336855,275952,0.0,1.0
2022-03-28,674.24,676.58,659.92,668.62,594.447488898812,219124,0.0,1.0
2022-03-25,677.43,684.62,671.96,675.53,600.590936818843,192359,0.0,1.0
2022-03-24,663.49,676.12,662.365,675.7,600.742078084603,231235,0.0,1.0
2022-03-23,665.64,674.17,659.67,660.84,587.530553324596,167352,0.0,1.0
2022-03-22,658.31,674.47,656.08,671.68,597.168031682502,303582,0.0,1.0
2022-03-21,653.3,658.66,647.1001,655.29,582.596235530649,257793,0.0,1.0
2022-03-18,671.96,671.96,656.47,661.36,587.992867784569,612012,0.0,1.0
2022-03-17,650.0,663.49,650.0,663.02,589.468717791407,287168,0.0,1.0
2022-03-16,651.63,668.145,640.14,656.0,583.227472581767,358823,0.0,1.0
2022-03-15,628.55,648.73,624.37,646.03,574.363481878047,340953,0.0,1.0
2022-03-14,625.33,632.43,613.87,618.43,549.825252848692,510129,0.0,1.0
2022-03-11,638.54,646.92,623.27,623.99,554.76846130533,292551,0.0,1.0
2022-03-10,620.33,647.47,620.33,633.68,563.38351345368,315205,0.0,1.0
2022-03-09,615.27,639.015,611.61,633.93,563.605780020975,406553,0.0,1.0
2022-03-08,593.45,609.47,586.83,596.83,530.621421434414,586628,0.0,1.0
2022-03-07,637.14,637.14,591.95,591.97,526.300559366202,634780,0.0,1.0
2022-03-04,649.05,649.05,624.54,633.06,562.832292366788,510776,0.0,1.0
2022-03-03,678.03,678.03,652.97,654.49,581.884982515306,354259,0.0,1.0
2022-03-02,659.56,681.42,656.515,675.51,600.573155493459,493587,0.0,1.0
2022-03-01,663.78,667.41,650.92,654.83,582.187265046827,529694,0.0,1.0
2022-02-28,657.97,674.49,654.14,666.59,592.642684372378,363650,0.0,1.0
2022-02-25,653.9,667.59,650.19,662.45,588.961950017975,356146,0.0,1.0
2022-02-24,609.93,649.765,608.835,649.18,577.164040625962,423820,0.0,1.0
2022-02-23,654.31,658.95,625.08,627.12,557.551238727862,322518,0.0,1.0
2022-02-22,650.01,654.5375,640.0,646.1,574.425716516889,265140,0.0,1.0
2022-02-18,658.59,661.27,648.375,648.96,576.968446046743,232906,0.0,1.0
2022-02-17,664.06,664.06,652.69,657.8,584.82779186629,240592,0.0,1.0
2022-02-16,657.66,670.63,652.63,667.97,593.869595823846,245148,0.0,1.0
2022-02-15,639.16,656.43,636.08,656.21,583.414176498294,312902,0.0,1.0
2022-02-14,642.69,646.75,626.86,630.74,560.769658622292,247020,0.0,1.0
2022-02-11,651.09,655.02,633.14,638.33,567.517671605365,336336,0.0,1.0
2022-02-10,645.4,661.74,643.98,649.24,577.217384602113,301279,0.0,1.0
2022-02-09,650.0,665.66,648.57,650.25,578.115341533984,359296,0.0,1.0
2022-02-08,609.2,649.17,609.2,645.82,574.176777961519,453852,0.0,1.0
2022-02-07,623.07,637.83,621.835,633.24,562.992324295241,402904,0.0,1.0
2022-02-04,613.7,626.49,610.22,619.63,550.892132371707,340273,0.0,1.0
2022-02-03,625.25,626.29,614.5,619.32,550.616521828262,193151,0.0,1.0
2022-02-02,620.4,629.81,612.26,628.07,558.395851683583,214064,0.0,1.0
2022-02-01,615.82,627.4,610.38,624.48,555.204103777228,231340,0.0,1.0
2022-01-31,599.0,616.87,599.0,616.19,547.83374440573,211329,0.0,1.0
2022-01-28,590.01,604.27,575.03,604.15,537.129386524808,346895,0.0,1.0
2022-01-27,621.12,625.76,590.11,593.88,527.998675940335,257162,0.0,1.0
2022-01-26,621.4,633.275,604.16,612.59,544.633105836684,220553,0.0,1.0
2022-01-25,609.07,621.09,596.345,614.6,546.420129037734,312217,0.0,1.0
2022-01-24,600.27,621.86,590.1,621.27,552.350201053162,313282,0.0,1.0
2022-01-21,629.01,630.27,609.63,616.62,548.216042901477,289161,0.0,1.0
2022-01-20,631.26,643.18,627.75,629.09,559.302699278146,237533,0.0,1.0
2022-01-19,633.01,643.41,626.71,630.25,560.334016150394,202533,0.0,1.0
2022-01-18,637.66,639.99,626.55,630.74,560.769658622292,382059,0.0,1.0
2022-01-14,644.43,647.13,633.715,645.38,573.78558880308,273031,0.0,1.0
2022-01-13,663.52,666.21,642.13,650.6,578.426514728197,377660,0.0,1.0
2022-01-12,656.15,662.69,654.93,658.59,585.530154218942,156287,0.0,1.0
2022-01-11,644.51,654.05,637.5,653.43,580.942572269975,159301,0.0,1.0
2022-01-10,652.76,655.495,633.16,644.0,572.558677351612,238847,0.0,1.0
2022-01-07,651.28,669.03,651.28,654.21,581.636043959935,313780,0.0,1.0
2022-01-06,653.5,659.07,644.41,644.76,573.234367716189,366300,0.0,1.0
2022-01-05,646.39,657.39,642.34,647.84,575.972691825262,421284,0.0,1.0
2022-01-04,650.0,651.05,636.46,644.03,572.585349339688,305784,0.0,1.0
2022-01-03,638.92,643.72,631.62,641.59,570.41602764289,305934,0.0,1.0
2021-12-31,633.11,640.475,631.01,636.28,565.695085753546,140869,0.0,1.0
2021-12-30,629.26,642.24,629.26,634.41,564.032531830181,168199,0.0,1.0
2021-12-29,625.72,631.97,625.44,630.51,560.565173380381,108760,0.0,1.0
2021-12-28,625.22,636.53,625.22,630.5,560.556282717689,110702,0.0,1.0
2021-12-27,627.2,630.78,623.17,627.5,557.88908391015,153210,0.0,1.0
2021-12-23,620.0,634.79,616.19,628.0,558.33361704474,201550,0.0,1.0
2021-12-22,605.36,616.23,603.665,614.7,546.509035664652,190832,0.0,1.0
2021-12-21,587.9,609.99,587.64,609.29,541.699187148391,259568,0.0,1.0
2021-12-20,571.65,584.165,571.05,581.06,516.600846369453,229576,0.0,1.0
2021-12-17,579.54,592.0,568.785,583.88,519.108013248539,363849,0.0,1.0
2021-12-16,592.24,593.52,576.59,576.64,512.67117345968,235080,0.0,1.0
2021-12-15,583.89,588.48,568.09,582.59,517.961117761298,309239,0.0,1.0
2021-12-14,589.73,597.3,581.47,583.74,518.983543970854,221632,0.0,1.0
2021-12-13,601.01,601.82,578.29,591.9,526.238324727359,350519,0.0,1.0
2021-12-10,610.25,610.25,600.36,605.31,538.160703397057,169614,0.0,1.0
2021-12-09,604.4,610.94,603.82,605.64,538.454095265886,152721,0.0,1.0
2021-12-08,606.03,616.43,605.43,612.57,544.6153245113,189552,0.0,1.0
2021-12-07,608.27,616.655,601.5,603.36,536.427024172157,386482,0.0,1.0
2021-12-06,594.51,610.57,587.89,601.62,534.880048863784,375438,0.0,1.0
2021-12-03,581.23,584.29,573.455,583.9,519.125794573923,303738,0.0,1.0
2021-12-02,560.35,582.94,558.405,581.99,517.42767799979,482397,0.0,1.0
2021-12-01,592.61,593.87,552.715,553.37,491.982601375872,648391,0.0,1.0
2021-11-30,577.91,587.345,568.32,578.05,513.924756899223,790723,0.0,1.0
2021-11-29,573.41,586.79,558.11,584.22,519.410295780061,1272891,0.0,1.0
2021-11-26,582.0,586.21,558.92,561.29,499.024006227774,1105657,0.0,1.0
2021-11-24,624.02,628.68,615.665,618.0,549.442954352945,484123,0.0,1.0
2021-11-23,642.12,642.93,619.69,625.25,555.888684804496,560449,0.0,1.0
2021-11-22,632.28,642.28,628.92,629.63,559.782795063503,294378,0.0,1.0
2021-11-19,658.45,658.45,626.28,631.84,561.747631518389,406248,0.0,1.0
2021-11-18,660.55,665.13,655.0,660.61,587.326068082684,269522,0.0,1.0
2021-11-17,647.11,662.145,639.22,658.93,585.832436750463,277536,0.0,1.0
2021-11-16,657.0,672.21,645.98,647.09,575.305892123377,301292,0.0,1.0
2021-11-15,648.45,656.59,641.75,653.74,581.218182813421,250140,0.0,1.0
2021-11-12,654.67,661.33,635.39,643.0,571.669611082433,355213,0.0,1.0
2021-11-11,676.61,676.61,656.18,656.21,583.414176498294,166734,0.0,1.0
2021-11-10,682.16,686.06,672.755,677.25,602.120130801832,308322,0.0,1.0
2021-11-09,675.49,685.22,670.6,685.0,609.010394387973,239435,0.0,1.0
2021-11-08,667.12,675.03,660.13,674.58,599.746323863122,356055,0.0,1.0
2021-11-05,639.39,665.98,634.95,665.14,591.353538282067,374720,0.0,1.0
2021-11-04,623.53,630.03,621.02,629.18,559.382715242372,213347,0.0,1.0
2021-11-03,626.47,628.735,618.29,623.0,553.888285698842,214722,0.0,1.0
2021-11-02,631.56,636.265,625.86,629.75,559.889483015804,200300,0.0,1.0
2021-11-01,624.09,631.93,623.935,630.54,560.591845368456,188368,0.0,1.0
2021-10-29,626.79,630.51,617.98,623.82,554.61732003957,256083,0.0,1.0
2021-10-28,627.96,631.79,624.49,628.39,558.68035288972,230731,0.0,1.0
2021-10-27,645.62,646.93,628.62,629.22,559.418277893139,203630,0.0,1.0
2021-10-26,637.57,647.92,635.705,642.94,571.616267106282,241818,0.0,1.0
2021-10-25,645.38,649.68,632.47,636.1,565.535053825094,199513,0.0,1.0
2021-10-22,654.41,655.91,644.73,648.23,576.319427670242,166013,0.0,1.0
2021-10-21,640.81,650.01,639.82,650.0,577.89307496669,182526,0.0,1.0
2021-10-20,640.52,648.355,638.33,643.35,571.980784276646,181335,0.0,1.0
2021-10-19,645.41,650.335,638.87,647.04,575.261438809918,217184,0.0,1.0
2021-10-18,633.63,640.215,628.82,639.99,568.993521612203,164723,0.0,1.0
2021-10-15,641.97,644.24,639.26,639.47,568.531207152229,257815,0.0,1.0
2021-10-14,639.94,639.94,631.3417,635.74,565.21498996819,273666,0.0,1.0
2021-10-13,630.69,633.82,622.09,631.99,561.880991458766,228747,0.0,1.0
2021-10-12,638.69,642.34,629.8,631.23,561.20530109419,181412,0.0,1.0
2021-10-11,643.58,648.44,636.55,637.14,566.459682745041,106236,0.0,1.0
2021-10-08,645.48,649.495,640.68,644.06,572.612021327763,144580,0.0,1.0
2021-10-07,656.09,658.2357,647.27,648.03,576.141614416406,167916,0.0,1.0
2021-10-06,636.75,651.63,631.12,650.59,578.417624065505,190809,0.0,1.0
2021-10-05,646.46,651.45,642.105,645.28,573.696682176162,180713,0.0,1.0
2021-10-04,653.61,653.61,636.57,644.01,572.567568014304,221789,0.0,1.0
2021-10-01,630.96,656.57,630.08,652.93,580.498039135386,438593,0.0,1.0
2021-09-30,636.42,636.42,623.78,624.57,555.284119741454,367978,0.0,1.0
2021-09-29,644.12,648.66,633.77,634.5,564.112547794407,200541,0.0,1.0
2021-09-28,649.44,649.54,631.19,638.29,567.482108954597,237734,0.0,1.0
2021-09-27,648.74,654.32,644.98,648.82,576.843976769058,349989,0.0,1.0
2021-09-24,634.88,645.16,630.81,644.42,572.932085184668,213956,0.0,1.0
2021-09-23,632.5,640.16,629.74,638.19,567.393202327679,281458,0.0,1.0
2021-09-22,618.8,633.57,618.33,629.09,559.302699278146,254532,0.0,1.0
2021-09-21,615.75,620.13,610.05,613.75,545.664422708932,197387,0.0,1.0
2021-09-20,602.58,616.35,599.35,614.86,546.651286267721,279293,0.0,1.0
2021-09-17,598.53,612.87,597.27,609.94,542.277080223358,762761,0.0,1.0
2021-09-16,612.12,613.77,603.83,604.6,537.529466345939,175630,0.0,1.0
2021-09-15,613.99,615.885,602.17,612.96,544.96206035628,301424,0.0,1.0
2021-09-14,613.38,615.08,601.8801,614.0,545.886689276227,282901,0.0,1.0
2021-09-13,606.86,614.3489,601.25,611.74,543.877399507881,214526,0.0,1.0
2021-09-10,600.3,608.16,595.295,599.56,533.048572349274,283601,0.0,1.0
2021-09-09,584.57,602.85,581.03,598.07,531.723863608197,330735,0.0,1.0
2021-09-08,591.95,595.45,583.86,585.02,520.121548795404,207977,0.0,1.0
2021-09-07,603.62,604.99,590.02,590.94,525.384821108947,374090,0.0,1.0
2021-09-03,607.58,608.7775,597.81,602.27,535.457941938751,220688,0.0,1.0
2021-09-02,610.1,615.72,608.39,609.78,542.134829620289,146496,0.0,1.0
2021-09-01,610.87,614.815,604.76,609.5,541.885891064919,250503,0.0,1.0
2021-08-31,602.01,610.79,600.21,607.47,540.081086538484,278371,0.0,1.0
2021-08-30,608.29,610.52,601.77,603.57,536.613728088684,163753,0.0,1.0
2021-08-27,594.36,612.0,594.36,608.75,541.219091363034,250596,0.0,1.0
2021-08-26,604.43,604.43,593.66,594.36,528.425427749541,142156,0.0,1.0
2021-08-25,608.88,610.3,602.22,604.03,537.022698572507,146697,0.0,1.0
2021-08-24,607.82,614.539,606.485,608.3,540.819011541903,192444,0.0,1.0
2021-08-23,599.03,605.98,597.63,603.07,536.169194954095,205488,0.0,1.0
2021-08-20,588.0,599.23,587.08,595.4,529.350056669488,187463,0.0,1.0
2021-08-19,597.0,602.52,587.11,589.47,524.077893693253,228218,0.0,1.0
2021-08-18,603.15,609.75,596.4144,603.16,536.249210918321,192115,0.0,1.0
2021-08-17,597.19,603.78,595.345,603.45,536.507040136383,145750,0.0,1.0
2021-08-16,601.97,607.37,597.59,603.84,536.853775981363,209848,0.0,1.0
2021-08-13,613.73,615.49,605.05,605.97,538.747487134715,159173,0.0,1.0
2021-08-12,625.04,627.86,604.59,614.37,546.215643795823,241411,0.0,1.0
2021-08-11,621.38,626.775,611.88,624.05,554.821805281481,434154,0.0,1.0
2021-08-10,631.66,636.85,620.25,621.0,552.110153160483,279701,0.0,1.0
2021-08-09,626.0,633.29,618.885,628.51,558.787040842022,259098,0.0,1.0
2021-08-06,630.31,636.32,627.4,629.11,559.320480603529,164921,0.0,1.0
2021-08-05,618.38,630.125,618.38,624.55,555.266338416071,163536,0.0,1.0
2021-08-04,624.31,628.5,615.54,616.11,547.762619104196,174745,0.0,1.0
2021-08-03,636.41,636.41,622.95,631.96,561.854319470691,207145,0.0,1.0
2021-08-02,648.85,650.73,634.68,635.3,564.823800809751,199625,0.0,1.0
2021-07-30,650.35,653.005,638.465,641.09,569.9714945083,173902,0.0,1.0
2021-07-29,653.86,659.16,648.54,654.89,582.240609022977,127728,0.0,1.0
2021-07-28,654.01,656.08,646.695,648.52,576.577256888304,148714,0.0,1.0
2021-07-27,646.95,650.98,643.685,648.51,576.568366225612,110568,0.0,1.0
2021-07-26,647.49,650.78,642.75,650.64,578.462077378964,132557,0.0,1.0
2021-07-23,654.99,654.99,645.56,647.64,575.794878571426,131118,0.0,1.0
2021-07-22,645.68,648.3,640.58,647.23,575.430361401062,102461,0.0,1.0
2021-07-21,643.46,651.275,636.21,648.85,576.870648757133,144827,0.0,1.0
2021-07-20,609.66,638.63,608.62,636.68,566.050712261218,296333,0.0,1.0
2021-07-19,618.34,618.34,593.815,607.66,540.250009129629,485419,0.0,1.0
2021-07-16,640.7,643.28,631.42,633.58,563.294606826762,197159,0.0,1.0
2021-07-15,639.25,645.885,634.3875,636.56,565.944024308917,168578,0.0,1.0
2021-07-14,650.64,655.13,644.87,645.94,574.283465913821,165615,0.0,1.0
2021-07-13,652.2,656.55,648.13,648.56,576.612819539071,215774,0.0,1.0
2021-07-12,654.74,658.13,649.84,653.66,581.147057511887,256403,0.0,1.0
2021-07-09,656.98,660.43,652.82,660.06,586.837081634636,154763,0.0,1.0
2021-07-08,644.47,652.93,637.9,647.21,575.412580075679,188192,0.0,1.0
2021-07-07,653.51,657.52,647.31,654.37,581.778294563004,176920,0.0,1.0
2021-07-06,660.0,660.0,647.46,656.43,583.609771077514,178704,0.0,1.0
2021-07-02,661.54,662.31,654.28,661.44,588.063993086103,129985,0.0,1.0
2021-07-01,649.32,659.52,649.27,658.98,585.876890063922,203447,0.0,1.0
2021-06-30,645.03,651.89,639.79,647.29,575.483705377213,301295,0.0,1.0
2021-06-29,659.52,660.0,643.755,644.23,572.763162593524,285203,0.0,1.0
2021-06-28,670.55,670.663,653.432,656.3,583.49419246252,264114,0.0,1.0
2021-06-25,680.64,680.995,669.32,673.22,598.537193737038,366657,0.0,1.0
2021-06-24,688.03,688.03,672.87,679.99,604.556172379383,253047,0.0,1.0
2021-06-23,680.0,684.0,677.96,682.63,606.903307330017,269865,0.0,1.0
2021-06-22,671.09,679.13,663.425,679.0,603.675996772896,290221,0.0,1.0
2021-06-21,660.63,672.75,658.62,670.93,596.501231980617,267696,0.0,1.0
2021-06-18,657.77,660.2,650.69,654.93,582.276171673745,354863,0.0,1.0
2021-06-17,665.95,669.02,655.16,667.51,593.460625340023,289636,0.0,1.0
2021-06-16,675.59,679.47,665.06,665.22,591.424663583602,295178,0.0,1.0
2021-06-15,669.56,676.64,666.1453,676.5,601.453331099947,290299,0.0,1.0
2021-06-14,660.27,669.08,660.27,668.91,594.705318116874,335404,0.0,1.0
2021-06-11,663.72,665.62,656.57,661.94,588.508526220693,210188,0.0,1.0
2021-06-10,668.39,668.39,657.25,660.0,586.783737658485,196312,0.0,1.0
2021-06-09,669.05,669.77,662.285,664.0,590.340002735203,260416,0.0,1.0
2021-06-08,663.42,672.44,663.42,669.0,594.7853340811,317849,0.0,1.0
2021-06-07,664.71,667.26,660.275,662.55,589.050856644893,673881,0.0,1.0
2021-06-04,664.19,669.2399,664.19,665.3,591.495788885136,467381,0.0,1.0
2021-06-03,653.7,662.0,650.58,660.75,587.450537360369,398264,0.0,1.0
2021-06-02,658.11,664.45,657.12,659.5,586.339204523895,395322,0.0,1.0
2021-06-01,653.68,665.71,653.49,659.97,586.757065670409,383039,0.0,1.0
2021-05-28,648.67,650.68,638.95,648.84,576.861758094441,291137,0.0,1.0
2021-05-27,634.99,650.42,629.74,649.5,577.4485418321,825646,0.0,1.0
2021-05-26,615.38,622.56,613.55,621.04,552.145715811251,285059,0.0,1.0
2021-05-25,615.975,618.54,611.165,612.72,544.748684451677,154685,0.0,1.0
2021-05-24,605.91,617.83,600.455,614.92,546.704630243872,250063,0.0,1.0
2021-05-21,608.0,609.57,600.125,601.0,534.328827776893,295404,0.0,1.0
2021-05-20,587.72,605.73,586.28,603.52,536.569274775225,272893,0.0,1.0
2021-05-19,581.24,588.295,576.53,587.63,522.442011757963,216482,0.0,1.0
2021-05-18,594.11,596.22,588.53,590.51,525.0025226132,224305,0.0,1.0
2021-05-17,594.49,598.93,588.27,596.45,530.283576252126,216978,0.0,1.0
2021-05-14,591.46,600.56,587.355,597.41,531.137079870538,156162,0.0,1.0
2021-05-13,583.02,595.425,581.35,586.57,521.499601512632,291971,0.0,1.0
2021-05-12,600.02,601.51,576.98,578.24,514.093679490367,385049,0.0,1.0
2021-05-11,599.72,607.6,582.14,600.06,533.493105483864,432747,0.0,1.0
2021-05-10,610.0,614.565,600.72,601.37,534.657782296489,352283,0.0,1.0
2021-05-07,597.0,609.97,597.0,607.99,540.543400998458,175961,0.0,1.0
2021-05-06,599.03,599.7,585.0,599.04,532.586257889301,317628,0.0,1.0
2021-05-05,598.69,603.69,591.28,595.5,529.438963296406,302600,0.0,1.0
2021-05-04,607.21,608.485,593.0,596.66,530.470280168654,236229,0.0,1.0
2021-05-03,617.22,622.565,607.12,607.85,540.418931720773,201151,0.0,1.0
2021-04-30,606.1,614.55,604.28,613.74,545.65553204624,335395,0.0,1.0
2021-04-29,611.38,614.67,604.2,610.0,542.330424199509,141406,0.0,1.0
2021-04-28,601.68,607.83,600.36,605.26,538.116250083598,156721,0.0,1.0
2021-04-27,604.92,612.04,601.81,602.46,535.626864529895,163253,0.0,1.0
2021-04-26,596.7,605.14,596.23,603.95,536.951573270973,186675,0.0,1.0
2021-04-23,593.52,598.0,585.48,595.33,529.287822030645,314892,0.0,1.0
2021-04-22,598.0,605.17,593.69,593.79,527.918659976109,152041,0.0,1.0
2021-04-21,595.0,598.58,591.79,596.19,530.052419022139,275206,0.0,1.0
2021-04-20,601.42,601.42,583.73,595.75,529.6612298637,322833,0.0,1.0
2021-04-19,612.65,615.31,601.74,606.0,538.774159122791,239777,0.0,1.0
2021-04-16,626.64,629.4,613.06,617.49,548.989530555663,391482,0.0,1.0
2021-04-15,629.85,629.85,619.11,623.79,554.590648051494,270059,0.0,1.0
2021-04-14,621.27,633.04,615.7615,628.92,559.151558012385,218109,0.0,1.0
2021-04-13,618.99,625.57,613.34,618.33,549.736346221774,259817,0.0,1.0
2021-04-12,613.45,623.65,611.0,623.64,554.457288111117,171107,0.0,1.0
2021-04-09,614.43,615.56,607.6,615.24,546.989131450009,139572,0.0,1.0
2021-04-08,603.44,616.89,600.69,616.1,547.753728441504,157840,0.0,1.0
2021-04-07,613.07,613.07,601.18,606.45,539.174238943921,148232,0.0,1.0
2021-04-06,597.89,619.05,597.89,614.38,546.224534458515,216732,0.0,1.0
2021-04-05,609.16,615.75,600.06,603.77,536.79154134252,280883,0.0,1.0
2021-04-01,590.36,605.3,588.375,603.71,536.738197366369,302347,0.0,1.0
2021-03-31,590.75,594.78,583.01,587.92,522.699840976025,406351,0.0,1.0
2021-03-30,580.51,587.05,576.67,584.63,519.774812950424,169852,0.0,1.0
2021-03-29,586.47,592.7,575.36,579.18,514.929401783396,220661,0.0,1.0
2021-03-26,590.63,590.63,575.475,586.44,521.384022897639,276416,0.0,1.0
2021-03-25,590.31,590.35,575.78,586.22,521.18842831842,292693,0.0,1.0
2021-03-24,585.95,602.595,585.95,592.82,527.056265695005,246541,0.0,1.0
2021-03-23,591.02,594.86,580.01,582.95,518.281181618203,206773,0.0,1.0
2021-03-22,601.53,602.1,590.755,597.36,531.092626557079,156707,0.0,1.0
2021-03-19,594.02,608.77,587.86,601.52,534.791142236866,311427,0.0,1.0
2021-03-18,608.13,613.66,595.81,597.61,531.314893124374,174390,0.0,1.0
2021-03-17,609.16,615.59,604.35,610.45,542.73050402064,182895,0.0,1.0
2021-03-16,616.63,616.63,602.47,606.78,539.467630812751,206604,0.0,1.0
2021-03-15,621.05,626.0,612.38,617.46,548.962858567588,226094,0.0,1.0
2021-03-12,600.01,620.02,600.01,619.89,551.123289601694,283565,0.0,1.0
2021-03-11,597.68,606.28,594.95,597.29,531.030391918237,234002,0.0,1.0
2021-03-10,591.44,603.9,585.2,599.37,532.87964975813,138999,0.0,1.0
2021-03-09,610.19,610.2,589.47,589.48,524.086784355945,325395,0.0,1.0
2021-03-08,602.29,611.83,596.58,606.3,539.040879003544,277525,0.0,1.0
2021-03-05,578.61,598.17,562.75,596.93,530.710328061332,424445,0.0,1.0
2021-03-04,587.23,592.7,564.46,572.27,508.785953863365,365515,0.0,1.0
2021-03-03,594.91,604.15,589.49,590.11,524.646896105528,208389,0.0,1.0
2021-03-02,596.39,600.9785,591.83,596.75,530.55029613288,193042,0.0,1.0
2021-03-01,588.06,604.45,588.06,596.87,530.656984085182,190736,0.0,1.0
2021-02-26,582.37,583.305,571.7,576.67,512.697845447755,213869,0.0,1.0
2021-02-25,605.86,605.86,573.96,576.65,512.680064122372,322458,0.0,1.0
2021-02-24,606.23,625.05,605.05,609.15,541.574717870706,325887,0.0,1.0
2021-02-23,592.46,606.67,581.97,604.3,537.262746465185,310148,0.0,1.0
2021-02-22,595.39,599.78,589.02,590.13,524.664677430912,260061,0.0,1.0
2021-02-19,579.36,600.71,578.765,600.5,533.884294642303,254978,0.0,1.0
2021-02-18,564.0,578.81,561.63,576.54,512.582266832762,215300,0.0,1.0
2021-02-17,569.38,574.56,563.83,570.37,507.096727951924,183510,0.0,1.0
2021-02-16,578.91,581.305,570.61,572.55,509.034892418735,230473,0.0,1.0
2021-02-12,571.43,585.27,568.88,576.49,512.537813519303,256922,0.0,1.0
2021-02-11,578.06,586.32,572.91,575.02,511.230886103609,289972,0.0,1.0
2021-02-10,593.74,597.64,572.76,579.72,515.409497568753,336740,0.0,1.0
2021-02-09,597.9,611.555,586.48,596.64,530.45249884327,285985,0.0,1.0
2021-02-08,606.87,610.0,597.06,600.17,533.590902773474,357549,0.0,1.0
2021-02-05,616.82,617.4499,601.74,605.0,537.885092853611,294883,0.0,1.0
2021-02-04,603.54,610.6,600.06,610.0,542.330424199509,350238,0.0,1.0
2021-02-03,585.75,601.06,585.75,599.31,532.826305781979,422784,0.0,1.0
2021-02-02,579.45,595.765,577.13,589.4,524.01565905441,416454,0.0,1.0
2021-02-01,559.46,573.09,555.5,570.31,507.043383975773,347712,0.0,1.0
2021-01-29,555.14,560.8,537.84,553.28,491.902585411646,460557,0.0,1.0
2021-01-28,527.44,560.22,525.39,555.73,494.080797771136,451555,0.0,1.0
2021-01-27,532.9,546.66,517.37,518.59,461.060876533809,551950,0.0,1.0
2021-01-26,563.63,568.89,543.49,544.22,483.84764501288,263688,0.0,1.0
2021-01-25,573.64,573.64,555.91,560.11,497.974908030142,686483,0.0,1.0
2021-01-22,571.89,578.775,569.79,576.4,512.457797555077,179504,0.0,1.0
2021-01-21,574.28,577.41,566.73,573.98,510.306257183662,213336,0.0,1.0
2021-01-20,573.41,585.15,571.774,577.49,513.426879788482,262702,0.0,1.0
2021-01-19,594.27,594.51,572.365,573.41,509.79948941023,343336,0.0,1.0
2021-01-15,605.56,605.56,584.5,584.99,520.094876807329,212751,0.0,1.0
2021-01-14,610.21,616.815,604.03,606.07,538.836393761633,243802,0.0,1.0
2021-01-13,616.15,617.1,604.37,611.01,543.22838113138,160204,0.0,1.0
2021-01-12,612.0,619.76,612.0,617.91,549.362938388719,128061,0.0,1.0
2021-01-11,607.18,614.71,607.18,612.92,544.926497705513,161848,0.0,1.0
2021-01-08,604.13,614.73,604.13,613.26,545.228780237034,201881,0.0,1.0
2021-01-07,604.72,618.74,599.9,605.18,538.045124782063,214345,0.0,1.0
2021-01-06,600.9,613.45,595.66,598.9,532.461788611616,198186,0.0,1.0
2021-01-05,592.87,609.46,590.17,599.22,532.746289817753,172279,0.0,1.0
2021-01-04,611.94,616.34,580.2156,587.67,522.47757440873,388449,0.0,1.0
2020-12-31,615.0,622.57,613.01,618.85,550.198660681747,180344,0.0,1.0
2020-12-30,607.3,618.91,607.3,616.14,547.789291092271,296673,0.0,1.0
2020-12-29,614.0,614.0,601.58,607.83,540.401150395389,95884,0.0,1.0
2020-12-28,608.86,612.53,606.06,609.86,542.205954921823,103205,0.0,1.0
2020-12-24,609.07,610.7469,602.4,606.71,539.405396173908,47705,0.0,1.0
2020-12-23,598.8,616.49,598.8,611.9,544.01965011095,167869,0.0,1.0
2020-12-22,599.18,603.545,595.74,596.23,530.087981672907,187864,0.0,1.0
2020-12-21,591.52,602.485,586.67,600.71,534.070998558831,318007,0.0,1.0
2020-12-18,598.33,611.01,594.79,608.33,540.845683529979,564538,0.0,1.0
2020-12-17,604.75,606.59,594.99,598.35,531.972802163567,289402,0.0,1.0
2020-12-16,613.74,615.8325,601.2,603.53,536.578165437917,259235,0.0,1.0
2020-12-15,599.49,618.64,595.86,613.74,545.65553204624,358515,0.0,1.0
2020-12-14,607.3,607.3,595.43,595.82,529.723464502543,294137,0.0,1.0
2020-12-11,593.83,609.17,593.83,601.79,535.031190129545,270326,0.0,1.0
2020-12-10,589.16,605.97,589.16,601.01,534.337718439585,239903,0.0,1.0
2020-12-09,603.37,603.86,587.01,595.5,529.438963296406,232344,0.0,1.0
2020-12-08,596.11,609.98,595.31,602.1,535.30680067299,214833,0.0,1.0
2020-12-07,603.55,605.45,594.36,601.01,534.337718439585,216129,0.0,1.0
2020-12-04,601.0,613.26,601.0,605.67,538.480767253961,215063,0.0,1.0
2020-12-03,597.94,613.745,595.49,598.64,532.230631381629,392304,0.0,1.0
2020-12-02,590.19,599.95,585.801,594.84,528.852179558747,317212,0.0,1.0
2020-12-01,587.84,599.19,583.49,593.6,527.749737384965,298628,0.0,1.0
2020-11-30,591.0,595.36,575.465,579.19,514.938292446088,286267,0.0,1.0
2020-11-27,608.86,608.86,590.0825,591.54,525.918260870455,123910,0.0,1.0
2020-11-25,610.86,610.86,600.0,603.85,536.862666644055,274602,0.0,1.0
2020-11-24,605.26,619.32,600.26,615.41,547.14027271577,416091,0.0,1.0
2020-11-23,581.57,599.5,579.995,594.94,528.941086185665,250603,0.0,1.0
2020-11-20,590.51,596.13,571.4074,574.13,510.439617124039,374351,0.0,1.0
2020-11-19,584.03,592.37,576.6,590.65,525.126991890885,303161,0.0,1.0
2020-11-18,589.9,600.05,582.1,587.87,522.655387662566,526785,0.0,1.0
2020-11-17,567.87,584.55,565.1,577.97,513.853631597689,376036,0.0,1.0
2020-11-16,588.34,589.57,572.11,573.96,510.288475858279,439578,0.0,1.0
2020-11-13,558.74,568.69,555.51,566.78,503.90498004557,331420,0.0,1.0
2020-11-12,545.0,569.3457,533.75,556.53,494.79205078648,546360,0.0,1.0
2020-11-11,577.35,577.61,553.485,560.81,498.597254418568,455304,0.0,1.0
2020-11-10,574.61,579.79,564.51,574.38,510.661883691334,581091,0.0,1.0
2020-11-09,574.46,611.66,568.1596,568.32,505.274142100106,1109546,0.0,1.0
2020-11-06,519.29,523.85,515.355,520.46,462.723430457174,190397,0.0,1.0
2020-11-05,512.72,521.6531,512.72,519.29,461.683222922234,217804,0.0,1.0
2020-11-04,510.37,519.3,503.34,512.05,455.246383133374,256171,0.0,1.0
2020-11-03,504.64,512.45,502.8,508.56,452.143541853938,284691,0.0,1.0
2020-11-02,482.36,495.56,479.105,494.43,439.581035470431,363751,0.0,1.0
2020-10-30,473.96,482.28,467.66,477.41,424.449127568996,363208,0.0,1.0
2020-10-29,456.29,478.0,456.25,476.54,423.67563991481,423607,0.0,1.0
2020-10-28,456.81,465.84,453.76,458.14,407.316820561906,804755,0.0,1.0
2020-10-27,482.81,484.81,463.62,464.02,412.544530224682,600199,0.0,1.0
2020-10-26,496.25,497.1916,481.0,483.2,429.596821267545,414956,0.0,1.0
2020-10-23,497.84,503.89,492.66,501.97,446.284595140045,302874,0.0,1.0
2020-10-22,484.49,495.93,484.49,493.07,438.371905344347,220276,0.0,1.0
2020-10-21,491.8,493.71,480.59,482.91,429.338992049483,307669,0.0,1.0
2020-10-20,490.0,498.96,488.99,493.39,438.656406550485,400247,0.0,1.0
2020-10-19,492.33,501.71,482.8701,484.16,430.450324885958,318625,0.0,1.0
2020-10-16,495.95,497.94,487.98,491.99,437.411713773633,474265,0.0,1.0
2020-10-15,479.88,494.75,477.02,491.32,436.816039373283,288365,0.0,1.0
2020-10-14,474.53,489.55,474.53,483.73,430.06802639021,426492,0.0,1.0
2020-10-13,480.03,482.87,469.34,473.39,420.875081166894,380251,0.0,1.0
2020-10-12,486.78,488.7,482.45,486.0,432.086206821248,283546,0.0,1.0
2020-10-09,493.91,494.33,484.21,485.0,431.197140552068,198360,0.0,1.0
2020-10-08,492.09,494.01,483.195,490.97,436.50486617907,265040,0.0,1.0
2020-10-07,488.81,496.61,487.5,488.5,434.308872494197,336511,0.0,1.0
2020-10-06,493.06,503.005,480.41,480.54,427.231904991528,437915,0.0,1.0
2020-10-05,490.0,494.65,486.49,487.0,432.975273090427,368528,0.0,1.0
2020-10-02,468.56,489.06,468.56,485.58,431.712798988192,445364,0.0,1.0
2020-10-01,481.53,492.47,475.165,481.34,427.943158006871,579939,0.0,1.0
2020-09-30,489.0,494.8,471.22,475.12,422.413165812575,694011,0.0,1.0
2020-09-29,501.28,501.28,488.5,489.08,434.824530930321,584975,0.0,1.0
2020-09-28,502.34,511.44,498.36,498.6,443.28844181291,399744,0.0,1.0
2020-09-25,475.07,497.091,475.07,494.78,439.892208664644,266579,0.0,1.0
2020-09-24,476.98,487.55,467.91,479.6,426.396182698499,271821,0.0,1.0
2020-09-23,500.85,505.74,479.08,479.28,426.111681492361,338813,0.0,1.0
2020-09-22,490.58,502.64,490.58,502.03,446.337939116196,361660,0.0,1.0
2020-09-21,493.9,494.99,474.835,487.81,433.695416768463,656362,0.0,1.0
2020-09-18,514.22,521.66,505.28,505.5,449.422999070249,1291008,0.0,1.0
2020-09-17,525.13,529.2,514.41,519.01,461.434284366864,500671,0.0,1.0
2020-09-16,508.11,526.23,504.46,518.89,461.327596414562,568167,0.0,1.0
2020-09-15,507.0,511.93,504.34,507.3,451.023318354772,294049,0.0,1.0
2020-09-14,511.61,513.05,502.0,507.3,451.023318354772,489507,0.0,1.0
2020-09-11,499.61,508.49,493.03,505.75,449.645265637543,230575,0.0,1.0
2020-09-10,500.21,510.26,497.44,499.47,444.061929467096,337107,0.0,1.0
2020-09-09,502.95,505.22,489.73,500.93,445.359966220098,341961,0.0,1.0
2020-09-08,504.39,513.225,493.24,501.93,446.249032489278,635717,0.0,1.0
2020-09-04,499.41,506.99,487.8,503.32,447.484834603437,380822,0.0,1.0
2020-09-03,507.19,508.94,489.37,493.82,439.038705046232,356328,0.0,1.0
2020-09-02,503.06,507.15,496.17,505.15,449.111825876036,269127,0.0,1.0
2020-09-01,496.17,505.22,495.54,503.78,447.89380508726,295514,0.0,1.0
2020-08-31,506.0,507.5799,494.45,499.67,444.239742720932,306948,0.0,1.0
2020-08-28,500.59,507.89,498.65,506.77,450.552113232107,394545,0.0,1.0
2020-08-27,488.56,502.46,488.0371,498.32,443.03950325754,428460,0.0,1.0
2020-08-26,483.9,489.46,481.48,484.89,431.099343262459,248365,0.0,1.0
2020-08-25,490.91,493.64,483.46,486.05,432.130660134707,315421,0.0,1.0
2020-08-24,481.16,490.99,481.16,488.5,434.308872494197,572883,0.0,1.0
2020-08-21,481.69,485.17,477.86,479.28,426.111681492361,426050,0.0,1.0
2020-08-20,478.38,486.64,476.18,482.83,429.267866747949,255215,0.0,1.0
2020-08-19,486.31,489.62,482.0,482.81,429.250085422565,553814,0.0,1.0
2020-08-18,488.02,490.17,482.2,483.0,429.419008013709,528210,0.0,1.0
2020-08-17,500.0,500.0,489.31,489.97,435.615799909891,413070,0.0,1.0
2020-08-14,491.17,499.7,491.17,498.79,443.457364404054,360466,0.0,1.0
2020-08-13,492.49,499.145,492.49,495.15,440.22116318424,430836,0.0,1.0
2020-08-12,499.65,500.0,492.72,498.49,443.1906445233,532366,0.0,1.0
2020-08-11,494.17,506.075,489.83,490.23,435.846957139877,784514,0.0,1.0
2020-08-10,477.87,489.37,477.34,482.57,429.036709517962,582340,0.0,1.0
2020-08-07,480.09,480.09,470.0,475.39,422.653213705253,460500,0.0,1.0
2020-08-06,466.1,475.47,466.01,472.07,419.701513691577,244373,0.0,1.0
2020-08-05,452.12,474.14,450.165,471.61,419.292543207755,492389,0.0,1.0
2020-08-04,435.72,453.95,434.57,448.74,398.959597631619,723697,0.0,1.0
2020-08-03,430.01,437.765,421.47,436.01,387.641784024964,348702,0.0,1.0
2020-07-31,430.27,433.35,422.51,431.58,383.703220452498,328262,0.0,1.0
2020-07-30,427.95,438.83,426.755,433.34,385.267977086254,284605,0.0,1.0
2020-07-29,428.06,435.925,425.5,433.37,385.29464907433,322521,0.0,1.0
2020-07-28,425.0,433.36,424.47,426.95,379.586843626197,355730,0.0,1.0
2020-07-27,425.0,430.22,418.02,424.18,377.12413006057,185333,0.0,1.0
2020-07-24,438.94,438.94,423.85,425.56,378.351041512038,348606,0.0,1.0
2020-07-23,442.46,444.82,434.81,437.47,388.939820777966,304939,0.0,1.0
2020-07-22,436.07,450.0,436.07,445.57,396.14125755832,268986,0.0,1.0
2020-07-21,437.48,448.0,437.43,440.88,391.971536755868,231812,0.0,1.0
2020-07-20,431.34,436.97,426.5,430.85,383.054202075997,545304,0.0,1.0
2020-07-17,432.19,435.0,425.94,432.87,384.85011593974,256267,0.0,1.0
2020-07-16,429.77,436.95,425.78,431.47,383.605423162889,359919,0.0,1.0
2020-07-15,430.09,439.24,430.03,434.21,386.04146474044,550565,0.0,1.0
2020-07-14,410.77,422.96,408.53,422.66,375.772749331417,399180,0.0,1.0
2020-07-13,426.57,432.64,412.29,414.37,368.402389959919,414068,0.0,1.0
2020-07-10,412.85,421.68,406.67,420.88,374.190211372277,413437,0.0,1.0
2020-07-09,422.67,425.64,405.01,410.98,365.3884553074,458992,0.0,1.0
2020-07-08,420.89,427.95,418.1,426.9,379.542390312738,617196,0.0,1.0
2020-07-07,432.42,433.05,418.46,419.49,372.954409258118,478342,0.0,1.0
2020-07-06,450.85,451.19,430.09,435.48,387.170578902298,627810,0.0,1.0
2020-07-02,450.16,456.35,441.82,442.33,393.260682846178,425625,0.0,1.0
2020-07-01,441.82,453.38,435.48,439.59,390.824641268626,382187,0.0,1.0
2020-06-30,438.63,446.17,431.05,442.05,393.011744290808,413103,0.0,1.0
2020-06-29,431.4,443.76,420.76,443.76,394.532047611105,643217,0.0,1.0
2020-06-26,436.01,437.0,416.22,421.09,374.376915288805,1017462,0.0,1.0
2020-06-25,428.01,439.75,424.28,436.0,387.632893362272,574481,0.0,1.0
2020-06-24,452.65,453.51,430.98,433.9,385.765854196995,762696,0.0,1.0
2020-06-23,464.0,467.07,453.2,458.21,407.379055200749,760068,0.0,1.0
2020-06-22,456.36,468.84,452.38,464.73,413.175767275799,357192,0.0,1.0
2020-06-19,476.71,477.57,460.2,463.0,411.637682630119,958758,0.0,1.0
2020-06-18,453.44,467.67,449.31,465.75,414.082614870363,328064,0.0,1.0
2020-06-17,467.83,468.22,456.27,459.69,408.694873279135,269368,0.0,1.0
2020-06-16,479.41,482.11,450.78,465.2,413.593628422314,595901,0.0,1.0
2020-06-15,423.86,462.43,422.25,459.74,408.739326592594,430431,0.0,1.0
2020-06-12,448.07,455.16,422.24,447.39,397.759358168227,456152,0.0,1.0
2020-06-11,436.11,446.32,413.13,420.56,373.90571016614,924372,0.0,1.0
2020-06-10,475.0,477.12,454.35,461.08,409.930675393294,900027,0.0,1.0
2020-06-09,479.13,489.96,467.76,479.2,426.040556190827,555355,0.0,1.0
2020-06-08,513.0,513.0,489.61,494.94,440.034459267713,634787,0.0,1.0
2020-06-05,520.0,537.56,486.04,490.78,436.335943587926,995243,0.0,1.0
2020-06-04,468.21,489.05,467.51,481.73,428.289893851851,803567,0.0,1.0
2020-06-03,442.29,475.87,440.78,469.9,417.772239887458,1041820,0.0,1.0
2020-06-02,442.22,445.46,427.06,432.44,384.467817443993,1022009,0.0,1.0
2020-06-01,423.77,442.2,423.77,438.79,390.113388253283,596608,0.0,1.0
2020-05-29,423.19,437.96,421.84,424.82,377.693132472845,1136442,0.0,1.0
2020-05-28,443.44,446.15,429.07,431.13,383.303140631367,1100978,0.0,1.0
2020-05-27,415.85,436.56,410.21,435.38,387.08167227538,1227292,0.0,1.0
2020-05-26,409.38,410.46,393.15,403.06,358.347050455498,1024570,0.0,1.0
2020-05-22,378.16,382.06,368.5,380.8,338.556435303562,571962,0.0,1.0
2020-05-21,366.61,390.64,366.61,375.35,333.711024136534,616127,0.0,1.0
2020-05-20,367.82,377.23,361.4,365.33,324.802580119355,445479,0.0,1.0
2020-05-19,368.83,376.61,359.17,361.2,321.130736427643,783870,0.0,1.0
2020-05-18,345.36,374.99,344.64,370.52,329.416834056397,806672,0.0,1.0
2020-05-15,324.1,332.63,318.1,325.0,288.946537483345,411284,0.0,1.0
2020-05-14,315.87,332.93,303.51,330.44,293.783057987681,653486,0.0,1.0
2020-05-13,327.27,332.76,309.76,320.05,284.545659450906,1005247,0.0,1.0
2020-05-12,348.6,354.34,329.15,329.51,292.956226357344,665150,0.0,1.0
2020-05-11,346.91,355.0,335.81,348.96,310.248565292886,707602,0.0,1.0
2020-05-08,332.55,353.34,330.01,352.61,313.493657175391,456795,0.0,1.0
2020-05-07,323.73,334.93,322.36,324.55,288.546457662214,612919,0.0,1.0
2020-05-06,329.17,334.0,318.52,319.47,284.030001014782,584214,0.0,1.0
2020-05-05,351.39,359.43,312.2,324.59,288.582020312981,1024662,0.0,1.0
2020-05-04,332.01,342.63,320.18,342.43,304.442962555144,1085739,0.0,1.0
2020-05-01,355.52,355.52,335.51,349.45,310.684207764784,959925,0.0,1.0
2020-04-30,362.23,366.5,344.7,363.08,322.802181013701,1197668,0.0,1.0
2020-04-29,351.89,379.0,346.5,371.18,330.003617794055,816537,0.0,1.0
2020-04-28,329.02,340.23,317.03,336.65,299.304159519286,708194,0.0,1.0
2020-04-27,307.87,321.9,299.62,317.45,282.234087151039,791697,0.0,1.0
2020-04-24,313.46,314.67,304.44,304.92,271.09408679822,776407,0.0,1.0
2020-04-23,309.77,324.34,305.67,314.28,279.41574707774,535308,0.0,1.0
2020-04-22,315.65,317.62,301.21,304.26,270.507303060561,481201,0.0,1.0
2020-04-21,303.95,311.42,301.21,307.75,273.610144339998,467503,0.0,1.0
2020-04-20,335.0,335.5,313.35,316.4,281.300567568401,527435,0.0,1.0
2020-04-17,330.99,348.9,328.31,337.4,299.970959221171,965420,0.0,1.0
2020-04-16,315.77,317.9,296.41,300.9,267.520040396118,680615,0.0,1.0
2020-04-15,308.1,321.48,303.87,316.94,281.780663353758,612116,0.0,1.0
2020-04-14,325.01,338.56,315.43,318.16,282.865324202157,1014148,0.0,1.0
2020-04-13,340.54,341.53,310.04,313.6,278.811182014698,554235,0.0,1.0
2020-04-09,340.41,373.46,335.22,344.54,306.318892383113,1224013,0.0,1.0
2020-04-08,296.9,333.08,292.5,328.25,291.836002858178,1186550,0.0,1.0
2020-04-07,314.6,318.0,282.19,286.43,254.655251481091,1201046,0.0,1.0
2020-04-06,295.71,301.52,284.36,288.93,256.877917154039,1327480,0.0,1.0
2020-04-03,282.67,282.67,261.01,270.31,240.323503221917,1095253,0.0,1.0
2020-04-02,270.01,293.86,260.0,284.47,252.912681593499,1308161,0.0,1.0
2020-04-01,302.58,304.18,269.08,272.54,242.306121002187,1325552,0.0,1.0
2020-03-31,339.87,347.05,318.78,320.19,284.670128728591,1051926,0.0,1.0
2020-03-30,363.02,367.5,330.64,342.75,304.727463761281,979588,0.0,1.0
2020-03-27,388.15,388.87,358.13,363.01,322.739946374858,714540,0.0,1.0
2020-03-26,361.3,408.76,356.07,402.09,357.484656174394,1079590,0.0,1.0
2020-03-25,344.91,368.98,331.46,350.09,311.253210177059,1099571,0.0,1.0
2020-03-24,323.6,345.62,312.0,325.68,289.551102546387,980312,0.0,1.0
2020-03-23,301.08,319.52,280.82,301.53,268.080152145701,1265482,0.0,1.0
2020-03-20,313.48,337.28,301.08,302.51,268.951437089497,2093846,0.0,1.0
2020-03-19,242.1,312.78,241.21,305.77,271.849793127023,1744896,0.0,1.0
2020-03-18,276.45,283.37,200.06,245.79,218.523598301635,3569021,0.0,1.0
2020-03-17,342.93,343.34,295.95,315.01,280.064765454241,1805203,0.0,1.0
2020-03-16,331.91,361.63,329.01,338.44,300.895588141118,1911731,0.0,1.0
2020-03-13,436.22,441.39,397.87,414.72,368.713563154132,1382004,0.0,1.0
2020-03-12,420.18,428.63,390.02,407.01,361.858862218757,1704228,0.0,1.0
2020-03-11,474.97,484.98,451.33,462.17,410.8997576267,1193374,0.0,1.0
2020-03-10,468.51,496.99,467.02,495.64,440.656805656138,943833,0.0,1.0
2020-03-09,461.45,473.59,440.82,452.01,401.866844331836,1241262,0.0,1.0
2020-03-06,518.48,522.03,494.72,503.11,447.29813068691,1247570,0.0,1.0
2020-03-05,563.64,564.51,525.04,536.37,476.86847479982,945853,0.0,1.0
2020-03-04,565.4,577.96,556.23,577.44,513.382426475023,472880,0.0,1.0
2020-03-03,565.86,586.49,551.5,557.07,495.272146571837,423465,0.0,1.0
2020-03-02,559.7,571.4,546.36,568.46,505.398611377791,527909,0.0,1.0
2020-02-28,530.67,558.56,516.42,557.81,495.930055611029,911870,0.0,1.0
2020-02-27,553.56,566.94,548.13,549.47,488.515242926072,670400,0.0,1.0
2020-02-26,574.0,585.58,563.75,564.63,501.993487566834,456447,0.0,1.0
2020-02-25,605.12,607.33,568.29,572.21,508.732609887215,615643,0.0,1.0
2020-02-24,618.03,619.69,599.32,601.45,534.728907598024,613303,0.0,1.0
2020-02-21,631.78,635.0,625.0,629.9,560.022842956181,309552,0.0,1.0
2020-02-20,640.11,644.83,625.71,634.32,563.952515865955,443997,0.0,1.0
2020-02-19,644.27,649.41,639.55,641.26,570.122635774061,257935,0.0,1.0
2020-02-18,643.07,648.75,639.9,641.46,570.300449027896,230365,0.0,1.0
2020-02-14,655.9,657.82,644.94,646.75,575.003609591856,507165,0.0,1.0
2020-02-13,649.57,660.02,649.57,655.67,582.934080712937,235060,0.0,1.0
2020-02-12,650.11,651.59,638.99,650.23,578.097560208601,286270,0.0,1.0
2020-02-11,646.63,656.59,644.16,650.05,577.937528280149,402981,0.0,1.0
2020-02-10,634.54,643.86,632.05,643.27,571.909658975111,445403,0.0,1.0
2020-02-07,633.26,638.43,629.21,634.54,564.148110445174,325154,0.0,1.0
2020-02-06,626.2,635.26,618.03,633.78,563.472420080598,392574,0.0,1.0
2020-02-05,642.88,646.535,620.58,626.18,556.715516434833,550270,0.0,1.0
2020-02-04,665.0,673.51,633.71,641.27,570.131526436752,632907,0.0,1.0
2020-02-03,646.49,658.85,646.17,652.28,579.920146060419,396341,0.0,1.0
2020-01-31,649.78,653.1,638.56,643.28,571.918549637803,360871,0.0,1.0
2020-01-30,647.06,655.295,645.86,653.88,581.342652091106,242345,0.0,1.0
2020-01-29,663.25,664.54,653.86,654.18,581.60937197186,276207,0.0,1.0
2020-01-28,653.94,660.35,646.01,657.86,584.881135842441,267753,0.0,1.0
2020-01-27,643.94,652.33,638.59,650.51,578.346498763971,320916,0.0,1.0
2020-01-24,660.99,667.29,653.5,656.73,583.876490958268,393386,0.0,1.0
2020-01-23,650.95,662.85,647.01,657.93,584.943370481283,462399,0.0,1.0
2020-01-22,646.95,649.88,642.15,644.02,572.576458676996,422958,0.0,1.0
2020-01-21,633.66,644.83,633.61,643.8,572.380864097776,382514,0.0,1.0
2020-01-17,635.64,638.95,631.03,636.66,566.032930935835,379826,0.0,1.0
2020-01-16,622.85,634.57,619.59,633.33,563.072340259467,356054,0.0,1.0
2020-01-15,625.48,625.48,614.16,619.66,550.918804359783,439812,0.0,1.0
2020-01-14,602.89,611.07,602.29,609.0,541.441357930329,534192,0.0,1.0
2020-01-13,596.42,606.1,595.53,604.57,537.502794357864,199453,0.0,1.0
2020-01-10,595.74,600.94,593.04,595.47,529.41229130833,256573,0.0,1.0
2020-01-09,590.43,595.85,586.01,595.41,529.358947332179,316543,0.0,1.0
2020-01-08,590.92,590.92,583.72,585.63,520.663879219604,409094,0.0,1.0
2020-01-07,583.37,589.34,580.75,587.0,521.88190000838,255128,0.0,1.0
2020-01-06,576.99,585.43,574.71,584.8,519.925954216185,377673,0.0,1.0
2020-01-03,561.34,578.41,561.34,577.84,513.738052982695,278017,0.0,1.0
2020-01-02,560.8,567.44,559.1,567.44,504.491763783228,311688,0.0,1.0
2019-12-31,561.47,564.51,558.34,560.0,497.877110740533,202779,0.0,1.0
2019-12-30,564.38,566.37,557.81,562.01,499.664133941583,196703,0.0,1.0
2019-12-27,568.0,570.03,560.66,563.98,501.415594491867,221275,32.5,1.0
2019-12-26,593.61,597.94,592.56,597.78,502.508406108081,258760,0.0,1.0
2019-12-24,596.26,597.33,592.26,592.63,498.179190859233,99076,0.0,1.0
2019-12-23,592.19,596.99,590.7,593.03,498.515440587299,375771,0.0,1.0
2019-12-20,590.16,594.95,583.11,591.29,497.052754270212,717410,0.0,1.0
2019-12-19,568.76,576.09,566.31,574.96,483.325359121922,315155,0.0,1.0
2019-12-18,570.44,570.44,557.26,567.44,477.003864234283,343684,0.0,1.0
2019-12-17,573.19,574.99,567.12,570.32,479.424862276357,289573,0.0,1.0
2019-12-16,580.0,580.0,567.51,575.34,483.644796363584,311047,0.0,1.0
2019-12-13,569.59,576.97,567.57,575.81,484.039889794062,243043,0.0,1.0
2019-12-12,569.23,571.94,564.02,567.58,477.121551639106,174303,0.0,1.0
2019-12-11,570.6,570.63,565.96,570.05,479.197893709913,203138,0.0,1.0
2019-12-10,564.57,571.32,564.57,569.25,478.525394253781,257749,0.0,1.0
2019-12-09,568.96,571.93,561.61,564.01,474.120522816118,294953,0.0,1.0
2019-12-06,569.29,572.21,567.42,570.11,479.248331169123,251672,0.0,1.0
2019-12-05,563.66,566.14,559.5,565.05,474.994772109089,344854,0.0,1.0
2019-12-04,558.3,572.2,558.3,563.0,473.271492252751,359300,0.0,1.0
2019-12-03,551.44,557.3,550.01,555.51,466.975216094717,382003,0.0,1.0
2019-12-02,567.49,569.56,556.49,556.58,467.874684117294,339374,0.0,1.0
2019-11-29,565.53,570.9,563.19,567.1,476.718051965427,118627,0.0,1.0
2019-11-27,571.03,572.95,562.41,567.33,476.911395559065,244975,0.0,1.0
2019-11-26,571.86,575.28,569.75,573.44,482.047610155271,493630,0.0,1.0
2019-11-25,562.2,571.84,560.77,571.01,480.004893057271,323962,0.0,1.0
2019-11-22,558.0,566.2,552.52,562.4,472.767117660652,653845,0.0,1.0
2019-11-21,574.67,579.27,566.75,573.14,481.795422859222,268790,0.0,1.0
2019-11-20,567.79,581.07,567.79,575.0,483.358984094728,363551,0.0,1.0
2019-11-19,548.79,573.03,544.33,568.16,477.609113744801,459881,0.0,1.0
2019-11-18,562.0,568.83,560.0,567.68,477.205614071122,279107,0.0,1.0
2019-11-15,561.33,564.09,556.97,559.78,470.564681941821,346702,0.0,1.0
2019-11-14,547.76,560.61,546.94,559.77,470.556275698619,205387,0.0,1.0
2019-11-13,544.29,553.04,543.54,549.2,461.670876634478,209981,0.0,1.0
2019-11-12,543.34,545.52,541.12,544.5,457.719942329704,180575,0.0,1.0
2019-11-11,540.09,544.31,538.29,543.11,456.551474524675,211997,0.0,1.0
2019-11-08,538.86,544.89,538.59,541.08,454.84500715474,195839,0.0,1.0
2019-11-07,539.26,543.23,537.65,538.3,452.508071544682,265495,0.0,1.0
2019-11-06,535.55,536.58,530.58,536.42,450.927697822772,226786,0.0,1.0
2019-11-05,531.37,535.65,527.8,535.47,450.129104718616,187335,0.0,1.0
2019-11-04,539.5,541.04,529.3,533.04,448.086387620616,186094,0.0,1.0
2019-11-01,531.03,539.45,528.92,538.28,452.491259058279,239268,0.0,1.0
2019-10-31,532.2,532.65,524.54,526.28,442.403767216302,204629,0.0,1.0
2019-10-30,526.06,532.6,521.48,531.96,447.178513354838,165629,0.0,1.0
2019-10-29,532.0,539.68,525.39,525.97,442.143173677051,286640,0.0,1.0
2019-10-28,523.26,530.99,523.26,527.52,443.446141373306,198863,0.0,1.0
2019-10-25,527.27,529.97,522.67,523.45,440.024800390236,191222,0.0,1.0
2019-10-24,515.44,528.9,513.3,527.79,443.673109939751,221411,0.0,1.0
2019-10-23,508.21,516.27,508.21,514.87,432.812243723222,174521,0.0,1.0
2019-10-22,521.0,524.85,508.33,510.93,429.500183901773,350953,0.0,1.0
2019-10-21,525.6,529.06,521.12,521.93,438.747051423585,314847,0.0,1.0
2019-10-18,527.88,527.88,519.51,526.57,442.64754826915,338806,0.0,1.0
2019-10-17,518.84,528.41,518.84,526.55,442.630735782746,223208,0.0,1.0
2019-10-16,521.71,522.71,517.39,518.84,436.149522274276,199656,0.0,1.0
2019-10-15,520.99,525.13,519.01,523.0,439.646519446162,210157,0.0,1.0
2019-10-14,524.38,525.64,518.19,518.7,436.031834869453,224381,0.0,1.0
2019-10-11,518.66,527.53,515.0,524.78,441.142830736055,331648,0.0,1.0
2019-10-10,507.47,514.28,506.1,511.0,429.559027604185,176372,0.0,1.0
2019-10-09,511.61,513.47,506.0,509.15,428.00387261188,216163,0.0,1.0
2019-10-08,510.51,514.53,501.23,508.66,427.591966694999,200072,0.0,1.0
2019-10-07,510.31,521.72,510.06,514.42,432.433962779148,201006,0.0,1.0
2019-10-04,509.28,514.0,506.0,513.61,431.753057079815,213228,0.0,1.0
2019-10-03,499.37,507.31,497.33,507.23,426.389873917164,197002,0.0,1.0
2019-10-02,501.84,504.22,497.46,499.76,420.110410245533,343550,0.0,1.0
2019-10-01,521.62,522.99,506.03,506.47,425.750999433838,256495,0.0,1.0
2019-09-30,518.98,523.42,516.73,520.67,437.687864780178,221192,0.0,1.0
2019-09-27,534.81,537.14,515.41,518.19,435.603116466169,324521,0.0,1.0
2019-09-26,529.5,533.94,528.37,530.66,446.085701738623,166963,0.0,1.0
2019-09-25,524.87,528.82,521.85,528.06,443.900078506195,245780,0.0,1.0
2019-09-24,537.04,537.04,524.09,526.38,442.487829648318,368420,0.0,1.0
2019-09-23,524.85,534.6,524.5,529.44,445.060140068023,295250,0.0,1.0
2019-09-20,532.94,533.73,522.9,527.26,443.227579050063,436294,0.0,1.0
2019-09-19,529.91,533.88,527.3,531.28,446.606888817126,248224,0.0,1.0
2019-09-18,525.8,531.48,523.93,530.38,445.850326928977,332789,0.0,1.0
2019-09-17,523.24,526.84,520.24,525.59,441.823736435388,341648,0.0,1.0
2019-09-16,517.83,525.47,516.23,523.54,440.10045657905,319440,0.0,1.0
2019-09-13,516.03,523.58,513.02,519.82,436.973334108038,266127,0.0,1.0
2019-09-12,503.71,515.73,503.71,514.76,432.719775048004,474683,0.0,1.0
2019-09-11,503.44,509.28,499.21,501.1,421.236846834554,433412,0.0,1.0
2019-09-10,511.48,512.02,493.01,504.92,424.448031737583,480690,0.0,1.0
2019-09-09,534.22,539.39,510.94,513.58,431.72783835021,456839,0.0,1.0
2019-09-06,532.93,537.33,531.01,533.91,448.817730779159,344145,0.0,1.0
2019-09-05,540.0,542.1,531.64,532.97,448.027543918204,289703,0.0,1.0
2019-09-04,539.77,540.47,536.24,536.58,451.062197713999,301510,0.0,1.0
2019-09-03,539.0,539.87,532.0,534.78,449.549073937702,441878,0.0,1.0
2019-08-30,529.74,539.47,524.17,538.32,452.524884031085,441339,0.0,1.0
2019-08-29,525.0,529.0,522.46,528.79,444.513734259915,391065,0.0,1.0
2019-08-28,512.58,522.16,506.28,521.2,438.133395669865,398173,0.0,1.0
2019-08-27,514.89,514.89,500.06,512.51,430.828370327633,801097,0.0,1.0
2019-08-26,525.82,527.0,516.4,521.75,438.595739045956,334388,0.0,1.0
2019-08-23,533.52,540.47,518.94,521.53,438.410801695519,432921,0.0,1.0
2019-08-22,536.22,536.99,528.65,530.26,445.749452010558,361930,0.0,1.0
2019-08-21,540.0,540.0,531.33,532.92,447.985512702196,317696,0.0,1.0
2019-08-20,535.56,537.75,530.19,534.6,449.397761560073,540206,0.0,1.0
2019-08-19,536.32,540.07,507.66,537.58,451.902822034164,355524,0.0,1.0
2019-08-16,522.34,530.93,518.89,530.1,445.614952119331,332428,0.0,1.0
2019-08-15,511.09,517.58,507.66,516.22,433.947086555445,243877,30.0,1.0
2019-08-14,544.47,551.9,535.74,539.05,428.250845827162,386535,0.0,1.0
2019-08-13,541.23,548.8,536.56,548.21,435.528051555345,320183,0.0,1.0
2019-08-12,542.54,547.37,538.36,541.86,430.483263741593,368574,0.0,1.0
2019-08-09,547.69,550.79,543.92,544.73,432.763348942454,327700,0.0,1.0
2019-08-08,538.19,553.71,538.19,550.83,437.60952306275,404970,0.0,1.0
2019-08-07,526.87,540.32,525.0,537.33,426.884383616193,484792,0.0,1.0
2019-08-06,506.1,555.27,502.95,524.39,416.604138842975,962577,0.0,1.0
2019-08-05,462.27,463.38,455.4,461.33,366.505820805945,478337,0.0,1.0
2019-08-02,479.02,479.62,468.6,470.95,374.148475730084,248897,0.0,1.0
2019-08-01,485.19,492.66,478.92,479.33,380.806006734688,196121,0.0,1.0
2019-07-31,486.89,491.57,482.6,485.44,385.660125402722,219683,0.0,1.0
2019-07-30,489.34,494.59,482.63,486.52,386.518136558447,243254,0.0,1.0
2019-07-29,496.0,496.25,489.1,491.35,390.355353115993,291443,0.0,1.0
2019-07-26,498.83,500.29,495.86,496.0,394.049567814252,161082,0.0,1.0
2019-07-25,498.54,500.45,493.09,498.46,396.003926557846,150482,0.0,1.0
2019-07-24,491.42,497.38,489.8,494.66,392.984998417334,181276,0.0,1.0
2019-07-23,487.78,495.66,484.81,493.46,392.031652688751,293912,0.0,1.0
2019-07-22,482.81,485.46,478.23,484.24,384.70677967414,209384,0.0,1.0
2019-07-19,491.86,491.86,481.61,483.59,384.190384071157,303433,0.0,1.0
2019-07-18,486.1,488.54,484.65,488.11,387.781319648819,194902,0.0,1.0
2019-07-17,495.91,496.19,488.8,488.8,388.329493442754,205431,0.0,1.0
2019-07-16,498.86,502.67,497.28,497.83,395.50342005034,214102,0.0,1.0
2019-07-15,498.85,499.94,495.65,498.37,395.932425628203,243713,0.0,1.0
2019-07-12,495.0,498.15,491.66,498.06,395.686144648319,203402,0.0,1.0
2019-07-11,488.81,493.26,488.81,492.23,391.054473316954,211837,0.0,1.0
2019-07-10,489.61,492.54,488.4,489.76,389.092170025621,392655,0.0,1.0
2019-07-09,483.95,488.35,478.04,483.76,384.325441382706,311561,0.0,1.0
2019-07-08,495.36,496.0,489.88,491.32,390.331519472778,161445,0.0,1.0
2019-07-05,493.73,497.45,492.0,497.08,394.907578969976,141133,0.0,1.0
2019-07-03,488.11,497.71,486.76,496.8,394.685131633307,155156,0.0,1.0
2019-07-02,484.48,490.54,482.13,488.52,388.107046106085,240487,0.0,1.0
2019-07-01,489.88,491.0,474.49,484.48,384.897448819856,342626,0.0,1.0
2019-06-28,476.1,484.97,474.65,483.8,384.357219573659,556336,0.0,1.0
2019-06-27,480.0,483.53,474.18,476.08,378.224028719776,178702,0.0,1.0
2019-06-26,483.8,485.3,475.82,478.5,380.146609272418,246343,0.0,1.0
2019-06-25,491.12,492.8,481.15,484.4,384.833892437951,298029,0.0,1.0
2019-06-24,498.0,501.17,490.85,491.0,390.077293945156,340414,0.0,1.0
2019-06-21,498.19,498.6,491.73,497.46,395.209471784027,476915,0.0,1.0
2019-06-20,494.35,498.13,492.96,496.71,394.613630703663,414056,0.0,1.0
2019-06-19,480.4,488.55,480.4,487.33,387.16164492524,171646,0.0,1.0
2019-06-18,474.98,483.74,473.65,480.86,382.021522538631,246315,0.0,1.0
2019-06-17,473.18,473.73,468.45,471.54,374.617204046637,183489,0.0,1.0
2019-06-14,472.28,474.25,471.44,472.86,375.665884348079,182124,0.0,1.0
2019-06-13,472.03,474.46,469.73,473.06,375.824775302842,192754,0.0,1.0
2019-06-12,464.78,470.1,464.1,469.11,372.686678946257,248621,0.0,1.0
2019-06-11,476.24,478.86,459.02,467.15,371.129547589572,323029,0.0,1.0
2019-06-10,474.08,478.75,472.56,474.67,377.103847488691,296656,0.0,1.0
2019-06-07,471.54,474.9,466.89,468.88,372.503954348279,393306,0.0,1.0
2019-06-06,467.2,473.14,462.79,468.53,372.225895177442,403046,0.0,1.0
2019-06-05,459.25,467.82,458.23,467.62,371.502941333267,420394,0.0,1.0
2019-06-04,444.6,454.84,441.48,454.82,361.333920228383,299155,0.0,1.0
2019-06-03,440.25,444.52,437.98,441.19,350.505501661229,365317,0.0,1.0
2019-05-31,445.99,448.11,440.61,440.95,350.314832515513,232936,0.0,1.0
2019-05-30,447.08,453.23,445.88,450.64,358.013099273819,221737,0.0,1.0
2019-05-29,445.5,449.59,442.11,446.46,354.692278319256,213231,0.0,1.0
2019-05-28,446.14,451.89,444.7,448.51,356.320910605585,451492,0.0,1.0
2019-05-24,450.26,451.99,445.75,445.9,354.247383645917,159483,0.0,1.0
2019-05-23,454.88,456.1,444.51,447.63,355.621790404624,196332,0.0,1.0
2019-05-22,457.69,460.23,456.29,459.59,365.1234694995,228943,0.0,1.0
2019-05-21,451.65,458.86,449.81,458.5,364.257513796037,382533,0.0,1.0
2019-05-20,455.22,456.03,447.21,448.67,356.448023369396,336384,0.0,1.0
2019-05-17,459.81,463.75,454.79,457.75,363.661672715673,415892,0.0,1.0
2019-05-16,452.74,468.99,452.74,465.14,369.532693494196,361845,0.0,1.0
2019-05-15,463.23,465.3,445.33,452.63,359.594064273719,693902,0.0,1.0
2019-05-14,466.28,474.55,465.3,467.45,371.367884021718,295116,0.0,1.0
2019-05-13,464.01,465.58,457.54,464.18,368.770016911329,397886,0.0,1.0
2019-05-10,470.03,475.26,462.09,473.86,376.460339121898,319110,0.0,1.0
2019-05-09,474.19,474.67,463.22,473.05,375.816830755104,450080,0.0,1.0
2019-05-08,472.31,485.9,470.2,481.54,382.561751784828,396190,0.0,1.0
2019-05-07,470.77,485.23,464.0,469.05,372.639011659828,546339,0.0,1.0
2019-05-06,468.94,475.33,466.54,475.29,377.596409448459,287559,0.0,1.0
2019-05-03,480.65,480.98,473.72,478.35,380.027441056345,183348,0.0,1.0
2019-05-02,476.9,479.07,473.64,478.59,380.218110202062,248407,0.0,1.0
2019-05-01,486.97,489.95,476.81,477.59,379.423655428243,146929,0.0,1.0
2019-04-30,482.79,487.04,481.42,482.52,383.340317463171,317630,0.0,1.0
2019-04-29,482.08,484.95,481.41,482.57,383.380040201862,252906,0.0,1.0
2019-04-26,479.31,483.0,477.0,482.93,383.666043920437,226463,0.0,1.0
2019-04-25,474.95,478.1,471.48,476.81,378.803980704664,173722,0.0,1.0
2019-04-24,481.58,484.36,475.49,477.42,379.288598116694,334287,0.0,1.0
2019-04-23,470.0,480.22,470.0,479.7,381.099955001001,251848,0.0,1.0
2019-04-22,466.91,469.4,464.26,467.33,371.272549448859,338573,0.0,1.0
2019-04-18,457.1,470.02,457.0,469.28,372.821736257806,285512,0.0,1.0
2019-04-17,459.85,460.13,454.3,456.24,362.462046007206,269960,0.0,1.0
2019-04-16,459.13,462.34,457.32,458.13,363.963565529724,157693,0.0,1.0
2019-04-15,464.93,464.93,457.22,458.16,363.987399172939,213147,0.0,1.0
2019-04-12,464.96,466.7,460.55,463.38,368.134453092274,255333,0.0,1.0
2019-04-11,457.09,463.13,457.09,461.52,366.656767212971,563449,0.0,1.0
2019-04-10,454.27,459.1,453.05,456.96,363.034053444356,300509,0.0,1.0
2019-04-09,458.52,460.22,453.17,454.37,360.976415580164,300521,0.0,1.0
2019-04-08,459.01,462.44,456.37,462.32,367.292331032026,286751,0.0,1.0
2019-04-05,464.21,467.34,461.12,462.78,367.657780227983,233018,0.0,1.0
2019-04-04,466.47,469.01,462.62,463.31,368.078841258107,219257,0.0,1.0
2019-04-03,464.43,465.94,458.84,465.47,369.794863569556,270228,0.0,1.0
2019-04-02,464.59,466.23,460.58,461.31,366.489931710469,226078,0.0,1.0
2019-04-01,457.55,464.86,457.55,464.39,368.936852413831,278827,0.0,1.0
2019-03-29,451.96,454.35,450.23,453.99,360.674522766113,309040,0.0,1.0
2019-03-28,446.62,450.02,439.49,449.15,356.829361660829,247343,0.0,1.0
2019-03-27,446.92,449.22,440.17,445.58,353.993158118295,225721,0.0,1.0
2019-03-26,450.42,451.17,439.95,445.58,353.993158118295,424177,0.0,1.0
2019-03-25,444.5,447.67,439.32,447.01,355.129228444856,267614,0.0,1.0
2019-03-22,452.45,454.25,444.32,444.71,353.301982465072,286249,0.0,1.0
2019-03-21,444.07,454.55,443.25,453.73,360.46796452492,241773,0.0,1.0
2019-03-20,449.2,450.31,444.23,445.62,354.024936309248,358084,0.0,1.0
2019-03-19,452.1,455.72,446.99,448.8,356.551302489992,438815,0.0,1.0
2019-03-18,440.91,449.85,440.5,449.07,356.765805278923,376434,0.0,1.0
2019-03-15,442.75,443.7,438.22,439.87,349.456821359788,945683,0.0,1.0
2019-03-14,439.32,445.93,439.32,442.58,351.609793796838,411008,0.0,1.0
2019-03-13,438.0,443.55,437.39,439.94,349.512433193955,501521,0.0,1.0
2019-03-12,433.07,438.06,431.65,436.8,347.017845204164,446422,0.0,1.0
2019-03-11,423.76,433.48,423.0,432.86,343.887693395316,657479,0.0,1.0
2019-03-08,423.59,428.48,422.06,427.67,339.764473119196,312106,0.0,1.0
2019-03-07,426.25,429.55,421.98,427.75,339.828029501101,354308,0.0,1.0
2019-03-06,427.99,430.35,425.22,426.99,339.224243872999,291121,0.0,1.0
2019-03-05,433.99,438.31,424.37,428.99,340.813153420637,768172,0.0,1.0
2019-03-04,440.12,445.51,429.63,434.98,345.571937515813,376290,0.0,1.0
2019-03-01,436.94,440.0,434.34,437.31,347.423017138811,235433,0.0,1.0
2019-02-28,429.92,438.58,428.01,434.09,344.864872767114,417450,0.0,1.0
2019-02-27,430.98,432.62,429.19,429.48,341.202436259808,400219,0.0,1.0
2019-02-26,434.21,435.23,429.31,431.85,343.085294073759,715610,0.0,1.0
2019-02-25,440.0,440.0,434.21,435.94,346.334614098679,331390,0.0,1.0
2019-02-22,436.73,437.01,434.01,436.89,347.089346133807,214964,0.0,1.0
2019-02-21,435.98,437.58,432.46,433.48,344.380255355084,368256,0.0,1.0
2019-02-20,435.77,440.25,435.32,436.19,346.533227792134,358992,0.0,1.0
2019-02-19,438.33,439.55,435.36,436.54,346.811286962971,309583,0.0,1.0
2019-02-15,433.82,440.18,433.33,440.09,349.631601410028,302669,0.0,1.0
2019-02-14,427.2,432.6,427.2,429.77,341.432828144216,601931,0.0,1.0
2019-02-13,432.64,433.47,425.0,432.09,343.275963219476,279572,0.0,1.0
2019-02-12,432.0,432.96,429.43,431.18,342.5530093753,301808,0.0,1.0
2019-02-11,426.59,429.0,424.96,428.73,340.606595179444,312606,0.0,1.0
2019-02-08,417.87,425.39,417.87,425.39,337.953116234888,367255,0.0,1.0
2019-02-07,418.45,421.24,415.45,420.98,334.449570682346,481588,0.0,1.0
2019-02-06,419.38,419.9,413.18,419.9,333.591559526621,503873,0.0,1.0
2019-02-05,428.75,428.75,414.6,418.07,332.137707290533,805082,0.0,1.0
2019-02-04,393.77,403.05,392.15,402.63,319.871325582766,576613,0.0,1.0
2019-02-01,391.5,395.46,386.03,393.23,312.403450708867,322865,0.0,1.0
2019-01-31,384.34,393.56,383.9,391.0,310.631816563251,480625,0.0,1.0
2019-01-30,378.66,387.95,376.0,385.06,305.912755206766,746481,0.0,1.0
2019-01-29,356.93,379.86,356.93,375.72,298.492547619296,706798,0.0,1.0
2019-01-28,347.47,351.48,344.61,350.77,278.67090101251,255953,0.0,1.0
2019-01-25,352.39,355.44,350.4,351.86,279.536856715973,235240,0.0,1.0
2019-01-24,346.41,351.47,346.21,348.76,277.074046917134,135289,0.0,1.0
2019-01-23,347.02,351.93,341.75,347.42,276.009477520216,230302,0.0,1.0
2019-01-22,352.81,354.21,341.78,343.59,272.966715736489,314826,0.0,1.0
2019-01-18,351.72,355.96,350.08,355.89,282.738509454464,383007,0.0,1.0
2019-01-17,347.0,353.03,346.85,349.05,277.304438801541,381233,0.0,1.0
2019-01-16,349.43,349.55,346.68,348.67,277.00254598749,288766,0.0,1.0
2019-01-15,348.17,349.88,345.35,348.89,277.17732603773,265643,0.0,1.0
2019-01-14,345.79,350.91,343.48,348.06,276.517928575461,325857,0.0,1.0
2019-01-11,347.5,349.65,344.9,349.5,277.66194344976,219250,0.0,1.0
2019-01-10,344.41,351.0,341.0,349.89,277.971780811549,369589,0.0,1.0
2019-01-09,346.81,349.46,345.41,346.5,275.278579128303,307719,0.0,1.0
2019-01-08,345.36,348.43,342.24,345.86,274.770128073059,360474,0.0,1.0
2019-01-07,340.89,344.26,338.64,341.53,271.330138902422,329294,0.0,1.0
2019-01-04,330.74,340.97,329.35,340.97,270.885244229083,285557,0.0,1.0
2019-01-03,337.88,337.88,324.86,325.55,258.634751616794,404148,0.0,1.0
2019-01-02,335.51,340.805,330.38,339.65,269.836563927642,313253,0.0,1.0
2018-12-31,338.74,343.3799,337.17,340.06,270.162290384908,355384,0.0,1.0
2018-12-28,333.71,340.67,330.435,335.28,266.364796566053,251251,0.0,1.0
2018-12-27,327.14,331.86,316.48,331.86,263.647761239592,429915,0.0,1.0
2018-12-26,316.0,332.96,314.17,332.49,264.148267747098,521064,0.0,1.0
2018-12-24,318.71,322.66,311.46,314.51,249.863970913831,316856,0.0,1.0
2018-12-21,323.62,330.5,320.24,322.73,256.394389154624,551430,0.0,1.0
2018-12-20,331.58,335.57,321.85,324.32,257.657572244996,583810,0.0,1.0
2018-12-19,343.73,348.26,330.0,333.35,264.831498852582,402924,0.0,1.0
2018-12-18,342.84,347.16,338.59,342.85,272.378819203863,350086,0.0,1.0
2018-12-17,345.34,351.89,336.7401,339.85,269.995454882406,392128,0.0,1.0
2018-12-14,344.8,350.2,344.25,346.8,275.516915560449,277885,0.0,1.0
2018-12-13,353.93,355.3,347.93,348.08,276.533817670937,203877,0.0,1.0
2018-12-12,350.99,357.95,350.99,353.56,280.887429831465,206076,0.0,1.0
2018-12-11,352.61,357.63,344.82,345.73,274.666848952462,317088,0.0,1.0
2018-12-10,341.54,349.17,336.96,345.79,274.714516238891,426811,0.0,1.0
2018-12-07,348.14,354.08,338.92,343.38,272.799880233987,366247,0.0,1.0
2018-12-06,347.17,352.28,342.03,347.85,276.351093072959,665690,0.0,1.0
2018-12-04,371.08,371.81,352.95,353.81,281.08604352492,582382,0.0,1.0
2018-12-03,369.15,374.35,368.39,372.39,295.847013222478,507878,0.0,1.0
2018-11-30,367.81,368.47,357.81,361.67,287.330458047138,492113,0.0,1.0
2018-11-29,360.14,370.63,358.76,367.37,291.858850257906,370872,0.0,1.0
2018-11-28,351.0,361.63,351.0,360.58,286.464502343675,350521,0.0,1.0
2018-11-27,347.48,349.16,343.24,348.48,276.851599580464,343396,0.0,1.0
2018-11-26,344.57,350.7,343.69,350.34,278.329285459768,393205,0.0,1.0
2018-11-23,336.25,345.74,335.77,341.11,270.996467897418,155327,0.0,1.0
2018-11-21,332.24,340.86,330.16,338.69,269.073887344776,400900,0.0,1.0
2018-11-20,331.45,331.45,317.44,329.46,261.741069782426,1019384,0.0,1.0
2018-11-19,346.66,349.2,336.75,337.87,268.422434430244,299508,0.0,1.0
2018-11-16,342.22,350.3,341.55,347.77,276.287536691053,327732,0.0,1.0
2018-11-15,337.81,344.63,334.47,344.43,273.634057746497,405999,0.0,1.0
2018-11-14,348.14,350.65,339.5,339.96,270.082844907526,408230,0.0,1.0
2018-11-13,342.9,348.06,340.91,345.64,274.595348022818,560538,0.0,1.0
2018-11-12,356.97,356.97,341.95,343.13,272.601266540533,621127,0.0,1.0
2018-11-09,356.06,358.46,353.26,357.46,283.98580344936,263201,0.0,1.0
2018-11-08,360.51,365.0,353.36,357.63,284.120860760909,315357,0.0,1.0
2018-11-07,357.84,361.13,352.97,360.51,286.408890509508,468438,0.0,1.0
2018-11-06,347.98,366.69,344.02,355.15,282.150612921838,889147,0.0,1.0
2018-11-05,345.2,347.43,342.69,347.17,275.810863826762,629830,0.0,1.0
2018-11-02,347.35,353.85,341.49,344.16,273.419554957566,534527,0.0,1.0
2018-11-01,332.39,346.24,331.58,345.59,274.555625284127,545787,0.0,1.0
2018-10-31,322.0,334.77,322.0,330.25,262.368689053743,385358,0.0,1.0
2018-10-30,312.95,318.24,311.96,317.41,252.167889757906,583282,0.0,1.0
2018-10-29,320.85,322.88,307.36,312.09,247.941390361189,589039,0.0,1.0
2018-10-26,323.38,326.01,315.45,315.89,250.960318501701,782333,0.0,1.0
2018-10-25,325.66,331.38,320.01,327.89,260.49377578753,575193,0.0,1.0
2018-10-24,334.34,336.84,322.2,322.74,256.402333702362,509563,0.0,1.0
2018-10-23,328.92,335.42,326.27,332.86,264.442216013411,433301,0.0,1.0
2018-10-22,337.48,339.64,333.67,334.78,265.967569179143,598814,0.0,1.0
2018-10-19,337.49,340.34,334.18,337.19,267.882205184047,462255,0.0,1.0
2018-10-18,344.91,345.96,336.2,337.16,267.858371540833,494186,0.0,1.0
2018-10-17,345.44,348.25,342.0,347.78,276.295481238791,605987,0.0,1.0
2018-10-16,329.56,345.19,326.21,344.7,273.848560535428,850307,0.0,1.0
2018-10-15,325.0,328.99,325.0,327.49,260.175993878003,582373,0.0,1.0
2018-10-12,325.0,328.91,320.27,323.39,256.918729305344,903538,0.0,1.0
2018-10-11,338.19,338.19,317.05,321.13,255.123261516513,1205100,0.0,1.0
2018-10-10,331.0,347.85,331.0,340.06,270.162290384908,1186600,0.0,1.0
2018-10-09,355.81,355.81,349.01,351.21,279.020461112991,326769,0.0,1.0
2018-10-08,358.61,360.92,352.52,355.85,282.706731263511,273999,0.0,1.0
2018-10-05,366.89,367.47,359.97,360.34,286.273833197958,286349,0.0,1.0
2018-10-04,370.91,370.91,364.54,367.24,291.75557113731,175282,0.0,1.0
2018-10-03,370.93,374.31,369.3,372.04,295.568954051641,239963,0.0,1.0
2018-10-02,370.37,371.93,368.52,369.93,293.892654478883,152160,0.0,1.0
2018-10-01,375.09,375.35,367.82,370.17,294.0833236246,287119,0.0,1.0
2018-09-28,373.33,375.28,371.53,372.3,295.775512292834,564822,0.0,1.0
2018-09-27,371.1,375.4,371.1,372.65,296.053571463671,277547,0.0,1.0
2018-09-26,369.7,372.52,368.47,369.87,293.844987192454,413111,0.0,1.0
2018-09-25,365.43,370.1,364.92,368.85,293.034643323159,136414,0.0,1.0
2018-09-24,369.18,369.35,364.19,365.71,290.540055333367,151061,0.0,1.0
2018-09-21,369.75,370.47,367.56,368.37,292.653305031726,422182,0.0,1.0
2018-09-20,371.12,371.12,365.43,368.59,292.828085081966,223380,0.0,1.0
2018-09-19,373.84,374.48,368.3,369.19,293.304757946257,189730,0.0,1.0
2018-09-18,368.32,373.66,367.98,372.82,296.18862877522,310212,0.0,1.0
2018-09-17,370.01,371.41,365.4,367.99,292.351412217674,515818,0.0,1.0
2018-09-14,358.87,371.24,358.78,369.99,293.940321765312,629249,0.0,1.0
2018-09-13,356.79,359.58,356.72,358.36,284.700812745797,234906,0.0,1.0
2018-09-12,356.33,359.06,354.17,355.52,282.444561188151,195193,0.0,1.0
2018-09-11,354.16,357.21,354.16,356.96,283.58857606245,355800,0.0,1.0
2018-09-10,352.5,356.9,352.5,355.57,282.484283926842,233997,0.0,1.0
2018-09-07,353.28,355.3,350.11,351.54,279.282631188351,333855,0.0,1.0
2018-09-06,352.53,355.98,352.53,353.75,281.038376238491,228009,0.0,1.0
2018-09-05,351.27,352.24,347.92,351.71,279.4176884999,309939,0.0,1.0
2018-09-04,349.32,351.91,346.97,351.52,279.266742092874,520726,0.0,1.0
2018-08-31,348.17,350.32,346.92,350.0,278.059170836669,571491,0.0,1.0
2018-08-30,357.5,358.14,348.61,349.46,277.630165258807,365086,0.0,1.0
2018-08-29,359.96,360.52,357.36,357.53,284.041415283527,213519,0.0,1.0
2018-08-28,359.88,360.73,356.23,359.03,285.233097444256,334478,0.0,1.0
2018-08-27,356.81,360.33,355.5,359.15,285.328432017114,452404,0.0,1.0
2018-08-24,355.84,356.13,353.55,354.96,281.999666514812,171405,0.0,1.0
2018-08-23,356.57,358.54,354.4,354.75,281.83283101231,188561,0.0,1.0
2018-08-22,359.43,361.71,356.78,357.01,283.628298801141,243494,0.0,1.0
2018-08-21,356.41,361.64,356.41,359.91,285.932217645216,325812,0.0,1.0
2018-08-20,354.58,359.53,354.17,356.53,283.246960509708,304443,0.0,1.0
2018-08-17,354.45,355.28,352.48,353.59,280.91126347468,154371,0.0,1.0
2018-08-16,354.37,357.27,352.42,354.16,281.364102695757,202564,0.0,1.0
2018-08-15,355.56,355.58,347.21,351.43,279.195241163231,362439,0.0,1.0
2018-08-14,357.18,358.26,353.39,356.54,283.254905057446,292445,0.0,1.0
2018-08-13,357.45,361.15,354.23,356.03,282.849733122798,250912,0.0,1.0
2018-08-10,358.26,359.54,356.07,357.02,283.636243348879,288925,0.0,1.0
2018-08-09,357.28,362.94,356.83,359.38,285.511156615092,537355,0.0,1.0
2018-08-08,357.22,360.0,355.46,357.5,284.017581640312,345223,0.0,1.0
2018-08-07,354.15,359.84,348.35,356.7,283.382017821257,1020955,0.0,1.0
2018-08-06,369.8,373.45,367.75,369.0,293.153811539232,600677,0.0,1.0
2018-08-03,368.37,371.04,366.32,369.82,293.805264453763,388561,0.0,1.0
2018-08-02,367.2,369.8,365.38,367.67,292.097186690052,445256,0.0,1.0
2018-08-01,374.32,376.39,367.67,368.68,292.899586011609,270657,0.0,1.0
2018-07-31,368.33,377.67,368.33,375.54,298.349545760008,500153,0.0,1.0
2018-07-30,368.54,370.72,365.36,365.95,290.730724479083,442280,0.0,1.0
2018-07-27,374.08,374.77,367.63,370.0,293.948266313051,243921,0.0,1.0
2018-07-26,372.07,375.54,370.09,372.93,296.27601880034,246939,0.0,1.0
2018-07-25,363.22,372.77,361.55,372.07,295.592787694856,232923,0.0,1.0
2018-07-24,360.38,364.52,358.15,363.66,288.911423047038,342355,0.0,1.0
2018-07-23,364.95,364.95,358.05,358.12,284.51014360008,231082,0.0,1.0
2018-07-20,361.86,368.34,359.16,364.89,289.888602418835,363938,0.0,1.0
2018-07-19,361.04,363.24,359.16,362.91,288.315581966674,293867,0.0,1.0
2018-07-18,362.89,364.02,359.75,360.08,286.067274956766,322246,0.0,1.0
2018-07-17,361.02,364.52,359.99,362.88,288.291748323459,239311,0.0,1.0
2018-07-16,360.94,367.29,359.26,361.03,286.822006991894,230206,0.0,1.0
2018-07-13,357.0,362.06,357.0,360.89,286.710783323559,249184,0.0,1.0
2018-07-12,353.59,358.91,352.63,356.23,283.008624077562,552832,0.0,1.0
2018-07-11,352.67,353.15,349.9,351.41,279.179352067754,226291,0.0,1.0
2018-07-10,352.4,353.48,351.43,352.37,279.942028650621,135576,0.0,1.0
2018-07-09,349.83,355.0,349.0,352.95,280.402812419436,432196,0.0,1.0
2018-07-06,347.54,350.0,345.97,348.01,276.47820583677,144010,0.0,1.0
2018-07-05,347.34,348.01,343.79,347.51,276.08097844986,333032,0.0,1.0
2018-07-03,344.4,347.28,343.56,344.44,273.642002294236,159674,0.0,1.0
2018-07-02,343.22,344.02,338.04,342.61,272.188150058147,310771,0.0,1.0
2018-06-29,337.77,347.66,334.89,345.14,274.198120635909,409140,0.0,1.0
2018-06-28,338.37,338.42,331.76,336.82,267.588256917734,441995,0.0,1.0
2018-06-27,339.72,346.42,338.27,338.36,268.811717269416,380638,0.0,1.0
2018-06-26,338.25,340.97,335.26,339.14,269.431391992995,254398,0.0,1.0
2018-06-25,340.49,342.09,336.74,337.93,268.470101716673,916337,0.0,1.0
2018-06-22,342.5,343.68,341.04,342.24,271.894201791834,515415,0.0,1.0
2018-06-21,340.01,341.78,336.44,340.76,270.718408726581,350882,0.0,1.0
2018-06-20,337.1,342.12,337.02,340.94,270.861410585869,249039,0.0,1.0
2018-06-19,339.16,342.08,336.1,337.19,267.882205184047,323448,0.0,1.0
2018-06-18,339.97,340.8,338.01,340.16,270.24173586229,305589,0.0,1.0
2018-06-15,342.58,343.46,339.35,339.91,270.043122168835,766186,0.0,1.0
2018-06-14,341.68,344.27,339.28,344.17,273.427499505304,295104,0.0,1.0
2018-06-13,343.25,344.69,339.88,340.29,270.345014982886,211855,0.0,1.0
2018-06-12,342.99,343.24,339.0,343.01,272.505931967674,168643,0.0,1.0
2018-06-11,345.5,346.27,340.4,342.0,271.703532646117,259907,0.0,1.0
2018-06-08,340.36,346.51,338.58,346.0,274.881351741393,253742,0.0,1.0
2018-06-07,339.75,343.9,338.59,340.11,270.202013123599,317038,0.0,1.0
2018-06-06,336.47,339.88,336.03,339.79,269.947787595977,255441,0.0,1.0
2018-06-05,337.66,338.17,333.99,336.3,267.175140435348,327658,0.0,1.0
2018-06-04,339.0,339.97,335.5,337.93,268.470101716673,164367,0.0,1.0
2018-06-01,336.39,339.8,335.61,338.43,268.867329103583,242026,0.0,1.0
2018-05-31,336.17,338.99,333.59,334.11,265.435284480685,590795,0.0,1.0
2018-05-30,333.65,336.99,331.15,335.82,266.793802143915,293510,0.0,1.0
2018-05-29,332.12,335.7,331.13,333.17,264.688496993295,441176,0.0,1.0
2018-05-25,335.11,336.39,332.68,334.1,265.427339932946,172135,0.0,1.0
2018-05-24,333.43,337.09,332.72,335.75,266.738190309748,251278,0.0,1.0
2018-05-23,326.35,334.08,325.6,333.72,265.125447118895,259483,0.0,1.0
2018-05-22,332.78,334.44,326.47,327.76,260.390496666934,254325,0.0,1.0
2018-05-21,331.9,335.05,331.04,332.7,264.3151032496,233111,0.0,1.0
2018-05-18,323.74,330.57,323.74,330.1,262.24952083767,249807,0.0,1.0
2018-05-17,323.52,325.4,321.74,324.33,257.665516792734,213134,0.0,1.0
2018-05-16,324.57,325.31,322.95,323.52,257.022008425941,301948,0.0,1.0
2018-05-15,328.5,328.59,323.99,325.39,258.507638852982,448002,0.0,1.0
2018-05-14,334.0,334.84,330.78,332.67,264.291269606385,328845,0.0,1.0
2018-05-11,335.47,336.98,332.6,333.84,265.220781691754,196518,0.0,1.0
2018-05-10,336.23,338.89,334.59,335.71,266.706412118795,405475,0.0,1.0
2018-05-09,333.65,335.28,332.57,334.48,265.729232746998,304742,0.0,1.0
2018-05-08,329.11,333.03,329.11,331.89,263.671594882806,465109,0.0,1.0
2018-05-07,322.93,330.5,322.93,329.11,261.463010611589,476171,0.0,1.0
2018-05-04,318.86,324.51,318.81,322.97,256.58505830034,316456,0.0,1.0
2018-05-03,317.75,322.05,314.88,320.21,254.3923631246,282876,0.0,1.0
2018-05-02,314.51,322.0,313.72,318.97,253.407239205064,417414,0.0,1.0
2018-05-01,321.81,327.04,311.11,314.35,249.73685815002,733361,0.0,1.0
2018-04-30,322.15,326.25,320.06,320.57,254.678366843175,710128,0.0,1.0
2018-04-27,324.06,326.5,318.67,320.32,254.47975314972,363822,0.0,1.0
2018-04-26,325.17,328.51,322.49,324.94,258.150134204764,334614,0.0,1.0
2018-04-25,326.12,326.65,317.52,324.38,257.705239531425,478075,0.0,1.0
2018-04-24,329.9,333.62,321.08,326.58,259.453040033827,471121,0.0,1.0
2018-04-23,327.44,330.51,327.0,328.13,260.684444933247,357116,0.0,1.0
2018-04-20,330.28,331.19,326.92,327.7,260.342829380504,298553,0.0,1.0
2018-04-19,327.0,330.15,326.07,329.06,261.423287872898,354767,0.0,1.0
2018-04-18,325.13,328.79,323.67,326.37,259.286204531325,231392,0.0,1.0
2018-04-17,321.29,325.05,319.31,323.63,257.109398451061,402339,0.0,1.0
2018-04-16,313.03,321.33,312.63,320.25,254.424141315553,548185,0.0,1.0
2018-04-13,309.62,311.7,306.53,309.22,245.661305160328,378446,0.0,1.0
2018-04-12,307.4,310.89,307.04,308.19,244.843016743295,386441,0.0,1.0
2018-04-11,305.1,310.34,304.44,306.74,243.691057321257,218516,0.0,1.0
2018-04-10,308.12,308.55,304.25,306.24,243.293829934348,356017,0.0,1.0
2018-04-09,308.21,309.73,302.98,303.2,240.878687421938,414341,0.0,1.0
2018-04-06,309.54,311.57,305.17,306.36,243.389164507206,463178,0.0,1.0
2018-04-05,308.99,312.96,307.44,310.94,247.027767371297,518345,0.0,1.0
2018-04-04,300.82,308.57,298.58,308.11,244.779460361389,498377,0.0,1.0
2018-04-03,302.95,305.73,299.97,305.47,242.682099758507,343222,0.0,1.0
2018-04-02,305.41,307.5,298.36,301.07,239.186498753703,381410,0.0,1.0
2018-03-29,303.58,307.9,303.23,306.94,243.849948276021,607950,0.0,1.0
2018-03-28,305.62,306.21,298.15,300.79,238.964051417034,498250,0.0,1.0
2018-03-27,310.88,313.93,303.33,305.14,242.419929683147,449914,0.0,1.0
2018-03-26,306.21,309.74,303.32,309.39,245.796362471878,246673,0.0,1.0
2018-03-23,302.59,308.91,301.78,302.8,240.56090551241,567240,0.0,1.0
2018-03-22,307.32,310.99,302.43,302.73,240.505293678243,596017,0.0,1.0
2018-03-21,307.63,311.92,306.79,309.34,245.756639733187,411658,0.0,1.0
2018-03-20,303.78,309.75,301.85,308.14,244.803294004604,452581,0.0,1.0
2018-03-19,300.84,304.14,298.25,302.5,240.322569080264,621898,0.0,1.0
2018-03-16,296.17,299.57,292.43,299.23,237.724701969876,574110,0.0,1.0
2018-03-15,295.65,296.6,291.05,296.0,235.15861305044,493998,0.0,1.0
2018-03-14,291.69,297.16,289.43,295.12,234.45949284948,617846,0.0,1.0
2018-03-13,288.72,293.25,287.75,289.51,230.002601568355,832993,0.0,1.0
2018-03-12,293.35,293.75,287.65,288.0,228.802974859888,525056,0.0,1.0
2018-03-09,287.66,293.53,287.01,292.0,231.980793955164,1013692,0.0,1.0
2018-03-08,288.4,288.4,283.66,286.01,227.222009859988,721138,0.0,1.0
2018-03-07,282.2,288.27,280.96,287.02,228.024409181545,1034727,0.0,1.0
2018-03-06,286.98,287.34,280.62,284.09,225.696656694255,1736870,0.0,1.0
2018-03-05,283.0,286.06,280.25,285.58,226.880394307246,369263,0.0,1.0
2018-03-02,283.41,286.28,280.26,285.15,226.538778754504,667375,0.0,1.0
2018-03-01,288.28,288.3,278.99,284.56,226.07005043795,708261,0.0,1.0
2018-02-28,292.5,294.35,288.24,288.31,229.049255839772,503855,0.0,1.0
2018-02-27,295.95,296.97,291.26,291.38,231.488231995396,311670,0.0,1.0
2018-02-26,298.49,299.92,292.19,295.16,234.491271040432,351079,0.0,1.0
2018-02-23,294.54,298.06,292.48,297.78,236.572742547838,308843,0.0,1.0
2018-02-22,294.34,298.35,291.65,292.99,232.767304181245,245941,0.0,1.0
2018-02-21,298.75,302.22,292.56,292.72,232.552801392314,401032,0.0,1.0
2018-02-20,297.12,301.29,296.52,298.75,237.343363678443,299690,0.0,1.0
2018-02-16,297.72,300.14,296.68,298.35,237.025581768915,460171,0.0,1.0
2018-02-15,292.77,298.53,291.76,298.44,237.097082698559,651690,0.0,1.0
2018-02-14,283.61,291.01,281.8,290.39,230.701721769316,417137,0.0,1.0
2018-02-13,285.37,287.43,281.46,285.8,227.055174357486,363392,0.0,1.0
2018-02-12,283.8,289.46,281.59,286.2,227.372956267014,473479,0.0,1.0
2018-02-09,287.16,287.5,274.28,282.55,224.473196342574,971329,0.0,1.0
2018-02-08,297.0,297.0,281.77,283.0,224.830700990793,861295,0.0,1.0
2018-02-07,290.61,300.84,288.62,292.1,232.060239432546,559015,0.0,1.0
2018-02-06,277.0,292.84,268.4,290.66,230.916224558247,1139863,0.0,1.0
2018-02-05,306.39,311.73,293.46,296.86,235.841844155925,702766,0.0,1.0
2018-02-02,312.81,314.07,306.66,307.28,244.120062899119,462336,0.0,1.0
2018-02-01,315.96,318.47,313.97,315.2,250.412144707766,393462,0.0,1.0
2018-01-31,319.98,321.38,316.73,316.91,251.770662370997,438824,0.0,1.0
2018-01-30,315.62,319.98,314.61,317.37,252.136111566954,346392,0.0,1.0
2018-01-29,312.68,320.36,312.68,317.28,252.06461063731,556538,0.0,1.0
2018-01-26,308.53,314.61,306.55,314.13,249.56207809978,312004,0.0,1.0
2018-01-25,304.25,307.27,302.3,306.85,243.778447346377,378258,0.0,1.0
2018-01-24,300.04,306.14,299.64,303.9,241.434805763611,422213,0.0,1.0
2018-01-23,297.0,300.69,296.16,300.37,238.63038041203,322705,0.0,1.0
2018-01-22,297.33,299.33,294.46,296.85,235.833899608187,279833,0.0,1.0
2018-01-19,296.0,299.66,291.67,299.17,237.677034683447,365997,0.0,1.0
2018-01-18,294.49,296.21,292.41,294.1,233.649148980184,305461,0.0,1.0
2018-01-17,295.97,296.13,293.37,294.44,233.919263603283,377951,0.0,1.0
2018-01-16,294.09,296.96,292.77,293.85,233.45053528673,561564,0.0,1.0
2018-01-12,288.72,294.32,288.1,292.5,232.378021342074,392970,0.0,1.0
2018-01-11,282.47,287.81,281.61,287.51,228.413692020717,313346,0.0,1.0
2018-01-10,282.12,282.31,279.54,281.23,223.424516041133,343131,0.0,1.0
2018-01-09,277.42,282.65,276.68,282.41,224.36197267424,378497,0.0,1.0
2018-01-08,274.66,277.5,273.97,276.02,219.285406669536,541515,0.0,1.0
2018-01-05,274.21,275.8,273.24,274.91,218.403561870597,223215,0.0,1.0
2018-01-04,271.74,273.45,268.62,272.84,216.759040488791,636798,0.0,1.0
2018-01-03,271.99,271.99,265.29,270.22,214.677568981385,1006087,0.0,1.0
2018-01-02,275.46,276.0,271.47,275.11,218.56245282536,325332,0.0,1.0
2017-12-29,276.61,279.5,274.62,274.62,218.173169986189,247988,0.0,1.0
2017-12-28,274.32,276.11,272.88,275.77,219.086792976081,294336,0.0,1.0
2017-12-27,273.62,274.92,271.95,273.81,217.529661619396,257671,0.0,1.0
2017-12-26,270.83,274.05,270.69,273.11,216.973543277722,187940,0.0,1.0
2017-12-22,273.32,273.32,270.32,270.65,215.019184534127,187948,0.0,1.0
2017-12-21,272.29,274.48,268.84,272.86,216.774929584268,435820,0.0,1.0
2017-12-20,272.45,273.2,270.64,271.42,215.630914709968,238736,0.0,1.0
2017-12-19,275.66,277.48,270.64,270.92,215.233687323059,325525,0.0,1.0
2017-12-18,277.78,280.47,274.18,275.4,218.792844709768,337859,0.0,1.0
2017-12-15,275.72,278.33,274.71,276.55,219.70646769966,441581,0.0,1.0
2017-12-14,273.35,279.37,273.35,274.48,218.061946317854,520946,0.0,1.0
2017-12-13,270.39,273.56,270.03,272.6,216.568371343075,525577,0.0,1.0
2017-12-12,271.43,271.83,268.4,270.0,214.502788931145,489368,0.0,1.0
2017-12-11,274.04,276.38,273.18,274.38,217.982500840472,340421,0.0,1.0
2017-12-08,275.93,277.49,274.04,274.62,218.173169986189,281342,0.0,1.0
2017-12-07,273.39,276.62,272.4,275.15,218.594231016313,470849,0.0,1.0
2017-12-06,272.11,275.2627,272.11,274.0,217.680608026421,194063,0.0,1.0
2017-12-05,275.84,275.84,270.62,271.95,216.051975740092,374013,0.0,1.0
2017-12-04,281.97,282.99,273.89,275.01,218.483007347978,498877,0.0,1.0
2017-12-01,283.35,284.64,277.13,279.87,222.344057548739,402168,0.0,1.0
2017-11-30,280.0,284.26,279.58,283.79,225.45832026211,417634,0.0,1.0
2017-11-29,277.23,279.51,274.63,279.32,221.907107423139,335070,0.0,1.0
2017-11-28,274.93,277.09,273.68,277.06,220.111639634308,317359,0.0,1.0
2017-11-27,274.86,276.885,270.325,273.99,217.672663478683,424390,0.0,1.0
2017-11-24,270.32,275.99,268.97,275.65,218.991458403223,296415,0.0,1.0
2017-11-22,268.07,269.5,266.65,268.99,213.700389609588,342705,0.0,1.0
2017-11-21,267.73,268.6,265.7,267.15,212.238592825761,530512,0.0,1.0
2017-11-20,263.29,267.82,263.18,266.64,211.833420891113,342671,0.0,1.0
2017-11-17,267.08,267.54,262.72,263.08,209.005161896317,296069,0.0,1.0
2017-11-16,266.51,271.81,266.2568,268.4,213.231661293035,467850,0.0,1.0
2017-11-15,267.02,267.02,262.75,265.15,210.649683278123,419058,0.0,1.0
2017-11-14,262.17,268.37,261.78,268.02,212.929768478983,371413,0.0,1.0
2017-11-13,266.09,266.24,261.61,262.0,208.147150740593,714573,0.0,1.0
2017-11-10,267.13,270.67,262.5,267.0,212.119424609688,753998,0.0,1.0
2017-11-09,264.03,275.7,260.83,265.58,210.991298830865,1221368,0.0,1.0
2017-11-08,282.17,285.565,281.56,284.97,226.395776895216,658252,0.0,1.0
2017-11-07,283.58,283.58,279.75,283.33,225.092871066153,529741,0.0,1.0
2017-11-06,282.23,284.38,281.38,283.0,224.830700990793,386656,0.0,1.0
2017-11-03,281.9,285.15,280.49,282.52,224.44936269936,408627,0.0,1.0
2017-11-02,279.84,283.63,279.84,282.55,224.473196342574,662123,0.0,1.0
2017-11-01,279.64,282.87,278.93,280.95,223.202068704464,421197,0.0,1.0
2017-10-31,277.6,278.77,276.22,277.5,220.461199734788,354214,0.0,1.0
2017-10-30,275.99,278.28,275.13,277.2,220.222863302642,376541,0.0,1.0
2017-10-27,272.81,277.5,270.73,277.5,220.461199734788,555857,0.0,1.0
2017-10-26,273.45,273.68,269.881,273.0,216.886153252602,520708,0.0,1.0
2017-10-25,267.42,273.71,267.42,272.64,216.600149534027,268466,0.0,1.0
2017-10-24,266.83,268.48,265.75,267.82,212.770877524219,177736,0.0,1.0
2017-10-23,268.99,269.86,267.07,267.58,212.580208378503,241945,0.0,1.0
2017-10-20,265.78,268.62,263.54,268.6,213.390552247798,328391,0.0,1.0
2017-10-19,265.14,265.83,262.57,264.5,210.13328767514,357624,0.0,1.0
2017-10-18,266.38,266.525,264.36,265.7,211.086633403723,435543,0.0,1.0
2017-10-17,263.42,266.58,262.165,266.0,211.324969835869,426017,0.0,1.0
2017-10-16,266.4,267.41,261.94,263.62,209.434167474179,327889,0.0,1.0
2017-10-13,266.31,267.12,265.39,265.49,210.919797901221,386259,0.0,1.0
2017-10-12,264.36,266.47,264.26,266.16,211.45208259968,295959,0.0,1.0
2017-10-11,266.79,267.03,262.49,264.56,210.180954961569,388692,0.0,1.0
2017-10-10,267.11,267.11,265.19,266.53,211.746030865993,222521,0.0,1.0
2017-10-09,264.97,266.58,263.93,266.4,211.642751745396,178993,0.0,1.0
2017-10-06,267.75,268.782,263.65,264.97,210.506681418835,398751,0.0,1.0
2017-10-05,263.15,269.34,262.69,268.25,213.112493076962,840207,0.0,1.0
2017-10-04,261.54,263.58,261.345,262.88,208.846270941553,462481,0.0,1.0
2017-10-03,258.13,262.35,256.05,262.33,208.409320815953,352765,0.0,1.0
2017-10-02,256.64,258.21,254.94,258.18,205.112333504604,368375,0.0,1.0
2017-09-29,253.24,255.87,252.35,255.65,203.102362926842,317057,0.0,1.0
2017-09-28,253.44,255.34,252.79,253.55,201.434007901822,312322,0.0,1.0
2017-09-27,256.49,257.59,254.13,254.47,202.164906293735,335133,0.0,1.0
2017-09-26,258.43,259.54,255.78,256.55,203.817372223279,323764,0.0,1.0
2017-09-25,260.28,260.395,255.21,258.22,205.144111695557,335478,0.0,1.0
2017-09-22,263.98,264.66,259.65,260.4,206.876023102482,274581,0.0,1.0
2017-09-21,258.47,265.1999,256.51,264.27,209.950563077162,807500,0.0,1.0
2017-09-20,257.5,262.83,255.14,259.25,205.96240011259,1753235,0.0,1.0
2017-09-19,263.94,267.41,258.75,265.2,210.689406016814,1224830,0.0,1.0
2017-09-18,256.89,265.0413,256.855,264.64,210.244511343475,1159677,0.0,1.0
2017-09-15,255.0,256.21,252.71,256.15,203.499590313751,590845,0.0,1.0
2017-09-14,252.01,255.84,252.01,254.72,202.36351998719,709428,0.0,1.0
2017-09-13,254.0,255.13,251.54,252.4,200.52038491193,243823,0.0,1.0
2017-09-12,255.35,256.35,252.32,254.18,201.934514409328,292620,0.0,1.0
2017-09-11,255.51,258.7,254.61,255.0,202.585967323859,329721,0.0,1.0
2017-09-08,253.22,254.61,252.27,254.02,201.807401645517,469810,0.0,1.0
2017-09-07,251.91,253.9,249.73,253.75,201.592898856585,381657,0.0,1.0
2017-09-06,254.49,254.49,249.57,250.43,198.955309007506,408421,0.0,1.0
2017-09-05,256.44,256.52,253.54,254.1,201.870958027422,422436,0.0,1.0
2017-09-01,261.25,262.45,256.79,256.86,204.063653203163,395688,0.0,1.0
2017-08-31,255.12,262.9356,254.93,260.66,207.082581343675,555660,22.0,1.0
2017-08-30,274.81,277.035,272.96,276.51,202.57696372794,275970,0.0,1.0
2017-08-29,269.38,275.7,267.37,274.75,201.287551207014,389680,0.0,1.0
2017-08-28,271.12,272.83,270.95,271.08,198.598833052584,324180,0.0,1.0
2017-08-25,272.78,273.81,270.51,270.65,198.283806129858,341027,0.0,1.0
2017-08-24,275.01,277.505,270.83,271.43,198.855250315268,425971,0.0,1.0
2017-08-23,274.3,275.19,271.66,271.82,199.140972407973,245149,0.0,1.0
2017-08-22,272.35,275.4,270.98,275.34,201.719797449825,328285,0.0,1.0
2017-08-21,273.06,273.58,270.54,271.43,198.855250315268,241113,0.0,1.0
2017-08-18,273.41,275.8,272.76,273.11,200.086053176152,240493,0.0,1.0
2017-08-17,279.24,281.0,274.49,274.69,201.243593961983,284946,0.0,1.0
2017-08-16,279.24,281.295,278.99,280.36,205.397553617465,216340,0.0,1.0
2017-08-15,278.42,279.18,275.37,278.92,204.342579736708,212879,0.0,1.0
2017-08-14,277.26,279.87,275.54,278.73,204.203381794108,271119,0.0,1.0
2017-08-11,273.21,275.71,272.18,274.36,201.001829114309,193164,0.0,1.0
2017-08-10,277.0,279.82,272.85,273.38,200.283860778794,310305,0.0,1.0
2017-08-09,285.02,286.26,276.46,277.72,203.463434836077,519116,0.0,1.0
2017-08-08,285.0,295.0,283.5011,285.7,209.309748425274,788620,0.0,1.0
2017-08-07,281.16,285.63,281.05,284.39,208.350015242085,468492,0.0,1.0
2017-08-04,281.3,281.3,278.75,280.6,205.573382597591,451239,0.0,1.0
2017-08-03,279.59,283.345,276.09,280.13,205.229050844844,662138,0.0,1.0
2017-08-02,282.42,283.94,280.43,282.45,206.928730986065,389264,0.0,1.0
2017-08-01,283.33,284.16,281.71,283.08,207.390282058896,364767,0.0,1.0
2017-07-31,283.0,284.75,280.61,282.14,206.701618553401,413896,0.0,1.0
2017-07-28,282.14,283.88,281.0,282.66,207.082581343675,572631,0.0,1.0
2017-07-27,286.86,288.2,281.31,282.49,206.958035816086,544765,0.0,1.0
2017-07-26,288.55,289.65,285.1,286.05,209.566165687958,314700,0.0,1.0
2017-07-25,287.76,289.22,285.07,287.6,210.701727851273,319874,0.0,1.0
2017-07-24,286.23,287.45,284.64,287.02,210.276807815968,272557,0.0,1.0
2017-07-21,283.43,286.51,283.43,286.5,209.895845025695,284337,0.0,1.0
2017-07-20,285.55,286.25,283.17,283.86,207.961726244306,339413,0.0,1.0
2017-07-19,282.73,287.34,281.25,286.44,209.851887780663,375989,0.0,1.0
2017-07-18,282.75,282.75,279.28,280.55,205.536751560065,217330,0.0,1.0
2017-07-17,282.14,283.29,280.795,282.2,206.745575798433,563326,0.0,1.0
2017-07-14,276.06,284.12,276.06,282.14,206.701618553401,732189,0.0,1.0
2017-07-13,273.93,275.39,272.085,275.29,201.683166412299,286411,0.0,1.0
2017-07-12,272.94,276.05,271.33,274.6,201.177658094436,365288,0.0,1.0
2017-07-11,270.61,271.96,268.81,270.63,198.269153714847,286672,0.0,1.0
2017-07-10,267.55,272.48,266.96,270.61,198.254501299837,535138,0.0,1.0
2017-07-07,263.72,267.85,263.72,266.66,195.360649335259,455360,0.0,1.0
2017-07-06,267.15,268.44,263.05,263.6,193.11882983865,467104,0.0,1.0
2017-07-05,265.26,269.93,265.26,268.31,196.569473573627,322099,0.0,1.0
2017-07-03,268.91,270.98,265.07,265.09,194.210434756933,272652,0.0,1.0
2017-06-30,266.36,269.94,265.24,268.87,196.979741193922,510160,0.0,1.0
2017-06-29,267.14,268.399,263.6,265.01,194.151825096891,688778,0.0,1.0
2017-06-28,267.6,268.4,265.67,267.48,195.961398350691,624142,0.0,1.0
2017-06-27,267.63,269.785,261.49,265.38,194.422894774586,795413,0.0,1.0
2017-06-26,268.5,273.24,268.04,268.25,196.525516328596,623306,0.0,1.0
2017-06-23,267.61,270.34,266.24,268.12,196.430275631027,585892,0.0,1.0
2017-06-22,267.98,269.789,266.955,267.5,195.976050765701,370548,0.0,1.0
2017-06-21,267.18,270.89,265.66,267.95,196.305730103438,440677,0.0,1.0
2017-06-20,269.41,270.665,265.86,266.0,194.877119639912,631346,0.0,1.0
2017-06-19,271.42,272.97,269.735,271.12,198.628137882605,439659,0.0,1.0
2017-06-16,270.89,272.29,269.69,270.26,197.998084037153,592493,0.0,1.0
2017-06-15,268.16,272.45,267.44,271.32,198.77466203271,445016,0.0,1.0
2017-06-14,270.0,273.69,268.94,270.59,198.239848884826,463481,0.0,1.0
2017-06-13,262.2,269.915,262.05,269.29,197.287441909143,536130,0.0,1.0
2017-06-12,269.12,270.39,250.18,262.78,192.518080823218,1422751,0.0,1.0
2017-06-09,274.26,274.99,267.24,269.93,197.756319189479,486554,0.0,1.0
2017-06-08,270.23,273.71,268.72,273.25,200.188620081225,418766,0.0,1.0
2017-06-07,270.09,271.86,267.7701,270.04,197.836907472037,353014,0.0,1.0
2017-06-06,269.64,272.2999,268.55,270.17,197.932148169605,418939,0.0,1.0
2017-06-05,271.91,272.17,269.61,270.59,198.239848884826,320387,0.0,1.0
2017-06-02,269.53,272.08,268.26,271.67,199.031079295394,546265,0.0,1.0
2017-06-01,267.71,271.66,267.32,269.14,197.177548796564,692866,0.0,1.0
2017-05-31,267.23,268.26,264.13,268.08,196.400970801006,657592,0.0,1.0
2017-05-30,264.08,266.6,263.03,266.39,195.162841732617,592486,0.0,1.0
2017-05-26,267.06,267.83,262.74,264.41,193.712252646576,423776,0.0,1.0
2017-05-25,266.33,268.34,264.49,267.03,195.631719012954,458732,0.0,1.0
2017-05-24,263.28,265.9,262.22,265.44,194.466852019618,849332,0.0,1.0
2017-05-23,258.61,263.86,256.97,263.28,192.884391198481,1019014,0.0,1.0
2017-05-22,257.03,258.04,251.79,257.4,188.576581185389,1749254,0.0,1.0
2017-05-19,249.46,258.93,247.87,255.56,187.228559004421,2130392,0.0,1.0
2017-05-18,241.86,248.24,237.54,247.8,181.543421980339,1350208,0.0,1.0
2017-05-17,246.47,247.08,242.02,242.81,177.887644435214,764546,0.0,1.0
2017-05-16,248.79,250.61,247.15,248.96,182.393262050949,856726,0.0,1.0
2017-05-15,242.92,248.58,242.92,248.44,182.012299260676,684977,0.0,1.0
2017-05-12,242.84,243.635,240.24,243.3,178.246628602972,776109,0.0,1.0
2017-05-11,245.55,245.55,241.2,243.15,178.136735490393,628036,0.0,1.0
2017-05-10,242.43,245.41,239.73,244.94,179.448126633835,873679,0.0,1.0
2017-05-09,245.48,247.5,238.32,242.42,177.601922342509,1720777,0.0,1.0
2017-05-08,254.47,255.5499,250.74,255.03,186.840270006642,1042423,0.0,1.0
2017-05-05,250.0,255.53,249.64,254.98,186.803638969116,664033,0.0,1.0
2017-05-04,247.32,250.18,247.32,250.04,183.184492461517,608347,0.0,1.0
2017-05-03,250.33,250.33,245.8,247.62,181.411550245244,1033824,0.0,1.0
2017-05-02,249.9,251.02,248.76,250.84,183.770589061938,643293,0.0,1.0
2017-05-01,247.44,250.71,246.05,249.88,183.067273141433,490138,0.0,1.0
2017-04-28,250.74,250.74,246.6,246.73,180.759517777276,999292,0.0,1.0
2017-04-27,250.78,252.12,249.0106,250.89,183.807220099464,396332,0.0,1.0
2017-04-26,248.18,251.52,247.355,250.73,183.69000077938,730253,0.0,1.0
2017-04-25,248.41,249.91,245.99,248.17,181.814491658034,412240,0.0,1.0
2017-04-24,243.28,249.19,241.36,248.33,181.931710978118,846655,0.0,1.0
2017-04-21,240.47,241.95,239.7,240.21,175.982830483847,553784,0.0,1.0
2017-04-20,238.02,240.19,236.69,239.95,175.79234908871,485900,0.0,1.0
2017-04-19,236.45,238.67,235.92,237.41,173.931492382374,487556,0.0,1.0
2017-04-18,238.97,240.54,229.59,236.46,173.235502669374,1866840,0.0,1.0
2017-04-17,234.56,239.4073,234.12,239.23,175.264862148331,574735,0.0,1.0
2017-04-13,234.09,236.5699,233.01,233.76,171.257426642954,769395,0.0,1.0
2017-04-12,237.05,237.12,233.78,235.65,172.642079861448,1125797,0.0,1.0
2017-04-11,232.21,236.94,230.915,236.48,173.250155084385,760596,0.0,1.0
2017-04-10,228.13,233.81,228.13,233.0,170.700634872555,830353,0.0,1.0
2017-04-07,228.0,229.39,224.29,228.71,167.557691852798,1156615,0.0,1.0
2017-04-06,224.76,227.8999,224.38,226.46,165.909295164115,832135,0.0,1.0
2017-04-05,223.42,226.7699,223.42,224.44,164.429401248052,1121714,0.0,1.0
2017-04-04,219.0,224.715,219.0,223.42,163.682128082516,911416,0.0,1.0
2017-04-03,219.2,221.28,217.41,218.76,160.268115385065,762706,0.0,1.0
2017-03-31,220.81,221.47,219.34,220.16,161.293784435801,927291,0.0,1.0
2017-03-30,218.94,223.11,218.75,220.03,161.198543738233,1199887,0.0,1.0
2017-03-29,216.51,219.18,214.93,218.93,160.392660912654,1122443,0.0,1.0
2017-03-28,213.81,217.84,211.025,217.56,159.388970484433,1365190,0.0,1.0
2017-03-27,207.44,214.68,207.44,214.54,157.176455817845,1488699,0.0,1.0
2017-03-24,211.21,213.185,203.72,210.04,153.879662440478,1976919,0.0,1.0
2017-03-23,214.85,216.88,211.33,211.53,154.971267358762,2156658,0.0,1.0
2017-03-22,220.4,221.295,213.87,214.85,157.403568250508,2528392,0.0,1.0
2017-03-21,238.97,239.45,214.99,224.79,164.685818510736,4355484,0.0,1.0
2017-03-20,240.5,241.01,237.79,237.94,174.319781380153,868830,0.0,1.0
2017-03-17,237.25,243.1,234.45,240.05,175.865611163763,1494900,0.0,1.0
2017-03-16,238.86,241.05,235.45,237.16,173.748337194743,1478286,0.0,1.0
2017-03-15,231.78,232.92,228.53,231.76,169.792185141902,951651,0.0,1.0
2017-03-14,235.73,235.73,230.2,231.72,169.762880311881,1878971,0.0,1.0
2017-03-13,230.89,234.86,229.22,234.75,171.982721185975,1841057,0.0,1.0
2017-03-10,239.53,240.829,229.77,231.37,169.506463049197,3391310,0.0,1.0
2017-03-09,240.81,242.43,235.06,241.63,177.023151949594,3042735,0.0,1.0
2017-03-08,241.41,243.855,239.51,240.93,176.510317424226,962369,0.0,1.0
2017-03-07,247.61,248.34,233.75,242.56,177.704489247583,2456321,0.0,1.0
2017-03-06,247.62,248.44,245.13,247.19,181.096523322518,597316,0.0,1.0
2017-03-03,247.69,249.98,246.36,248.85,182.312673768391,559476,0.0,1.0
2017-03-02,253.47,253.71,248.0199,248.61,182.136844788265,593713,0.0,1.0
2017-03-01,254.36,259.57,253.561,253.67,185.843905785927,924229,0.0,1.0
2017-02-28,253.05,255.57,251.19,254.2,186.232194783705,699563,0.0,1.0
2017-02-27,250.37,255.07,248.63,253.29,185.565509900727,909249,0.0,1.0
2017-02-24,253.22,254.12,250.28,250.99,183.880482174517,729878,0.0,1.0
2017-02-23,255.47,256.43,252.18,254.62,186.539895498926,757216,0.0,1.0
2017-02-22,255.14,257.07,253.54,255.46,187.155296929368,656920,0.0,1.0
2017-02-21,249.31,254.74,248.95,254.6,186.525243083916,894650,0.0,1.0
2017-02-17,251.57,251.57,249.07,249.74,182.96470623636,907430,0.0,1.0
2017-02-16,250.74,252.53,249.59,252.45,184.950108470285,586927,0.0,1.0
2017-02-15,249.64,251.805,249.56,251.01,183.895134589528,779676,0.0,1.0
2017-02-14,251.05,252.72,249.3,250.2,183.301711781602,1201849,0.0,1.0
2017-02-13,253.73,254.7875,251.18,252.21,184.774279490159,1140357,0.0,1.0
2017-02-10,251.48,254.16,250.4,253.12,185.440964373137,971193,0.0,1.0
2017-02-09,248.38,253.47,247.47,251.61,184.334707039843,968359,0.0,1.0
2017-02-08,246.31,248.79,244.29,247.43,181.272352302645,1505061,0.0,1.0
2017-02-07,238.98,246.16,238.2,245.88,180.136790139329,3035139,0.0,1.0
2017-02-06,225.94,231.65,224.1,230.94,169.191436126471,2076575,0.0,1.0
2017-02-03,222.0,226.28,222.0,225.16,164.956888188431,966856,0.0,1.0
2017-02-02,219.41,221.865,217.01,221.77,162.473303844148,1631893,0.0,1.0
2017-02-01,217.13,220.04,216.31,219.68,160.942126475548,2135363,0.0,1.0
2017-01-31,216.97,219.53,215.01,216.4,158.539130413823,1673610,0.0,1.0
2017-01-30,219.0,219.25,214.65,216.61,158.692980771434,1187312,0.0,1.0
2017-01-27,221.75,222.42,218.28,219.0,160.443944365191,1287101,0.0,1.0
2017-01-26,222.15,223.0,218.94,219.9,161.103303040664,1566307,0.0,1.0
2017-01-25,225.87,227.0,221.45,221.67,162.400041769095,1256804,0.0,1.0
2017-01-24,224.68,227.46,223.79,225.21,164.993519225957,3051932,0.0,1.0
2017-01-23,230.0,230.36,217.35,223.8,163.960523967716,3504962,0.0,1.0
2017-01-20,250.0,250.85,218.6,226.9,166.231648294346,8692214,0.0,1.0
2017-01-19,250.0,252.55,248.18,251.76,184.444600152422,506225,0.0,1.0
2017-01-18,250.24,253.44,250.09,250.89,183.807220099464,623075,0.0,1.0
2017-01-17,251.49,251.72,247.32,249.7,182.935401406339,774722,0.0,1.0
2017-01-13,253.6,253.61,249.79,252.24,184.796258112675,623906,0.0,1.0
2017-01-12,252.53,255.27,250.23,253.61,185.799948540895,469889,0.0,1.0
2017-01-11,253.27,255.445,251.87,252.38,184.898825017748,421724,0.0,1.0
2017-01-10,255.42,256.155,253.27,253.27,185.550857485716,458497,0.0,1.0
2017-01-09,256.01,256.38,253.01,255.33,187.0600562318,461718,0.0,1.0
2017-01-06,251.99,257.38,251.11,256.11,187.63150041721,427771,0.0,1.0
2017-01-05,252.22,252.69,249.79,251.73,184.422621529906,676570,0.0,1.0
2017-01-04,251.61,252.19,248.94,252.05,184.657060170075,579424,0.0,1.0
2017-01-03,251.35,254.0699,248.66,250.54,183.55080283678,750329,0.0,1.0
2016-12-30,250.35,250.35,247.5,248.96,182.393262050949,253374,0.0,1.0
2016-12-29,249.71,251.48,249.11,249.82,183.023315896402,186973,0.0,1.0
2016-12-28,250.5,250.74,248.19,249.5,182.788877256233,188979,0.0,1.0
2016-12-27,251.21,251.47,249.58,250.9,183.81454630697,214901,0.0,1.0
2016-12-23,249.62,250.44,248.25,250.1,183.228449706549,210695,0.0,1.0
2016-12-22,249.25,250.54,248.44,248.95,182.385935843444,312848,0.0,1.0
2016-12-21,250.41,251.15,247.58,248.96,182.393262050949,493003,0.0,1.0
2016-12-20,251.23,252.352,249.36,249.75,182.972032443865,607968,0.0,1.0
2016-12-19,250.8,253.02,250.315,251.09,183.95374424957,492426,0.0,1.0
2016-12-16,253.95,254.84,250.44,251.48,184.239466342275,871170,0.0,1.0
2016-12-15,250.95,256.56,250.19,253.98,186.07101821859,623423,0.0,1.0
2016-12-14,250.18,253.73,250.0501,250.79,183.733958024412,648383,0.0,1.0
2016-12-13,248.48,250.62,245.75,250.08,183.213797291538,548195,0.0,1.0
2016-12-12,248.53,248.81,244.36,246.99,180.949999172413,772973,0.0,1.0
2016-12-09,249.09,250.56,247.81,249.46,182.759572426212,637830,0.0,1.0
2016-12-08,257.26,257.49,249.31,249.73,182.957380028854,751169,0.0,1.0
2016-12-07,252.31,257.2199,249.81,256.09,187.6168480022,818945,0.0,1.0
2016-12-06,247.29,250.84,246.42,250.81,183.748610439422,414963,0.0,1.0
2016-12-05,247.58,250.9,245.97,247.4,181.250373680129,675845,0.0,1.0
2016-12-02,244.34,246.41,235.14,245.27,179.689891481508,1154533,0.0,1.0
2016-12-01,251.12,251.3,244.72,244.98,179.477431463856,1239023,0.0,1.0
2016-11-30,258.8,260.12,250.05,251.43,184.202835304749,853692,0.0,1.0
2016-11-29,259.25,261.83,257.98,258.67,189.507009538557,520516,0.0,1.0
2016-11-28,259.28,260.99,257.665,258.48,189.367811595957,507246,0.0,1.0
2016-11-25,260.47,261.06,257.73,260.03,190.503373759272,227199,0.0,1.0
2016-11-23,252.87,260.12,252.87,259.03,189.770753008746,609484,0.0,1.0
2016-11-22,251.52,252.76,251.07,252.5,184.986739507811,697697,0.0,1.0
2016-11-21,250.67,252.2733,250.58,251.38,184.166204267222,669824,0.0,1.0
2016-11-18,257.49,257.49,249.28,250.03,183.177166254012,840589,0.0,1.0
2016-11-17,255.86,259.155,255.86,258.82,189.616902651136,473762,0.0,1.0
2016-11-16,257.78,259.36,253.54,255.79,187.397061777042,701121,0.0,1.0
2016-11-15,251.89,262.47,251.89,258.92,189.690164726188,1327881,0.0,1.0
2016-11-14,273.43,273.995,251.95,252.94,185.309092638043,2229403,0.0,1.0
2016-11-11,268.28,272.95,266.98,272.29,199.485304160721,763242,0.0,1.0
2016-11-10,274.15,277.33,266.35,269.42,197.382682606711,985062,0.0,1.0
2016-11-09,270.55,273.3,269.8,272.0,199.272844143068,1415801,0.0,1.0
2016-11-08,270.48,274.29,270.09,272.75,199.822309705962,253064,0.0,1.0
2016-11-07,271.57,271.57,266.01,270.45,198.137281979753,544406,0.0,1.0
2016-11-04,266.59,271.36,266.59,267.45,195.939419728175,336571,0.0,1.0
2016-11-03,266.63,267.1,264.43,266.47,195.221451392659,309843,0.0,1.0
2016-11-02,270.12,271.5,265.755,265.82,194.745247904817,456555,0.0,1.0
2016-11-01,273.41,274.44,268.59,270.16,197.9248219621,377855,0.0,1.0
2016-10-31,272.9,273.99,270.94,272.46,199.60984968831,341133,0.0,1.0
2016-10-28,270.11,273.22,269.395,271.66,199.023753087889,380706,0.0,1.0
2016-10-27,271.83,273.04,269.04,269.62,197.529206756816,439168,0.0,1.0
2016-10-26,267.71,271.27,267.57,271.08,198.598833052584,406481,0.0,1.0
2016-10-25,266.86,269.13,265.82,268.12,196.430275631027,535077,0.0,1.0
2016-10-24,265.01,267.21,264.29,266.95,195.573109352912,451210,0.0,1.0
2016-10-21,258.4,263.26,257.89,262.86,192.576690483261,406145,0.0,1.0
2016-10-20,256.56,260.31,256.13,260.19,190.620593079356,666691,24.0,1.0
2016-10-19,281.51,282.96,280.23,281.66,188.923594238824,441076,0.0,1.0
2016-10-18,282.96,282.97,280.78,282.08,189.205309461363,291901,0.0,1.0
2016-10-17,279.26,280.5,278.03,280.03,187.830270875161,385600,0.0,1.0
2016-10-14,280.39,280.69,277.5,277.52,186.146687045226,183949,0.0,1.0
2016-10-13,275.68,279.48,275.14,278.67,186.918050154559,453698,0.0,1.0
2016-10-12,276.39,278.06,275.0,277.43,186.08631949754,378447,0.0,1.0
2016-10-11,281.61,282.79,275.8701,276.7,185.596671610746,355253,0.0,1.0
2016-10-10,281.8,284.44,280.46,283.26,189.996795086591,428262,0.0,1.0
2016-10-07,284.36,284.36,279.2801,280.9,188.413823836135,1006949,0.0,1.0
2016-10-06,283.8,286.0,282.33,285.5,191.499276273466,381751,0.0,1.0
2016-10-05,283.12,284.83,282.21,283.8,190.359000372713,484961,0.0,1.0
2016-10-04,292.24,293.185,282.41,283.13,189.90959751771,733811,0.0,1.0
2016-10-03,287.85,290.2,287.75,289.86,194.423748583631,164843,0.0,1.0
2016-09-30,289.04,290.27,286.91,289.12,193.927393191539,263226,0.0,1.0
2016-09-29,290.37,290.83,286.375,287.09,192.565769615934,281040,0.0,1.0
2016-09-28,291.02,292.57,288.35,291.34,195.416459367816,202963,0.0,1.0
2016-09-27,290.76,292.4,288.2,290.57,194.899981459828,269767,0.0,1.0
2016-09-26,287.4,291.8,287.12,290.18,194.638388753185,458093,0.0,1.0
2016-09-23,286.17,289.61,285.96,288.16,193.283472682879,288741,0.0,1.0
2016-09-22,286.3,288.69,285.64,286.85,192.404789488769,279654,0.0,1.0
2016-09-21,280.0,282.69,279.0,282.69,189.614467284574,323116,0.0,1.0
2016-09-20,283.81,283.81,278.52,279.71,187.615630705608,286928,0.0,1.0
2016-09-19,283.66,285.16,280.95,282.5,189.487024683902,247722,0.0,1.0
2016-09-16,283.23,286.17,281.04,281.97,189.131526903079,767695,0.0,1.0
2016-09-15,281.4,285.38,280.33,284.32,190.707790648237,220888,0.0,1.0
2016-09-14,281.88,285.07,280.41,281.35,188.715661574569,216652,0.0,1.0
2016-09-13,284.52,285.3,280.6,281.74,188.977254281213,264544,0.0,1.0
2016-09-12,281.73,287.22,280.55,286.46,192.143196782126,348028,0.0,1.0
2016-09-09,286.25,286.69,283.18,283.41,190.09740766607,416812,0.0,1.0
2016-09-08,290.15,291.33,287.54,288.49,193.504820357731,471797,0.0,1.0
2016-09-07,290.08,294.38,289.51,291.81,195.731712116848,285582,0.0,1.0
2016-09-06,288.52,290.82,287.98,290.08,194.571313700199,259941,0.0,1.0
2016-09-02,288.82,290.85,287.33,288.36,193.417622788849,229687,0.0,1.0
2016-09-01,285.44,287.85,284.1,287.41,192.780409785488,270909,0.0,1.0
2016-08-31,287.13,287.32,284.2,285.19,191.291343609211,249657,0.0,1.0
2016-08-30,289.23,289.96,285.41,287.22,192.652967184815,251413,0.0,1.0
2016-08-29,285.15,289.63,285.15,289.17,193.960930718032,255849,0.0,1.0
2016-08-26,285.2,286.82,282.04,284.72,190.976090860179,131523,0.0,1.0
2016-08-25,283.98,286.35,283.62,284.42,190.774865701223,181244,0.0,1.0
2016-08-24,285.63,286.9,283.69,284.29,190.687668132342,193186,0.0,1.0
2016-08-23,286.75,287.28,285.11,286.76,192.344421941082,228210,0.0,1.0
2016-08-22,285.17,287.45,284.64,285.87,191.747453969512,176339,0.0,1.0
2016-08-19,284.4,285.97,283.4,285.41,191.438908725779,155197,0.0,1.0
2016-08-18,284.31,286.21,283.67,285.16,191.271221093315,236498,0.0,1.0
2016-08-17,284.17,284.44,282.38,283.93,190.446197941594,215388,0.0,1.0
2016-08-16,284.06,285.21,283.33,283.62,190.238265277339,190983,0.0,1.0
2016-08-15,284.29,285.73,283.17,285.25,191.331588641002,488858,0.0,1.0
2016-08-12,284.47,284.49,282.56,283.1,189.889475001815,337370,0.0,1.0
2016-08-11,288.49,289.67,285.95,286.01,191.841359043691,338483,0.0,1.0
2016-08-10,287.5,288.71,283.5,287.6,192.90785238616,656829,0.0,1.0
2016-08-09,280.06,287.16,277.37,287.04,192.532232089442,605886,0.0,1.0
2016-08-08,281.64,281.64,276.83,279.04,187.166227850605,631183,0.0,1.0
2016-08-05,278.35,280.75,278.1,280.61,188.219306182477,303988,0.0,1.0
2016-08-04,278.57,279.77,276.55,277.79,186.327789688287,249742,0.0,1.0
2016-08-03,277.02,278.69,276.12,277.95,186.435109773064,384857,0.0,1.0
2016-08-02,278.75,279.699,276.49,277.15,185.89850934918,301268,0.0,1.0
2016-08-01,278.53,280.19,277.78,279.02,187.152812840008,520838,0.0,1.0
2016-07-29,277.0,280.28,276.78,279.52,187.488188104935,505671,0.0,1.0
2016-07-28,278.01,279.52,276.75,278.99,187.132690324113,422627,0.0,1.0
2016-07-27,278.51,279.18,276.69,278.15,186.569259879035,302574,0.0,1.0
2016-07-26,274.22,277.52,274.15,277.3,185.999121928658,343327,0.0,1.0
2016-07-25,273.09,274.16,271.94,273.86,183.691740105959,209913,0.0,1.0
2016-07-22,271.2,274.4699,269.64,274.16,183.892965264915,268723,0.0,1.0
2016-07-21,273.96,274.385,269.895,270.91,181.713026042888,433190,0.0,1.0
2016-07-20,274.87,275.73,273.58,274.05,183.819182706631,298192,0.0,1.0
2016-07-19,271.12,276.14,271.12,274.22,183.933210296707,486428,0.0,1.0
2016-07-18,272.03,272.095,270.84,271.94,182.403899088638,397595,0.0,1.0
2016-07-15,273.34,273.34,270.29,271.45,182.07523132901,343236,0.0,1.0
2016-07-14,273.6,273.6,270.665,272.74,182.940499512522,335898,0.0,1.0
2016-07-13,270.0,272.12,269.51,271.09,181.833761138262,398289,0.0,1.0
2016-07-12,270.56,272.32,268.56,269.51,180.773975301092,301974,0.0,1.0
2016-07-11,269.41,269.86,267.74,268.31,179.969074665266,388622,0.0,1.0
2016-07-08,264.91,270.08,264.23,269.81,180.975200460048,610795,0.0,1.0
2016-07-07,262.53,264.91,261.57,262.46,176.045184065617,386393,0.0,1.0
2016-07-06,258.5,262.71,258.24,262.32,175.951278991438,277245,0.0,1.0
2016-07-05,261.07,262.0,257.28,259.81,174.267695161503,609567,0.0,1.0
2016-07-01,263.6,266.38,261.42,262.72,176.21957920338,480686,0.0,1.0
2016-06-30,260.9,263.89,259.94,263.69,176.870207217338,550069,0.0,1.0
2016-06-29,260.82,261.77,258.87,260.9,174.998813239044,327947,0.0,1.0
2016-06-28,253.85,257.52,253.46,257.13,172.470083741493,429630,0.0,1.0
2016-06-27,255.67,256.185,249.54,251.86,168.935228449159,634999,0.0,1.0
2016-06-24,258.01,264.26,257.11,257.65,172.818874017017,944750,0.0,1.0
2016-06-23,263.06,265.58,261.865,265.35,177.983653096897,543855,0.0,1.0
2016-06-22,262.29,263.83,260.04,261.87,175.649441253003,493253,0.0,1.0
2016-06-21,260.99,263.66,259.81,262.74,176.232994213977,535657,0.0,1.0
2016-06-20,262.5,263.37,261.14,261.47,175.381141041061,420127,0.0,1.0
2016-06-17,259.7,259.73,256.74,259.46,174.032932476054,774061,0.0,1.0
2016-06-16,259.46,259.82,255.86,259.44,174.019517465457,514147,0.0,1.0
2016-06-15,260.37,261.12,258.5,259.65,174.160375076726,401837,0.0,1.0
2016-06-14,258.22,260.13,257.24,259.37,173.972564928367,538688,0.0,1.0
2016-06-13,260.8,262.7099,256.28,258.83,173.610359642245,452984,0.0,1.0
2016-06-10,267.17,267.17,260.3,261.1,175.132963345015,599685,0.0,1.0
2016-06-09,264.1,266.54,263.95,266.23,178.573913563169,498510,0.0,1.0
2016-06-08,266.31,268.0,264.55,264.98,177.735475400851,646845,0.0,1.0
2016-06-07,265.75,267.15,263.975,266.67,178.869043796305,623421,0.0,1.0
2016-06-06,265.0,266.36,262.8,265.3,177.950115570404,631871,0.0,1.0
2016-06-03,265.01,265.7,262.1,264.38,177.333025082938,1120315,0.0,1.0
2016-06-02,266.37,267.31,263.31,265.84,178.312320856526,9761017,0.0,1.0
2016-06-01,261.74,267.39,261.16,266.09,178.480008488989,1803916,0.0,1.0
2016-05-31,265.41,265.87,262.62,263.54,176.76959463786,2665686,0.0,1.0
2016-05-27,255.07,256.24,253.89,255.97,171.692013126862,423015,0.0,1.0
2016-05-26,256.25,256.25,253.35,254.78,170.893819996335,533400,0.0,1.0
2016-05-25,254.58,257.3,253.96,255.67,171.490787967905,577255,0.0,1.0
2016-05-24,250.0,255.57,244.93,254.65,170.806622427454,700732,0.0,1.0
2016-05-23,249.79,249.97,247.87,248.74,166.842486796013,344708,0.0,1.0
2016-05-20,249.64,251.24,247.9494,249.89,167.613849905346,277717,0.0,1.0
2016-05-19,247.55,248.64,244.36,247.73,166.16502876086,363639,0.0,1.0
2016-05-18,248.5,250.14,246.56,248.03,166.366253919817,608140,0.0,1.0
2016-05-17,248.96,251.48,247.3701,248.9,166.94980688079,528199,0.0,1.0
2016-05-16,248.51,250.99,247.57,249.59,167.41262474639,877927,0.0,1.0
2016-05-13,246.05,249.62,246.05,248.87,166.929684364894,768968,0.0,1.0
2016-05-12,248.8,249.97,244.49,247.0,165.675380874067,754850,0.0,1.0
2016-05-11,249.49,250.5,246.43,247.11,165.749163432351,898288,0.0,1.0
2016-05-10,236.5,250.77,236.5,249.5,167.352257198703,2495675,0.0,1.0
2016-05-09,221.5,227.47,220.11,225.67,151.36827207227,890642,0.0,1.0
2016-05-06,226.01,227.91,223.66,224.06,150.288363719204,839946,0.0,1.0
2016-05-05,227.37,228.44,226.26,227.41,152.535377994216,388913,0.0,1.0
2016-05-04,225.3,227.24,224.94,226.55,151.958532538542,358106,0.0,1.0
2016-05-03,223.23,227.535,223.11,226.49,151.91828750675,956090,0.0,1.0
2016-05-02,228.11,230.01,225.41,225.5,151.254244482194,439482,0.0,1.0
2016-04-29,228.5,229.83,226.165,227.87,152.84392323795,609366,0.0,1.0
2016-04-28,231.46,233.18,229.65,229.91,154.212254318853,361222,0.0,1.0
2016-04-27,230.0,233.77,229.31,232.64,156.043403265356,549302,0.0,1.0
2016-04-26,225.51,231.44,225.055,230.9,154.876297343409,419785,0.0,1.0
2016-04-25,226.83,227.32,223.57,224.43,150.53654141525,498525,0.0,1.0
2016-04-22,228.12,229.93,223.81,226.79,152.119512665707,446062,0.0,1.0
2016-04-21,229.88,230.53,228.09,228.46,153.239666050564,434411,0.0,1.0
2016-04-20,227.05,232.44,224.11,229.5,153.937246601612,773487,0.0,1.0
2016-04-19,226.42,227.14,224.53,227.05,152.293907803469,468855,0.0,1.0
2016-04-18,225.76,226.985,224.78,225.09,150.979236764954,552291,0.0,1.0
2016-04-15,225.14,226.87,224.5649,226.39,151.851212453765,233723,0.0,1.0
2016-04-14,225.23,226.154,223.15,225.14,151.012774291447,325190,0.0,1.0
2016-04-13,222.69,226.9799,218.56,225.23,151.073141839134,647351,0.0,1.0
2016-04-12,223.97,226.63,222.1101,225.16,151.026189302044,294473,0.0,1.0
2016-04-11,225.78,227.1,223.04,224.5,150.58349395234,225814,0.0,1.0
2016-04-08,226.44,227.5,223.38,224.14,150.342023761592,379262,0.0,1.0
2016-04-07,221.26,224.83,221.26,224.22,150.395683803981,368326,0.0,1.0
2016-04-06,219.3,224.2,219.0,223.36,149.818838348306,358987,0.0,1.0
2016-04-05,219.65,220.635,218.74,219.3,147.095591197096,483640,0.0,1.0
2016-04-04,220.98,221.505,219.07,220.1,147.63219162098,380259,0.0,1.0
2016-04-01,218.41,221.84,217.04,221.42,148.517582320388,415887,0.0,1.0
2016-03-31,220.93,221.63,218.69,220.34,147.793171748145,434261,0.0,1.0
2016-03-30,224.28,225.12,220.95,221.2,148.37001720382,484458,0.0,1.0
2016-03-29,218.82,224.0,217.95,223.49,149.906035917187,608629,0.0,1.0
2016-03-28,219.55,220.1963,217.2201,219.63,147.316938871948,271548,0.0,1.0
2016-03-24,219.71,220.375,215.87,219.68,147.350476398441,355123,0.0,1.0
2016-03-23,223.48,224.66,220.83,220.95,148.202329571356,480772,0.0,1.0
2016-03-22,222.99,224.97,220.8,223.58,149.966403464874,310463,0.0,1.0
2016-03-21,224.69,225.685,223.15,223.86,150.154213613233,473160,0.0,1.0
2016-03-18,227.51,228.56,224.92,225.07,150.965821754357,832274,0.0,1.0
2016-03-17,219.14,230.0,218.5,226.8,152.126220171005,1250516,0.0,1.0
2016-03-16,218.76,221.77,218.15,220.0,147.565116567994,221169,0.0,1.0
2016-03-15,217.35,219.79,216.575,219.09,146.954733585827,344086,0.0,1.0
2016-03-14,219.6,220.65,217.36,218.87,146.807168469259,526170,0.0,1.0
2016-03-11,219.42,221.43,218.52,221.17,148.349894687924,457719,0.0,1.0
2016-03-10,220.8,221.1,215.69,218.39,146.485208214929,423778,0.0,1.0
2016-03-09,219.0,221.585,218.29,219.96,147.5382865468,327162,0.0,1.0
2016-03-08,221.6,221.785,218.24,218.28,146.411425656645,407555,0.0,1.0
2016-03-07,220.18,222.44,220.08,222.16,149.01393771248,702863,0.0,1.0
2016-03-04,221.31,223.19,219.14,222.68,149.362727988005,765955,0.0,1.0
2016-03-03,218.61,222.2,216.15,219.63,147.316938871948,404243,0.0,1.0
2016-03-02,216.33,218.47,213.29,218.31,146.43154817254,637623,0.0,1.0
2016-03-01,215.16,217.6,212.69,216.31,145.090047112831,641960,0.0,1.0
2016-02-29,216.75,219.17,213.56,213.58,143.258898166328,941784,0.0,1.0
2016-02-26,215.05,218.48,214.71,217.25,145.720552610895,324144,0.0,1.0
2016-02-25,215.11,218.6,213.12,215.25,144.379051551185,428017,0.0,1.0
2016-02-24,209.3,215.265,207.48,214.26,143.71500852663,516441,0.0,1.0
2016-02-23,209.22,212.68,208.0,211.53,141.883859580127,392294,0.0,1.0
2016-02-22,210.56,212.45,208.75,209.66,140.629556089299,593120,0.0,1.0
2016-02-19,208.0,209.75,205.19,207.41,139.120367397126,550654,0.0,1.0
2016-02-18,209.28,210.63,207.72,208.84,140.079540654818,552814,0.0,1.0
2016-02-17,207.89,211.38,206.54,207.43,139.133782407723,1021786,0.0,1.0
2016-02-16,197.04,205.54,195.26,205.24,137.664838747342,931336,0.0,1.0
2016-02-12,192.54,196.16,190.55,195.1,130.863428374617,1288633,0.0,1.0
2016-02-11,188.44,190.72,184.7,190.2,127.57675077833,2048221,0.0,1.0
2016-02-10,189.18,200.35,189.18,192.91,129.394484714235,2041830,0.0,1.0
2016-02-09,197.0,206.56,180.76,187.29,125.624866736453,4434150,0.0,1.0
2016-02-08,217.97,220.84,211.11,214.63,143.963186222676,1482787,0.0,1.0
2016-02-05,227.09,227.35,220.06,221.47,148.551119846881,561477,0.0,1.0
2016-02-04,222.68,227.59,222.28,227.35,152.495132962425,385219,0.0,1.0
2016-02-03,221.9,223.98,217.73,223.49,149.906035917187,518586,0.0,1.0
2016-02-02,226.33,226.33,220.2,220.63,147.987689401803,605955,0.0,1.0
2016-02-01,223.48,230.0,221.745,228.69,153.39393867243,446212,0.0,1.0
2016-01-29,220.97,224.73,219.315,224.73,150.737766574206,715258,0.0,1.0
2016-01-28,221.73,224.03,218.31,219.29,147.088883691798,679810,0.0,1.0
2016-01-27,223.82,223.82,219.29,221.14,148.329772172029,696535,0.0,1.0
2016-01-26,220.88,226.1,220.51,225.5,151.254244482194,466570,0.0,1.0
2016-01-25,223.09,223.24,219.85,220.13,147.652314136876,386138,0.0,1.0
2016-01-22,219.16,223.065,218.48,222.83,149.463340567483,456343,0.0,1.0
2016-01-21,218.26,219.99,215.0005,216.46,145.190659692309,673998,0.0,1.0
2016-01-20,218.22,222.06,210.2,217.7,146.022390349329,1276011,0.0,1.0
2016-01-19,219.96,222.58,217.87,220.82,148.115132002475,824660,0.0,1.0
2016-01-15,221.9,222.81,213.12,218.26,146.398010646048,1019712,0.0,1.0
2016-01-14,221.26,227.57,218.26,226.55,151.958532538542,813417,0.0,1.0
2016-01-13,230.1,230.5799,221.0,221.08,148.289527140237,611032,0.0,1.0
2016-01-12,230.15,231.43,226.817,229.31,153.80980400094,407685,0.0,1.0
2016-01-11,223.89,230.64,222.83,228.55,153.300033598251,778316,0.0,1.0
2016-01-08,228.86,229.509,221.12,221.49,148.564534857478,717303,0.0,1.0
2016-01-07,226.48,229.51,226.48,227.28,152.448180425335,862545,0.0,1.0
2016-01-06,227.31,230.11,224.92,230.1,154.339696919525,613594,0.0,1.0
2016-01-05,230.35,232.4199,226.3,227.59,152.65611308959,641935,0.0,1.0
2016-01-04,228.2,230.87,224.12,229.86,154.17871679236,838787,0.0,1.0
2015-12-31,226.76,229.315,226.76,228.45,153.232958545265,239498,0.0,1.0
2015-12-30,228.36,229.29,227.14,227.88,152.850630743248,179820,0.0,1.0
2015-12-29,226.12,228.87,226.12,228.37,153.179298502877,166028,0.0,1.0
2015-12-28,226.37,226.37,223.46,225.22,151.066434333835,227951,0.0,1.0
2015-12-24,227.25,227.97,225.99,226.79,152.119512665707,85534,0.0,1.0
2015-12-23,226.95,228.16,226.13,227.53,152.615868057799,268720,0.0,1.0
2015-12-22,227.03,227.68,223.33,226.17,151.703647337197,277804,0.0,1.0
2015-12-21,221.4,226.64,220.3301,226.03,151.609742263017,449034,0.0,1.0
2015-12-18,219.25,220.92,218.0,219.9,147.498041515009,562721,0.0,1.0
2015-12-17,221.63,223.0,218.83,219.68,147.350476398441,517770,0.0,1.0
2015-12-16,217.79,222.41,213.95,221.34,148.463922278,867024,0.0,1.0
2015-12-15,219.38,219.99,216.57,217.68,146.008975338732,924436,0.0,1.0
2015-12-14,223.33,224.79,216.34,218.08,146.277275550674,624244,0.0,1.0
2015-12-11,231.1,231.11,222.4,223.36,149.818838348306,479197,0.0,1.0
2015-12-10,231.0,231.97,228.92,230.72,154.755562248035,242316,0.0,1.0
2015-12-09,231.76,234.06,228.41,230.24,154.433601993705,220715,0.0,1.0
2015-12-08,234.7,237.04,231.2,232.67,156.063525781251,384130,0.0,1.0
2015-12-07,237.91,238.49,235.51,237.14,159.061780649701,351313,0.0,1.0
2015-12-04,234.98,238.04,233.51,238.01,159.645333610674,191680,0.0,1.0
2015-12-03,237.43,238.36,233.38,234.39,157.217216692601,193746,0.0,1.0
2015-12-02,237.7,238.51,235.71,236.4,158.565425257609,302930,0.0,1.0
2015-12-01,235.57,238.42,235.15,238.22,159.786191221944,212693,0.0,1.0
2015-11-30,236.93,237.35,234.19,234.63,157.378196819766,433110,0.0,1.0
2015-11-27,236.12,237.34,234.84,237.21,159.108733186791,86606,0.0,1.0
2015-11-25,235.71,236.88,235.3,236.34,158.525180225817,252546,0.0,1.0
2015-11-24,234.58,237.94,234.3,235.87,158.209927476786,298506,0.0,1.0
2015-11-23,236.72,237.5799,234.4901,236.16,158.404445130443,457185,0.0,1.0
2015-11-20,237.34,237.55,235.1403,236.25,158.46481267813,486158,0.0,1.0
2015-11-19,231.67,236.2,231.67,235.9,158.230049992681,473787,0.0,1.0
2015-11-18,231.35,233.0,230.4601,232.39,155.875715632892,387324,0.0,1.0
2015-11-17,231.26,233.0,229.24,231.3,155.144597555351,390605,0.0,1.0
2015-11-16,229.78,231.7,226.76,231.24,155.104352523559,818103,0.0,1.0
2015-11-13,228.95,230.74,228.03,229.72,154.08481171818,785955,0.0,1.0
2015-11-12,225.92,234.75,225.6501,229.5,153.937246601612,1258335,0.0,1.0
2015-11-11,224.55,226.25,218.67,218.88,146.813875974557,474247,0.0,1.0
2015-11-10,222.2,223.96,221.02,223.32,149.792008327111,230801,0.0,1.0
2015-11-09,225.29,227.254,221.11,222.97,149.557245641662,219865,0.0,1.0
2015-11-06,226.5,227.782,224.55,226.34,151.817674927272,354884,0.0,1.0
2015-11-05,228.23,229.846,224.42,227.41,152.535377994216,368249,0.0,1.0
2015-11-04,225.68,228.39,225.3,228.05,152.964658333323,327960,0.0,1.0
2015-11-03,226.91,227.174,223.0,225.0,150.918869217267,326590,0.0,1.0
2015-11-02,219.67,227.35,219.67,227.27,152.441472920037,632346,0.0,1.0
2015-10-30,222.33,224.02,219.7,219.85,147.464503988516,268781,0.0,1.0
2015-10-29,216.37,222.92,216.37,222.72,149.389558009199,400548,0.0,1.0
2015-10-28,216.0,217.75,215.31,217.58,145.941900285747,468531,0.0,1.0
2015-10-27,216.75,217.81,216.0,216.97,145.532742462535,459373,0.0,1.0
2015-10-26,217.45,218.564,215.77,217.19,145.680307579103,216616,0.0,1.0
2015-10-23,221.0,221.0,216.42,217.62,145.968730306941,320290,0.0,1.0
2015-10-22,217.04,222.42,216.31,218.97,146.874243522244,482415,0.0,1.0
2015-10-21,217.49,219.0,215.39,216.34,145.110169628727,260504,0.0,1.0
2015-10-20,216.42,217.3,215.17,215.83,144.768086858501,229340,0.0,1.0
2015-10-19,214.71,217.14,214.71,216.67,145.331517303579,287566,0.0,1.0
2015-10-16,215.91,216.89,213.39,216.25,145.04980208104,264622,0.0,1.0
2015-10-15,212.18,215.29,212.03,215.06,144.251608950513,440697,0.0,1.0
2015-10-14,219.26,220.69,210.22,211.77,142.044839707292,988323,0.0,1.0
2015-10-13,221.06,222.68,218.88,219.57,147.276693840157,234685,0.0,1.0
2015-10-12,220.06,223.6,218.79,221.72,148.718807479344,334965,0.0,1.0
2015-10-09,220.47,221.22,218.54,220.31,147.773049232249,306448,0.0,1.0
2015-10-08,215.37,220.31,215.26,219.62,147.31023136665,277487,0.0,1.0
2015-10-07,214.26,216.78,213.45,215.76,144.721134321411,319183,0.0,1.0
2015-10-06,219.54,219.54,211.71,213.25,143.037550491476,803646,0.0,1.0
2015-10-05,219.68,220.81,217.77,218.81,146.766923437468,394238,0.0,1.0
2015-10-02,213.01,218.21,212.4128,217.62,145.968730306941,352350,0.0,1.0
2015-10-01,211.62,216.75,210.26,215.62,144.627229247232,515131,0.0,1.0
2015-09-30,213.16,215.67,210.19,212.41,142.474120046399,772424,0.0,1.0
2015-09-29,218.31,219.05,208.35,212.22,142.346677445726,958788,0.0,1.0
2015-09-28,222.14,224.07,218.72,218.84,146.787045953363,479959,0.0,1.0
2015-09-25,227.38,227.38,222.34,223.91,150.187751139726,244046,0.0,1.0
2015-09-24,224.1,225.73,221.0,224.71,150.724351563609,370216,0.0,1.0
2015-09-23,228.72,229.22,225.58,226.3,151.790844906078,170859,0.0,1.0
2015-09-22,228.72,229.37,226.26,227.87,152.84392323795,203626,0.0,1.0
2015-09-21,231.7,234.3,229.62,230.69,154.735439732139,231903,0.0,1.0
2015-09-18,229.44,232.69,229.04,230.88,154.862882332812,507379,0.0,1.0
2015-09-17,229.81,234.97,229.595,232.49,155.942790685877,360644,0.0,1.0
2015-09-16,229.6,231.11,228.27,230.17,154.386649456615,182121,0.0,1.0
2015-09-15,229.16,230.99,226.42,229.43,153.890294064523,178383,0.0,1.0
2015-09-14,229.35,229.51,227.15,228.53,153.286618587654,273683,0.0,1.0
2015-09-11,226.34,228.85,225.03,228.85,153.501258757207,205711,0.0,1.0
2015-09-10,227.73,230.25,226.272,227.0,152.260370276976,298815,0.0,1.0
2015-09-09,233.32,234.52,227.96,228.11,153.004903365115,339767,0.0,1.0
2015-09-08,228.94,232.4,228.7932,231.93,155.567170389159,256559,0.0,1.0
2015-09-04,226.26,228.61,225.2,226.39,151.851212453765,260153,0.0,1.0
2015-09-03,231.06,232.38,228.66,229.48,153.923831591015,461217,0.0,1.0
2015-09-02,225.4,229.77,224.8,229.62,154.017736665195,390611,0.0,1.0
2015-09-01,225.67,227.18,221.34,222.52,149.255407903228,479768,0.0,1.0
2015-08-31,236.96,236.96,229.79,229.83,154.158594276464,395697,0.0,1.0
2015-08-28,235.49,239.05,234.44,237.0,158.967875575521,358653,0.0,1.0
2015-08-27,228.24,237.51,228.24,235.71,158.102607392009,373905,0.0,1.0
2015-08-26,224.77,229.28,220.01,227.48,152.582330531306,712639,0.0,1.0
2015-08-25,225.7,228.1,219.82,220.99,148.22915959255,541082,0.0,1.0
2015-08-24,215.09,228.0,214.74,221.56,148.611487394568,587148,0.0,1.0
2015-08-21,230.36,232.085,227.06,227.75,152.763433174367,316362,0.0,1.0
2015-08-20,240.21,240.21,232.6,232.79,156.144015844834,408780,0.0,1.0
2015-08-19,242.0,243.7,239.47,241.36,161.892347885687,211416,0.0,1.0
2015-08-18,242.72,244.9,242.205,242.56,162.697248521512,222683,0.0,1.0
2015-08-17,242.7,244.59,240.01,244.35,163.897891969952,347268,0.0,1.0
2015-08-14,238.28,244.0,237.03,243.08,163.046038797037,500453,0.0,1.0
2015-08-13,233.88,239.79,232.855,239.02,160.322791645827,256724,0.0,1.0
2015-08-12,235.8,237.13,230.67,234.35,157.190386671407,686928,0.0,1.0
2015-08-11,236.05,238.15,235.0,237.6,159.370325893434,339245,0.0,1.0
2015-08-10,237.28,239.18,235.75,237.0,158.967875575521,341947,0.0,1.0
2015-08-07,238.12,238.44,233.65,234.91,157.566006968125,315606,0.0,1.0
2015-08-06,240.31,240.81,235.83,238.18,159.75936120075,547279,0.0,1.0
2015-08-05,230.6,239.71,230.6,238.64,160.067906444483,677999,0.0,1.0
2015-08-04,216.35,231.91,216.32,228.35,153.16588349228,815584,0.0,1.0
2015-08-03,226.82,230.12,225.24,229.33,153.823219011537,645952,0.0,1.0
2015-07-31,220.54,226.96,220.54,226.3,151.790844906078,515123,0.0,1.0
2015-07-30,221.0,222.47,219.42,219.76,147.404136440829,653934,0.0,1.0
2015-07-29,219.26,223.91,218.99,221.02,148.249282108446,679661,0.0,1.0
2015-07-28,217.48,218.77,214.81,217.06,145.593110010222,816690,0.0,1.0
2015-07-27,222.27,225.9297,216.11,216.93,145.505912441341,1018317,0.0,1.0
2015-07-24,225.58,227.06,223.2,224.61,150.657276510624,412051,0.0,1.0
2015-07-23,225.92,230.84,225.59,225.78,151.442054630554,338091,0.0,1.0
2015-07-22,228.0,229.6,225.37,226.35,151.824382432571,775527,0.0,1.0
2015-07-21,233.05,233.05,227.84,229.22,153.749436453253,566677,0.0,1.0
2015-07-20,233.8,234.91,232.38,234.28,157.143434134317,348016,0.0,1.0
2015-07-17,230.81,233.85,230.2,233.6,156.687323774016,191063,0.0,1.0
2015-07-16,229.13,231.59,228.21,231.08,154.997032438783,536880,0.0,1.0
2015-07-15,232.44,234.26,228.37,228.59,153.326863619445,437909,0.0,1.0
2015-07-14,226.2,232.18,224.88,231.7,155.412897767292,505585,0.0,1.0
2015-07-13,225.56,226.42,224.02,225.26,151.093264355029,234185,0.0,1.0
2015-07-10,225.12,227.07,222.9,223.52,149.926158433082,285684,0.0,1.0
2015-07-09,224.33,226.64,223.53,223.64,150.006648496665,473652,0.0,1.0
2015-07-08,226.08,226.24,221.5,222.33,149.127965302556,421729,0.0,1.0
2015-07-07,227.5,227.83,223.32,227.62,152.676235605486,506675,0.0,1.0
2015-07-06,226.33,228.42,225.02,227.33,152.481717951828,353270,0.0,1.0
2015-07-02,227.77,229.0,227.165,227.78,152.783555690263,161625,0.0,1.0
2015-07-01,225.81,228.14,225.52,227.51,152.602453047202,304545,0.0,1.0
2015-06-30,227.03,227.91,224.47,224.67,150.697521542415,368923,0.0,1.0
2015-06-29,227.28,228.77,225.29,225.38,151.173754418612,225281,0.0,1.0
2015-06-26,229.06,229.71,227.31,229.17,153.71589892676,280299,0.0,1.0
2015-06-25,228.73,229.0899,227.31,228.49,153.259788566459,189347,0.0,1.0
2015-06-24,229.5,231.18,227.1,227.62,152.676235605486,170321,0.0,1.0
2015-06-23,231.15,231.99,229.55,229.82,154.151886771166,120444,0.0,1.0
2015-06-22,231.96,232.18,230.3,231.09,155.003739944081,170699,0.0,1.0
2015-06-19,228.84,232.0,228.32,231.09,155.003739944081,379919,0.0,1.0
2015-06-18,228.23,229.215,228.23,228.79,153.461013725416,185837,0.0,1.0
2015-06-17,226.23,228.15,225.73,227.47,152.575623026008,146419,0.0,1.0
2015-06-16,225.35,227.36,225.23,225.97,151.569497231226,213054,0.0,1.0
2015-06-15,225.87,225.87,224.11,225.13,151.006066786148,320083,0.0,1.0
2015-06-12,226.7,226.82,224.32,225.62,151.334734545777,244752,0.0,1.0
2015-06-11,226.94,228.67,226.38,227.84,152.823800722054,183048,0.0,1.0
2015-06-10,226.5,227.89,225.58,226.5,151.924995012049,243269,0.0,1.0
2015-06-09,225.39,226.24,224.3,225.82,151.468884651748,232541,0.0,1.0
2015-06-08,226.12,227.49,224.62,225.05,150.95240674376,239237,0.0,1.0
2015-06-05,224.95,226.33,224.15,226.12,151.670109810704,150540,0.0,1.0
2015-06-04,225.94,226.895,224.57,225.18,151.039604312641,221270,0.0,1.0
2015-06-03,226.85,228.79,225.3,227.31,152.468302941231,205081,0.0,1.0
2015-06-02,228.13,228.13,225.87,226.41,151.864627464362,203301,0.0,1.0
2015-06-01,227.0,229.05,225.39,228.25,153.098808439294,273053,0.0,1.0
2015-05-29,227.74,227.74,224.92,226.04,151.616449768316,435532,0.0,1.0
2015-05-28,229.0,229.0,226.681,227.49,152.589038036605,166421,0.0,1.0
2015-05-27,227.12,229.2499,226.555,228.99,153.595163831387,240975,0.0,1.0
2015-05-26,227.9,229.36,225.92,226.89,152.186587718692,303412,0.0,1.0
2015-05-22,228.95,228.98,226.7,227.12,152.340860340559,191825,0.0,1.0
2015-05-21,228.36,229.0,227.645,228.91,153.541503788998,144735,0.0,1.0
2015-05-20,229.4,230.365,227.44,228.19,153.058563407503,184990,0.0,1.0
2015-05-19,227.26,229.9,226.82,228.84,153.494551251908,211118,0.0,1.0
2015-05-18,226.63,228.0,226.136,226.74,152.085975139214,292027,0.0,1.0
2015-05-15,229.73,230.0,226.64,227.55,152.629283068396,384059,0.0,1.0
2015-05-14,224.98,230.075,224.076,229.22,153.749436453253,398636,0.0,1.0
2015-05-13,224.0,224.92,222.77,224.53,150.603616468235,198281,0.0,1.0
2015-05-12,221.17,223.88,220.98,223.45,149.879205895993,295599,0.0,1.0
2015-05-11,222.18,224.0,221.766,222.45,149.208455366138,345277,0.0,1.0
2015-05-08,224.0,224.99,221.4201,221.86,148.812712553524,443739,0.0,1.0
2015-05-07,219.97,223.19,218.33,222.07,148.953570164793,694487,0.0,1.0
2015-05-06,216.08,220.304,214.522,220.12,147.645606631577,609814,0.0,1.0
2015-05-05,218.56,219.25,212.47,214.93,144.164411381632,900200,0.0,1.0
2015-05-04,219.98,220.73,219.045,220.28,147.752926716354,505854,0.0,1.0
2015-05-01,214.5,219.66,214.01,218.84,146.787045953363,409805,0.0,1.0
2015-04-30,212.26,213.96,211.33,212.13,142.286309898039,275346,0.0,1.0
2015-04-29,216.17,217.16,212.86,213.1,142.936937911998,353563,0.0,1.0
2015-04-28,218.05,219.82,216.56,217.87,146.136417939404,343106,0.0,1.0
2015-04-27,223.23,223.355,218.78,219.04,146.921196059334,275269,0.0,1.0
2015-04-24,223.15,223.5,221.3,223.03,149.597490673454,242921,0.0,1.0
2015-04-23,220.98,223.69,220.98,221.92,148.852957585315,150786,0.0,1.0
2015-04-22,223.5,223.54,220.79,221.81,148.779175027031,225256,0.0,1.0
2015-04-21,223.43,223.6,221.455,223.6,149.979818475471,217290,0.0,1.0
2015-04-20,220.78,222.62,220.78,222.48,149.228577882034,153340,0.0,1.0
2015-04-17,221.51,221.51,218.77,219.38,147.149251239485,337133,0.0,1.0
2015-04-16,221.83,222.58,221.01,222.08,148.960277670092,172760,0.0,1.0
2015-04-15,223.08,223.868,221.45,222.33,149.127965302556,190972,0.0,1.0
2015-04-14,222.94,222.98,221.04,222.3,149.10784278666,171796,0.0,1.0
2015-04-13,223.46,223.97,222.19,222.82,149.456633062184,297299,0.0,1.0
2015-04-10,222.77,224.0,221.8,223.2,149.711518263529,203992,0.0,1.0
2015-04-09,221.55,222.33,220.45,221.95,148.873080101211,277611,0.0,1.0
2015-04-08,221.31,222.34,219.26,220.61,147.974274391206,303214,0.0,1.0
2015-04-07,219.9,221.53,219.45,220.83,148.121839507774,257691,0.0,1.0
2015-04-06,219.23,221.445,218.7501,219.74,147.390721430232,186723,0.0,1.0
2015-04-02,218.99,220.822,218.37,220.25,147.732804200458,209967,0.0,1.0
2015-04-01,217.46,219.69,217.01,218.72,146.706555889781,329781,0.0,1.0
2015-03-31,220.03,220.03,218.08,218.72,146.706555889781,313716,0.0,1.0
2015-03-30,218.41,220.64,217.87,219.83,147.451088977919,271150,0.0,1.0
2015-03-27,215.18,218.88,215.18,217.87,146.136417939404,206975,0.0,1.0
2015-03-26,213.71,215.86,212.72,215.18,144.332099014096,426682,0.0,1.0
2015-03-25,214.94,215.75,213.86,214.0,143.540613388867,432150,0.0,1.0
2015-03-24,215.28,216.85,214.39,215.15,144.3119764982,181605,0.0,1.0
2015-03-23,215.75,217.35,214.21,215.79,144.741256837307,243580,0.0,1.0
2015-03-20,218.1,218.435,215.02,215.75,144.714426816113,434388,0.0,1.0
2015-03-19,216.74,217.58,213.51,214.79,144.070506307452,202899,0.0,1.0
2015-03-18,215.25,217.38,213.28,216.44,145.177244681712,269656,0.0,1.0
2015-03-17,216.47,217.035,215.14,216.49,145.210782208205,286400,0.0,1.0
2015-03-16,214.85,217.28,214.24,217.14,145.646770052611,385313,0.0,1.0
2015-03-13,215.57,216.82,212.78,214.82,144.090628823348,176159,0.0,1.0
2015-03-12,214.94,216.54,214.1,216.28,145.069924596936,285924,0.0,1.0
2015-03-11,213.63,214.83,213.25,214.16,143.647933473644,214632,0.0,1.0
2015-03-10,213.03,214.29,212.93,213.0,142.869862859013,218940,0.0,1.0
2015-03-09,213.52,216.02,213.21,214.75,144.043676286258,334000,0.0,1.0
2015-03-06,214.89,215.92,212.2,213.12,142.950352922595,308043,0.0,1.0
2015-03-05,215.19,216.66,213.6801,215.34,144.439419098872,256240,0.0,1.0
2015-03-04,217.49,217.935,215.16,215.33,144.432711593574,285859,0.0,1.0
2015-03-03,217.26,218.05,216.35,217.73,146.042512865225,284261,0.0,1.0
2015-03-02,217.46,219.99,215.84,218.11,146.297398066569,529641,0.0,1.0
2015-02-27,219.61,221.3,215.77,216.86,145.458959904251,515474,0.0,1.0
2015-02-26,223.44,223.44,220.95,221.58,148.624902405165,455045,0.0,1.0
2015-02-25,225.58,226.21,222.62,223.44,149.872498390694,711274,0.0,1.0
2015-02-24,222.32,225.82,222.32,225.27,151.099971860328,731238,0.0,1.0
2015-02-23,215.77,224.58,215.57,222.82,149.456633062184,807476,0.0,1.0
2015-02-20,212.02,213.77,210.848,213.73,143.359510745807,272444,0.0,1.0
2015-02-19,209.43,212.29,208.59,211.98,142.185697318561,247936,0.0,1.0
2015-02-18,208.25,209.58,207.73,209.12,140.267350803177,276287,0.0,1.0
2015-02-17,208.58,208.96,207.392,208.18,139.636845305114,292480,0.0,1.0
2015-02-13,206.31,208.86,206.31,208.62,139.93197553825,285727,0.0,1.0
2015-02-12,207.94,208.6,206.04,206.66,138.617304499735,384460,0.0,1.0
2015-02-11,208.08,209.06,206.3,206.87,138.758162111005,412135,0.0,1.0
2015-02-10,208.52,210.13,207.1,207.9,139.449035156755,383617,0.0,1.0
2015-02-09,211.14,212.15,207.63,207.87,139.428912640859,440859,0.0,1.0
2015-02-06,210.11,212.33,210.11,212.11,142.272894887442,362653,0.0,1.0
2015-02-05,210.62,211.52,208.902,211.02,141.541776809901,302568,0.0,1.0
2015-02-04,207.48,211.69,206.52,209.68,140.642971099896,292400,0.0,1.0
2015-02-03,208.06,209.028,206.23,207.8,139.381960103769,404102,0.0,1.0
2015-02-02,206.4,207.26,203.01,206.96,138.818529658692,373660,0.0,1.0
2015-01-30,205.26,206.61,203.1,205.53,137.859356401,420495,0.0,1.0
2015-01-29,202.62,207.07,201.12,206.2,138.308759256002,582022,0.0,1.0
2015-01-28,205.64,208.68,202.43,203.0,136.162357560468,460958,0.0,1.0
2015-01-27,202.26,206.5,200.0,203.65,136.598345404873,1032688,0.0,1.0
2015-01-26,208.0,208.75,205.81,208.57,139.898438011757,636515,0.0,1.0
2015-01-23,206.26,209.04,206.25,208.4,139.784410421682,670280,0.0,1.0
2015-01-22,205.42,206.65,203.694,206.04,138.201439171225,384660,0.0,1.0
2015-01-21,203.5,205.479,203.05,205.0,137.503858620177,254009,0.0,1.0
2015-01-20,204.89,204.89,202.37,203.75,136.665420457859,401993,0.0,1.0
2015-01-16,202.95,204.99,201.97,204.0,136.833108090322,256620,0.0,1.0
2015-01-15,205.0,205.0,202.68,203.74,136.65871295256,211837,0.0,1.0
2015-01-14,201.42,205.765,201.42,204.12,136.913598153905,348664,0.0,1.0
2015-01-13,203.26,205.38,201.79,204.03,136.853230606218,287648,0.0,1.0
2015-01-12,201.67,202.48,200.0,201.25,134.988544133222,256617,0.0,1.0
2015-01-09,203.0,203.46,200.47,201.32,135.035496670312,406611,0.0,1.0
2015-01-08,201.0,203.0,200.43,202.9,136.095282507482,232372,0.0,1.0
2015-01-07,198.76,200.34,197.41,199.56,133.854975737768,271055,0.0,1.0
2015-01-06,196.41,197.77,194.3,196.95,132.104316854848,448103,0.0,1.0
2015-01-05,197.25,198.88,194.445,196.45,131.768941589921,508326,0.0,1.0
2015-01-02,196.76,198.48,195.21,197.75,132.640917278731,360852,0.0,1.0
2014-12-31,197.5,198.73,196.18,196.35,131.701866536935,173809,0.0,1.0
2014-12-30,198.12,199.16,197.03,197.55,132.50676717276,127916,0.0,1.0
2014-12-29,199.46,199.94,197.57,198.55,133.177517702615,210092,0.0,1.0
2014-12-26,200.79,200.9675,199.3545,200.1,134.21718102389,171942,0.0,1.0
2014-12-24,198.16,201.04,197.63,200.61,134.559263794115,134878,0.0,1.0
2014-12-23,198.0,198.32,197.09,198.26,132.983000048957,237310,0.0,1.0
2014-12-22,197.66,198.9999,197.04,197.66,132.580549731044,154392,0.0,1.0
2014-12-19,196.17,197.91,195.56,197.8,132.674454805224,348244,0.0,1.0
2014-12-18,195.57,198.39,194.65,196.33,131.688451526338,675145,0.0,1.0
2014-12-17,191.44,195.27,190.06,194.69,130.588420657377,610291,0.0,1.0
2014-12-16,193.09,194.32,190.79,191.25,128.281038834677,559363,0.0,1.0
2014-12-15,192.52,193.5,190.51,192.93,129.407899724833,374190,0.0,1.0
2014-12-12,191.38,194.36,190.94,192.06,128.824346763859,343728,0.0,1.0
2014-12-11,193.76,195.23,192.63,193.14,129.548757336102,252873,0.0,1.0
2014-12-10,193.22,194.75,191.81,192.63,129.206674565876,539307,0.0,1.0
2014-12-09,191.21,195.09,190.5,195.01,130.80306082693,225642,0.0,1.0
2014-12-08,195.98,196.2,193.09,193.68,129.910962622223,171587,0.0,1.0
2014-12-05,196.85,197.69,194.91,195.98,131.453688840889,231365,0.0,1.0
2014-12-04,195.45,196.67,194.0,196.12,131.547593915069,344283,0.0,1.0
2014-12-03,195.15,196.02,194.02,195.35,131.031116007081,249465,0.0,1.0
2014-12-02,196.16,197.19,193.37,194.59,130.521345604391,286529,0.0,1.0
2014-12-01,196.67,198.21,195.26,196.52,131.81589412701,384960,0.0,1.0
2014-11-28,194.58,199.68,194.34,197.79,132.667747299926,404074,0.0,1.0
2014-11-26,194.01,195.07,193.28,193.82,130.004867696403,268515,0.0,1.0
2014-11-25,195.22,195.81,193.43,193.56,129.830472558641,379196,0.0,1.0
2014-11-24,194.03,195.3,193.92,194.84,130.689033236855,275851,0.0,1.0
2014-11-21,192.83,193.22,191.82,192.77,129.300579640056,374612,0.0,1.0
2014-11-20,191.37,192.83,191.37,192.13,128.871299300949,473333,0.0,1.0
2014-11-19,192.25,193.24,191.43,191.96,128.757271710874,523499,0.0,1.0
2014-11-18,192.77,194.59,191.76,192.29,128.978619385726,518226,0.0,1.0
2014-11-17,192.43,195.23,191.56,192.33,129.00544940692,402949,0.0,1.0
2014-11-14,191.89,192.75,190.32,192.45,129.085939470502,429967,0.0,1.0
2014-11-13,189.0,195.52,185.991,191.79,128.643244120798,767460,0.0,1.0
2014-11-12,185.99,187.6,185.39,186.34,124.987653733091,400822,0.0,1.0
2014-11-11,188.38,188.79,186.53,186.93,125.383396545705,208232,0.0,1.0
2014-11-10,187.39,188.628,185.48,188.13,126.188297181531,294437,0.0,1.0
2014-11-07,188.14,188.215,187.01,187.33,125.651696757647,346083,0.0,1.0
2014-11-06,186.95,188.58,186.0,187.76,125.940119485485,263762,0.0,1.0
2014-11-05,186.6,188.37,185.075,187.0,125.430349082795,558122,0.0,1.0
2014-11-04,185.73,186.49,184.6,185.95,124.726061026448,234387,0.0,1.0
2014-11-03,187.12,187.16,184.97,185.8,124.62544844697,327316,0.0,1.0
2014-10-31,188.5,188.5,185.21,187.03,125.450471598691,411371,0.0,1.0
2014-10-30,183.58,185.87,183.58,185.49,124.417515782715,354288,0.0,1.0
2014-10-29,185.0,185.0,182.93,184.32,123.632737662785,302448,0.0,1.0
2014-10-28,183.38,184.61,182.36,184.58,123.807132800547,363769,0.0,1.0
2014-10-27,183.0,183.6,181.06,182.65,122.512584277928,532934,0.0,1.0
2014-10-24,181.78,183.086,181.02,182.84,122.6400268786,186214,0.0,1.0
2014-10-23,178.93,182.67,178.88,181.23,121.560118525535,285636,0.0,1.0
2014-10-22,178.39,179.649,177.0,177.23,118.877116406117,205414,0.0,1.0
2014-10-21,176.12,178.59,175.81,178.46,119.702139557838,293839,0.0,1.0
2014-10-20,173.91,175.93,173.14,174.96,117.354512703347,247753,0.0,1.0
2014-10-17,174.25,176.48,173.64,174.85,117.280730145063,276877,0.0,1.0
2014-10-16,169.79,175.38,169.38,172.93,115.992889127742,397591,0.0,1.0
2014-10-15,171.38,172.65,166.61,171.82,115.248356039604,755857,0.0,1.0
2014-10-14,174.47,177.2625,172.24,172.63,115.791663968786,658698,0.0,1.0
2014-10-13,176.86,177.51,172.88,173.7,116.50936703573,510251,0.0,1.0
2014-10-10,179.0,179.86,176.29,176.5,118.387468519323,465598,0.0,1.0
2014-10-09,180.32,181.7,178.18,179.48,120.386305098289,658272,0.0,1.0
2014-10-08,181.49,184.17,181.01,183.93,123.371144956142,247750,0.0,1.0
2014-10-07,182.73,183.09,181.09,181.48,121.727806157998,297479,0.0,1.0
2014-10-06,186.15,186.3801,183.25,183.81,123.290654892559,189806,0.0,1.0
2014-10-03,182.78,186.25,182.77,185.24,124.249828150251,296071,0.0,1.0
2014-10-02,182.54,183.02,180.68,181.42,121.687561126207,316839,0.0,1.0
2014-10-01,183.99,184.5,181.606,182.38,122.331481634867,413213,0.0,1.0
2014-09-30,185.45,185.69,184.035,184.33,123.639445168084,412600,0.0,1.0
2014-09-29,183.15,184.91,182.18,184.89,124.015065464802,317670,0.0,1.0
2014-09-26,182.79,186.03,182.59,185.01,124.095555528385,240515,0.0,1.0
2014-09-25,184.5,184.5,181.705,182.62,122.492461762032,344495,0.0,1.0
2014-09-24,184.56,185.84,183.96,184.5,123.753472758159,297223,0.0,1.0
2014-09-23,187.48,187.82,184.92,185.0,124.088848023086,274507,0.0,1.0
2014-09-22,188.21,189.13,186.47,187.06,125.470594114587,219318,0.0,1.0
2014-09-19,190.76,192.25,188.19,188.2,126.235249718621,481300,0.0,1.0
2014-09-18,189.89,191.15,189.37,189.99,127.43589316706,210800,0.0,1.0
2014-09-17,190.17,191.0,189.0,189.7,127.241375513402,154900,0.0,1.0
2014-09-16,189.99,190.24,188.7,190.17,127.556628262434,193100,0.0,1.0
2014-09-15,188.23,190.34,187.87,189.99,127.43589316706,305900,0.0,1.0
2014-09-12,188.9,190.15,188.62,189.42,127.053565365043,434500,0.0,1.0
2014-09-11,187.75,188.9,186.52,188.51,126.443182382876,188900,0.0,1.0
2014-09-10,187.24,189.16,187.15,188.17,126.215127202725,269700,0.0,1.0
2014-09-09,187.96,188.84,187.39,187.84,125.993779527873,272700,0.0,1.0
2014-09-08,188.84,189.21,187.44,187.81,125.973657011977,332700,0.0,1.0
2014-09-05,188.98,189.95,186.89,188.57,126.483427414667,326700,0.0,1.0
2014-09-04,189.38,189.66,187.38,187.83,125.987072022575,228400,0.0,1.0
2014-09-03,188.4,189.33,187.97,188.67,126.550502467652,307100,0.0,1.0
2014-09-02,188.0,188.65,187.12,188.15,126.201712192128,507700,0.0,1.0
2014-08-29,189.98,189.98,187.66,187.99,126.094392107351,297600,0.0,1.0
2014-08-28,186.69,188.44,186.12,187.97,126.080977096754,202000,0.0,1.0
2014-08-27,188.38,188.5,187.53,188.18,126.221834708024,292700,0.0,1.0
2014-08-26,188.39,189.13,187.49,187.91,126.040732064963,325600,0.0,1.0
2014-08-25,185.81,189.37,185.16,188.58,126.490134919965,592100,0.0,1.0
2014-08-22,185.03,186.18,184.11,184.94,124.048602991295,280700,0.0,1.0
2014-08-21,184.22,185.75,183.96,184.92,124.035187980698,548400,0.0,1.0
2014-08-20,180.5,184.24,180.5,183.55,123.116259754797,325900,0.0,1.0
2014-08-19,181.0,181.67,180.05,180.4,121.003395585755,190100,0.0,1.0
2014-08-18,179.69,180.42,179.2,180.17,120.849122963889,234900,0.0,1.0
2014-08-15,177.82,179.31,177.0,178.48,119.715554568435,241900,0.0,1.0
2014-08-14,176.93,177.88,175.81,177.32,118.937483953804,231200,0.0,1.0
2014-08-13,174.08,176.91,174.08,176.74,118.548448646488,364300,0.0,1.0
2014-08-12,174.61,175.03,173.42,173.71,116.516074541029,347200,0.0,1.0
2014-08-11,174.75,176.0,173.54,174.35,116.945354880136,318900,0.0,1.0
2014-08-08,174.39,174.86,172.96,173.46,116.348386908565,481900,0.0,1.0
2014-08-07,173.0,174.73,172.82,174.02,116.724007205284,364000,0.0,1.0
2014-08-06,174.01,174.45,171.4,172.5,115.704466399905,826700,0.0,1.0
2014-08-05,169.1,175.47,168.61,175.11,117.455125282825,1307800,0.0,1.0
2014-08-04,170.15,170.25,168.53,169.93,113.980637538179,283000,0.0,1.0
2014-08-01,167.65,170.21,167.65,169.65,113.792827389819,376100,0.0,1.0
2014-07-31,170.0,170.11,167.52,167.92,112.632428973171,278800,0.0,1.0
2014-07-30,171.04,171.23,169.38,170.85,114.597728025645,296800,0.0,1.0
2014-07-29,171.07,172.29,169.67,170.0,114.027590075268,347300,0.0,1.0
2014-07-28,170.6,171.3,169.68,171.15,114.798953184601,536800,0.0,1.0
2014-07-25,170.56,171.31,169.81,170.2,114.161740181239,503500,0.0,1.0
2014-07-24,171.74,173.01,170.25,170.71,114.503822951465,409500,0.0,1.0
2014-07-23,173.59,174.41,171.7,171.8,115.234941029007,269600,0.0,1.0
2014-07-22,172.78,175.06,172.21,173.99,116.703884689388,447400,0.0,1.0
2014-07-21,169.17,172.26,168.72,171.9,115.302016081992,264700,0.0,1.0
2014-07-18,167.13,169.75,167.13,169.53,113.712337326237,234600,0.0,1.0
2014-07-17,168.19,169.61,166.66,166.81,111.887895885033,232000,0.0,1.0
2014-07-16,169.49,170.49,168.31,168.67,113.135491870562,260600,0.0,1.0
2014-07-15,170.0,170.93,168.5,169.07,113.403792082504,227700,0.0,1.0
2014-07-14,168.55,169.92,168.01,169.73,113.846487432208,527800,0.0,1.0
2014-07-11,166.07,167.73,165.43,167.58,112.404373793021,309900,0.0,1.0
2014-07-10,165.0,166.44,164.74,165.61,111.082995249207,280700,0.0,1.0
2014-07-09,165.76,166.26,165.01,166.04,111.371417977045,335500,0.0,1.0
2014-07-08,167.77,168.44,165.05,165.33,110.895185100848,911400,0.0,1.0
2014-07-07,168.11,168.75,167.0,167.53,112.370836266528,514500,0.0,1.0
2014-07-03,168.48,169.1,166.83,168.2,112.82023912153,306000,0.0,1.0
2014-07-02,167.96,168.96,166.24,168.42,112.967804238098,325900,0.0,1.0
2014-07-01,167.2,168.78,166.09,168.37,112.934266711606,401000,0.0,1.0
2014-06-30,167.37,167.8,166.07,167.26,112.189733623467,448100,0.0,1.0
2014-06-27,167.51,168.05,166.3,167.37,112.263516181751,440800,0.0,1.0
2014-06-26,167.79,168.74,166.87,167.75,112.518401383096,360400,0.0,1.0
2014-06-25,167.5,168.15,167.0,167.72,112.4982788672,396300,0.0,1.0
2014-06-24,170.24,170.52,167.79,167.81,112.558646414887,442900,0.0,1.0
2014-06-23,171.92,172.03,169.5,170.24,114.188570202434,318300,0.0,1.0
2014-06-20,171.01,172.42,169.82,172.42,115.650806357516,806600,0.0,1.0
2014-06-19,171.44,171.46,169.49,170.58,114.416625382584,201100,0.0,1.0
2014-06-18,169.7,171.65,168.78,171.27,114.879443248184,559000,0.0,1.0
2014-06-17,168.93,170.47,168.74,169.19,113.484282146086,253900,0.0,1.0
2014-06-16,168.87,170.3,168.68,170.02,114.041005085866,560900,0.0,1.0
2014-06-13,168.17,169.13,167.9,168.8,113.222689439443,429600,0.0,1.0
2014-06-12,169.61,170.0,162.2,167.7,112.484863856603,895000,25.0,1.0
2014-06-11,194.08,196.39,194.08,195.24,113.967539280556,563600,0.0,1.0
2014-06-10,196.3,196.87,193.11,195.42,114.072610767293,858400,0.0,1.0
2014-06-09,195.52,198.29,195.52,197.0,114.99490492865,1136300,0.0,1.0
2014-06-06,191.54,196.93,191.0,195.58,114.166007644392,1115800,0.0,1.0
2014-06-05,193.58,193.62,188.23,190.97,111.475010122966,1177600,0.0,1.0
2014-06-04,190.45,191.7,190.04,191.16,111.585918914521,414100,0.0,1.0
2014-06-03,189.98,191.43,188.98,191.04,111.515871256697,326000,0.0,1.0
2014-06-02,189.08,189.98,188.34,189.9,110.850418507363,154600,0.0,1.0
2014-05-30,188.01,188.83,187.07,188.71,110.155779233936,266000,0.0,1.0
2014-05-29,188.03,188.53,186.17,188.28,109.904775126732,295400,0.0,1.0
2014-05-28,187.81,188.58,186.16,188.03,109.758842506264,700000,0.0,1.0
2014-05-27,186.78,187.41,185.43,187.34,109.356068473773,263700,0.0,1.0
2014-05-23,187.39,187.58,185.76,186.34,108.772337991901,509600,0.0,1.0
2014-05-22,185.12,188.23,183.96,187.53,109.466977265328,394500,0.0,1.0
2014-05-21,182.62,185.26,182.57,185.08,108.036837584744,306700,0.0,1.0
2014-05-20,186.39,187.97,182.4,182.56,106.565836770428,496500,0.0,1.0
2014-05-19,183.74,186.71,183.31,186.64,108.947457136463,837400,0.0,1.0
2014-05-16,182.85,183.85,181.48,183.65,107.202102995668,617500,0.0,1.0
2014-05-15,184.95,184.95,182.7,183.6,107.172916471574,813400,0.0,1.0
2014-05-14,183.74,185.05,181.89,185.0,107.990139146194,614800,0.0,1.0
2014-05-13,180.74,186.48,180.0,183.73,107.248801434217,1017400,0.0,1.0
2014-05-12,180.3,180.78,179.18,179.42,104.732923057352,450900,0.0,1.0
2014-05-09,180.99,182.05,179.2,180.0,105.071486736837,194700,0.0,1.0
2014-05-08,179.31,182.48,177.81,181.29,105.824499058451,268600,0.0,1.0
2014-05-07,179.33,179.4,177.47,178.96,104.464407035691,479800,0.0,1.0
2014-05-06,180.01,182.53,175.05,178.64,104.277613281492,830500,0.0,1.0
2014-05-05,179.52,184.0,178.33,183.22,106.951098888463,417200,0.0,1.0
2014-05-02,178.57,181.35,178.22,179.51,104.78545880072,295900,0.0,1.0
2014-05-01,177.6,180.06,176.85,178.79,104.365172853773,242400,0.0,1.0
2014-04-30,174.81,178.18,173.95,177.87,103.828140810451,216800,0.0,1.0
2014-04-29,175.28,176.11,174.15,174.73,101.995227097375,384900,0.0,1.0
2014-04-28,176.22,177.37,172.93,174.46,101.83761986727,620600,0.0,1.0
2014-04-25,179.32,179.54,175.21,175.33,102.345465386498,254800,0.0,1.0
2014-04-24,181.32,182.16,178.4,179.67,104.87885567782,170800,0.0,1.0
2014-04-23,181.78,182.95,180.71,180.95,105.626030694615,185900,0.0,1.0
2014-04-22,181.85,182.8,180.44,181.42,105.900384021095,215700,0.0,1.0
2014-04-21,181.41,181.62,179.91,181.31,105.836173668089,213700,0.0,1.0
2014-04-17,178.01,181.37,177.62,181.0,105.655217218709,262800,0.0,1.0
2014-04-16,176.62,178.99,176.03,178.02,103.915700382732,267200,0.0,1.0
2014-04-15,174.21,176.43,172.77,176.31,102.917521258732,314900,0.0,1.0
2014-04-14,172.74,174.68,172.11,173.58,101.323937043223,368200,0.0,1.0
2014-04-11,174.56,175.44,173.17,173.33,101.178004422756,172900,0.0,1.0
2014-04-10,179.07,179.98,174.95,175.08,102.19953276603,240700,0.0,1.0
2014-04-09,176.2,179.1,174.8,178.96,104.464407035691,333500,0.0,1.0
2014-04-08,177.69,178.1,174.65,176.19,102.847473600908,355000,0.0,1.0
2014-04-07,181.0,181.58,176.68,178.06,103.939049602007,375900,0.0,1.0
2014-04-04,185.64,186.28,180.33,180.69,105.474260769329,359000,0.0,1.0
2014-04-03,186.02,186.02,184.72,184.93,107.949278012463,370900,0.0,1.0
2014-04-02,186.89,187.59,185.16,185.62,108.352052044954,228100,0.0,1.0
2014-04-01,185.95,187.06,184.33,186.67,108.964969050919,580400,0.0,1.0
2014-03-31,184.08,186.3,183.16,185.2,108.106885242568,1115200,0.0,1.0
2014-03-28,185.06,186.5,183.22,183.86,107.324686396861,734400,0.0,1.0
2014-03-27,185.01,187.5,182.02,184.19,107.517317455878,1797600,0.0,1.0
2014-03-26,185.21,187.64,183.99,184.5,107.698273905258,1158100,0.0,1.0
2014-03-25,183.37,186.2,182.26,185.21,108.112722547387,798100,0.0,1.0
2014-03-24,184.22,184.79,180.63,183.0,106.822678182451,805600,0.0,1.0
2014-03-21,182.69,183.56,181.4,183.08,106.869376621001,653800,0.0,1.0
2014-03-20,180.68,181.74,179.19,181.6,106.005455507831,174800,0.0,1.0
2014-03-19,182.69,183.33,180.33,181.3,105.83033636327,238700,0.0,1.0
2014-03-18,181.5,182.98,181.02,182.35,106.443253369235,199300,0.0,1.0
2014-03-17,179.94,181.97,178.87,181.5,105.947082459644,222300,0.0,1.0
2014-03-14,180.53,182.46,179.06,179.53,104.797133410358,848700,0.0,1.0
2014-03-13,180.38,181.5,179.75,181.11,105.719427571714,416700,0.0,1.0
2014-03-12,180.1,180.67,178.04,180.44,105.328328148861,408200,0.0,1.0
2014-03-11,179.77,181.42,179.36,179.64,104.861343763364,459300,0.0,1.0
2014-03-10,179.58,180.27,178.61,179.85,104.983927164557,595800,0.0,1.0
2014-03-07,182.56,184.2,179.52,180.63,105.439236940416,500800,0.0,1.0
2014-03-06,181.73,183.21,181.05,182.56,106.565836770428,198200,0.0,1.0
2014-03-05,182.55,184.21,180.97,181.15,105.742776790989,147800,0.0,1.0
2014-03-04,180.0,182.81,179.58,182.58,106.577511380065,262900,0.0,1.0
2014-03-03,177.69,179.15,176.6,178.98,104.476081645329,177700,0.0,1.0
2014-02-28,177.43,178.98,176.62,178.14,103.985748040557,206500,0.0,1.0
2014-02-27,176.5,177.95,175.43,177.27,103.477902521329,117200,0.0,1.0
2014-02-26,176.48,177.81,176.05,176.57,103.069291184019,167700,0.0,1.0
2014-02-25,178.34,179.91,176.07,176.37,102.952545087644,194500,0.0,1.0
2014-02-24,178.86,180.83,178.21,178.22,104.032446479106,204400,0.0,1.0
2014-02-21,178.02,179.25,177.2,178.49,104.190053709212,151600,0.0,1.0
2014-02-20,176.69,178.12,175.43,177.82,103.798954286358,184400,0.0,1.0
2014-02-19,175.81,178.38,174.99,176.58,103.075128488837,267000,0.0,1.0
2014-02-18,176.1,177.59,175.08,175.9,102.678191761165,353800,0.0,1.0
2014-02-14,174.45,175.97,172.57,175.77,102.602306798522,212400,0.0,1.0
2014-02-13,173.78,175.56,173.02,174.57,101.901830220276,278800,0.0,1.0
2014-02-12,173.7,175.18,173.21,175.06,102.187858156393,382100,0.0,1.0
2014-02-11,173.78,174.3,171.08,173.29,101.154655203481,347100,0.0,1.0
2014-02-10,172.76,174.32,172.19,173.89,101.504893492604,435700,0.0,1.0
2014-02-07,173.17,175.86,170.8,172.38,100.623460464978,512500,0.0,1.0
2014-02-06,173.49,176.08,171.76,172.22,100.530063587878,798500,0.0,1.0
2014-02-05,172.8,173.99,170.14,173.45,101.24805208058,968400,0.0,1.0
2014-02-04,173.42,175.76,166.3,171.92,100.354944443317,1659800,0.0,1.0
2014-02-03,167.55,170.63,164.82,165.0,96.3155295087675,498800,0.0,1.0
2014-01-31,166.34,168.99,166.1,167.03,97.5005023869663,405800,0.0,1.0
2014-01-30,170.17,170.36,166.98,167.93,98.0258598206505,235000,0.0,1.0
2014-01-29,168.83,169.52,167.28,168.14,98.1484432218435,243100,0.0,1.0
2014-01-28,167.8,170.82,166.34,170.23,99.3684399289545,529000,0.0,1.0
2014-01-27,169.87,170.89,166.77,166.97,97.465478558054,538000,0.0,1.0
2014-01-24,172.53,174.12,169.08,169.1,98.7088244844399,352600,0.0,1.0
2014-01-23,175.05,175.05,173.2,173.76,101.42900852996,489800,0.0,1.0
2014-01-22,174.58,176.26,173.5,176.11,102.800775162358,397800,0.0,1.0
2014-01-21,174.21,174.94,173.02,173.81,101.458195054054,179600,0.0,1.0
2014-01-17,173.02,174.16,171.81,173.21,101.107956764931,449100,0.0,1.0
2014-01-16,172.25,172.63,171.31,172.54,100.716857342077,315900,0.0,1.0
2014-01-15,169.5,173.18,169.08,172.25,100.547575502335,565700,0.0,1.0
2014-01-14,167.16,169.76,166.65,169.71,99.0649000783814,325000,0.0,1.0
2014-01-13,165.47,170.24,163.93,167.42,97.7281572748961,766400,0.0,1.0
2014-01-10,163.12,164.62,161.6,164.57,96.0645254015629,375900,0.0,1.0
2014-01-09,163.66,165.11,162.66,164.79,96.1929461075746,377000,0.0,1.0
2014-01-08,161.04,162.82,160.14,162.78,95.0196478390132,264200,0.0,1.0
2014-01-07,160.3,161.95,160.02,161.03,93.9981194957384,174400,0.0,1.0
2014-01-06,160.63,161.89,159.99,160.24,93.5369724150601,186900,0.0,1.0
2014-01-03,159.65,162.07,159.4,160.91,93.9280718379138,192900,0.0,1.0
2014-01-02,160.6,160.6,158.87,159.57,93.1458729922063,519900,0.0,1.0
2013-12-31,159.55,161.2,159.45,161.02,93.9922821909197,125400,0.0,1.0
2013-12-30,160.12,160.83,159.05,159.63,93.1808968211186,107000,0.0,1.0
2013-12-27,162.89,162.95,159.13,160.12,93.4669247572355,120000,0.0,1.0
2013-12-26,160.18,161.3,160.05,160.93,93.9397464475513,132900,0.0,1.0
2013-12-24,159.49,160.14,159.11,159.97,93.3793651849548,88600,0.0,1.0
2013-12-23,160.59,161.15,159.3,159.56,93.1400356873876,499800,0.0,1.0
2013-12-20,156.59,160.28,156.02,160.11,93.4610874524168,457200,0.0,1.0
2013-12-19,154.18,157.04,154.18,156.64,91.4355426803233,284500,0.0,1.0
2013-12-18,155.0,155.67,153.1,154.57,90.2272205828497,524800,0.0,1.0
2013-12-17,156.19,158.14,153.87,154.77,90.343966679224,405400,0.0,1.0
2013-12-16,156.6,156.76,155.51,156.26,91.2137250972122,317800,0.0,1.0
2013-12-13,157.09,157.09,154.2,156.29,91.2312370116683,388700,0.0,1.0
2013-12-12,155.86,157.32,154.3,156.63,91.4297053755046,293500,0.0,1.0
2013-12-11,155.54,156.85,155.17,156.25,91.2078877923935,388900,0.0,1.0
2013-12-10,154.27,156.11,154.08,155.51,90.7759272358087,354700,0.0,1.0
2013-12-09,155.63,156.27,154.39,154.78,90.3498039840427,351300,0.0,1.0
2013-12-06,154.76,156.2,153.87,156.08,91.1086536104754,315400,0.0,1.0
2013-12-05,154.34,154.98,153.48,154.06,89.9295180370953,255900,0.0,1.0
2013-12-04,154.69,156.29,153.24,154.17,89.9937283901011,595800,0.0,1.0
2013-12-03,155.03,157.86,154.88,155.19,90.5891334816099,364900,0.0,1.0
2013-12-02,156.84,157.77,154.08,154.96,90.4548754707795,481300,0.0,1.0
2013-11-29,158.64,159.2,156.52,156.52,91.3654950224988,184400,0.0,1.0
2013-11-27,155.94,158.1,155.57,157.92,92.1827176971186,1039400,0.0,1.0
2013-11-26,151.7,156.99,151.49,156.06,91.0969790008379,712800,0.0,1.0
2013-11-25,148.95,153.52,148.23,151.54,88.4585172227796,650100,0.0,1.0
2013-11-22,145.29,149.1,145.0,148.5,86.6839765578908,635200,0.0,1.0
2013-11-21,143.56,145.84,143.45,145.05,84.6701063954347,214900,0.0,1.0
2013-11-20,145.44,145.44,143.19,143.37,83.6894391858909,299400,0.0,1.0
2013-11-19,147.29,147.35,144.56,145.1,84.6992929195283,266200,0.0,1.0
2013-11-18,149.15,149.98,146.81,147.11,85.8725911880897,610900,0.0,1.0
2013-11-15,146.75,149.83,146.75,148.45,86.6547900337972,642800,0.0,1.0
2013-11-14,149.58,149.58,143.54,145.85,85.1370907809318,806900,0.0,1.0
2013-11-13,147.39,149.59,146.62,149.15,87.0634013711071,320400,0.0,1.0
2013-11-12,147.14,148.09,146.3,147.74,86.2403413916686,311900,0.0,1.0
2013-11-11,147.74,148.65,146.94,147.23,85.9426388459142,300800,0.0,1.0
2013-11-08,145.84,147.6,145.84,147.27,85.9659880651891,332200,0.0,1.0
2013-11-07,149.28,149.84,145.71,146.12,85.294698011037,351700,0.0,1.0
2013-11-06,147.71,148.92,147.4,148.76,86.8357464831773,257000,0.0,1.0
2013-11-05,148.45,148.45,146.56,147.72,86.2286667820312,286900,0.0,1.0
2013-11-04,147.97,149.08,147.29,148.72,86.8123972639025,316800,0.0,1.0
2013-11-01,145.41,147.57,145.41,147.35,86.0126865037388,373700,0.0,1.0
2013-10-31,146.85,147.21,145.21,145.41,84.8802493689084,371800,0.0,1.0
2013-10-30,147.6,148.6,145.87,147.18,85.9134523218206,203000,0.0,1.0
2013-10-29,145.26,147.54,144.94,147.18,85.9134523218206,568200,0.0,1.0
2013-10-28,146.27,146.68,144.78,145.2,84.7576659677154,749200,0.0,1.0
2013-10-25,146.51,147.12,145.29,146.22,85.3530710592242,249300,0.0,1.0
2013-10-24,145.65,147.05,144.78,146.46,85.4931663748733,609100,0.0,1.0
2013-10-23,139.58,146.26,139.32,145.42,84.8860866737271,886200,0.0,1.0
2013-10-22,139.58,140.48,139.08,139.46,81.4070530017741,429900,0.0,1.0
2013-10-21,140.6,141.04,139.01,139.54,81.4537514403238,299000,0.0,1.0
2013-10-18,141.42,141.84,139.35,140.13,81.7981524246278,1312400,0.0,1.0
2013-10-17,139.9,141.23,139.65,140.91,82.2534622004875,824100,0.0,1.0
2013-10-16,140.88,141.41,139.6,140.17,81.8215016439027,411000,0.0,1.0
2013-10-15,140.41,141.05,139.1,139.74,81.570497536698,159400,0.0,1.0
2013-10-14,139.63,141.03,139.35,140.5,82.0141327029202,242400,0.0,1.0
2013-10-11,140.84,142.2,140.26,140.57,82.0549938366512,678000,0.0,1.0
2013-10-10,139.48,141.02,138.77,140.69,82.1250414944758,466500,0.0,1.0
2013-10-09,139.69,140.47,136.86,137.86,80.47308423078,725800,0.0,1.0
2013-10-08,139.6,140.37,138.67,139.68,81.5354737077858,678800,0.0,1.0
2013-10-07,139.13,140.92,138.16,139.76,81.5821721463355,248200,0.0,1.0
2013-10-04,140.94,141.12,140.02,140.49,82.0082953981015,716200,0.0,1.0
2013-10-03,141.57,142.43,140.1,141.05,82.3351844679495,656100,0.0,1.0
2013-10-02,140.01,142.34,139.67,142.22,83.0181491317389,762000,0.0,1.0
2013-10-01,138.31,141.29,138.01,141.28,82.4694424787799,492900,0.0,1.0
2013-09-30,138.51,140.07,136.9,138.7,80.9634178355519,669500,0.0,1.0
2013-09-27,137.3,138.92,136.26,138.67,80.9459059210957,526900,0.0,1.0
2013-09-26,135.88,137.32,135.68,137.22,80.0994967223823,952600,0.0,1.0
2013-09-25,137.2,137.5,135.36,135.67,79.1947144754818,227100,0.0,1.0
2013-09-24,134.48,137.58,134.48,136.52,79.6908853850724,876900,0.0,1.0
2013-09-23,139.24,139.89,134.71,134.94,78.7685912237157,668400,0.0,1.0
2013-09-20,141.97,142.08,139.43,139.7,81.5471483174232,335100,0.0,1.0
2013-09-19,142.69,143.3,142.01,142.39,83.117383313657,306000,0.0,1.0
2013-09-18,143.28,143.7,141.28,142.75,83.3275262871307,698900,0.0,1.0
2013-09-17,145.25,146.08,144.63,145.0,84.6409198713412,200100,0.0,1.0
2013-09-16,144.35,145.34,143.27,145.25,84.786852491809,204700,0.0,1.0
2013-09-13,145.13,145.39,142.0,143.07,83.5143200413295,285300,0.0,1.0
2013-09-12,142.02,145.11,141.93,144.83,84.541685689423,337900,0.0,1.0
2013-09-11,140.7,142.03,140.52,142.03,82.9072403401833,198000,0.0,1.0
2013-09-10,139.64,141.0,139.01,140.87,82.2301129812126,222200,0.0,1.0
2013-09-09,138.64,139.68,137.93,139.39,81.3661918680431,195600,0.0,1.0
2013-09-06,138.08,139.07,136.07,138.05,80.5839930223355,215000,0.0,1.0
2013-09-05,137.83,139.02,137.72,138.02,80.5664811078794,268200,0.0,1.0
2013-09-04,138.69,138.69,136.64,137.93,80.5139453645109,588800,0.0,1.0
2013-09-03,137.83,140.58,137.83,138.73,80.980929750008,312900,0.0,1.0
2013-08-30,138.14,138.14,136.22,137.0,79.9710760163706,310500,0.0,1.0
2013-08-29,136.79,139.67,136.76,137.9,80.4964334500548,188600,0.0,1.0
2013-08-28,137.87,138.5,136.78,137.48,80.2512666476688,120000,0.0,1.0
2013-08-27,138.76,139.9,136.52,137.67,80.3621754392244,169300,0.0,1.0
2013-08-26,139.99,140.91,139.25,139.9,81.6638944137975,202400,0.0,1.0
2013-08-23,139.21,140.4,139.09,139.93,81.6814063282536,114800,0.0,1.0
2013-08-22,138.53,139.79,137.56,139.18,81.2436084668501,86300,0.0,1.0
2013-08-21,137.63,139.06,137.4,138.24,80.6949018138911,235800,0.0,1.0
2013-08-20,138.2,139.28,137.86,138.51,80.8525090439963,196200,0.0,1.0
2013-08-19,137.0,139.56,137.0,138.2,80.6715525946162,288100,0.0,1.0
2013-08-16,137.45,138.2,135.83,137.06,80.0060998452829,339300,0.0,1.0
2013-08-15,138.9,139.55,137.75,137.9,80.4964334500548,317400,0.0,1.0
2013-08-14,139.48,139.99,138.04,138.95,81.1093504560197,181900,0.0,1.0
2013-08-13,140.33,140.93,139.4,139.62,81.5004498788735,163200,0.0,1.0
2013-08-12,140.47,140.96,139.75,140.37,81.938247740277,282400,0.0,1.0
2013-08-09,140.48,141.55,140.0,140.68,82.1192041896571,260300,0.0,1.0
2013-08-08,143.46,144.37,139.92,140.78,82.1775772378442,632900,0.0,1.0
2013-08-07,144.71,144.71,141.57,143.03,83.4909708220547,488800,0.0,1.0
2013-08-06,145.93,149.13,144.39,145.2,84.7576659677154,643800,0.0,1.0
2013-08-05,147.26,148.52,145.82,148.12,86.4621589747797,617500,0.0,1.0
2013-08-02,149.01,150.05,147.21,147.87,86.3162263543119,366900,0.0,1.0
2013-08-01,145.7,149.83,145.27,148.92,86.9291433602767,453200,0.0,1.0
2013-07-31,144.67,145.82,143.92,144.59,84.4015903737739,318600,0.0,1.0
2013-07-30,143.73,145.11,143.19,143.92,84.0104909509201,302400,0.0,1.0
2013-07-29,142.91,143.88,141.99,143.09,83.525994650967,368800,0.0,1.0
2013-07-26,141.43,142.82,141.02,142.64,83.2633159341248,259800,0.0,1.0
2013-07-25,141.79,142.02,140.5,141.7,82.7146092811658,248200,0.0,1.0
2013-07-24,141.35,142.19,141.1,141.81,82.7788196341717,327600,0.0,1.0
2013-07-23,140.65,141.37,139.74,140.95,82.2768114197623,274100,0.0,1.0
2013-07-22,138.04,140.19,138.04,140.02,81.733942071622,273200,0.0,1.0
2013-07-19,138.97,139.12,137.14,138.42,80.7999733006279,357200,0.0,1.0
2013-07-18,139.04,139.64,138.09,138.75,80.9926043596454,418600,0.0,1.0
2013-07-17,139.29,140.54,137.56,139.15,81.226096552394,711200,0.0,1.0
2013-07-16,140.94,140.94,138.92,139.16,81.2319338572127,494500,0.0,1.0
2013-07-15,143.0,143.14,140.85,140.99,82.3001606390372,369200,0.0,1.0
2013-07-12,141.6,142.94,140.07,142.36,83.0998713992009,422200,0.0,1.0
2013-07-11,139.64,143.15,139.64,141.64,82.6795854522535,660900,22.0,1.0
2013-07-10,160.08,162.23,159.06,160.8,81.2446672006989,1265700,0.0,1.0
2013-07-09,160.52,164.4,159.48,159.8,80.7394142952219,906900,0.0,1.0
2013-07-08,158.28,160.68,158.25,160.11,80.8960426959198,1207700,0.0,1.0
2013-07-05,157.5,158.26,153.9,158.0,79.8299590653633,854700,0.0,1.0
2013-07-03,151.63,153.96,150.69,153.7,77.6573715718123,342600,0.0,1.0
2013-07-02,155.11,156.59,150.14,151.67,76.631708173694,702000,0.0,1.0
2013-07-01,156.57,158.08,154.35,154.96,78.2939902327133,988400,0.0,1.0
2013-06-28,157.39,159.08,156.6,156.77,79.2084979916267,609600,0.0,1.0
2013-06-27,158.35,159.68,156.88,158.04,79.8501691815824,769100,0.0,1.0
2013-06-26,157.81,158.31,155.92,156.79,79.2186030497362,665400,0.0,1.0
2013-06-25,162.58,164.62,154.79,156.81,79.2287081078457,1311500,0.0,1.0
2013-06-24,161.02,164.17,158.88,162.19,81.9469687393119,936400,0.0,1.0
2013-06-21,155.19,163.83,155.19,162.48,82.0934920819002,1330500,0.0,1.0
2013-06-20,154.48,157.34,153.73,157.14,79.3954415666531,899800,0.0,1.0
2013-06-19,157.1,158.3,155.9,156.84,79.24386569501,914800,0.0,1.0
2013-06-18,158.56,161.5,155.44,156.85,79.2489182240648,1492800,0.0,1.0
2013-06-17,149.93,153.44,149.48,152.24,76.9197023298159,361100,0.0,1.0
2013-06-14,145.54,149.7,143.02,148.78,75.1715272768656,817700,0.0,1.0
2013-06-13,142.92,146.58,142.92,145.68,73.6052432698869,751700,0.0,1.0
2013-06-12,148.63,148.63,145.04,145.23,73.3778794624223,366700,0.0,1.0
2013-06-11,148.7,150.05,147.35,147.51,74.5298560869098,420600,0.0,1.0
2013-06-10,149.85,150.88,149.38,149.99,75.7828832924927,298400,0.0,1.0
2013-06-07,151.07,151.6,149.37,149.86,75.7172004147807,406700,0.0,1.0
2013-06-06,147.68,150.73,146.71,150.72,76.1517179134909,430800,0.0,1.0
2013-06-05,147.17,148.32,146.23,147.45,74.4995409125812,318400,0.0,1.0
2013-06-04,148.5,149.51,147.55,147.76,74.656169313279,312500,0.0,1.0
2013-06-03,146.42,149.27,146.16,148.88,75.2220525674133,381000,0.0,1.0
2013-05-31,145.62,147.16,145.13,146.1,73.8174494901872,262000,0.0,1.0
2013-05-30,147.35,148.96,145.2,146.1,73.8174494901872,650700,0.0,1.0
2013-05-29,148.09,148.14,145.94,146.92,74.2317568726784,214400,0.0,1.0
2013-05-28,148.03,150.8,146.89,148.26,74.9087957660175,501300,0.0,1.0
2013-05-24,147.62,148.17,146.33,147.0,74.2721771051165,264100,0.0,1.0
2013-05-23,148.68,148.68,147.31,147.85,74.701642074772,247400,0.0,1.0
2013-05-22,149.29,152.16,149.1,150.01,75.7929883506022,399000,0.0,1.0
2013-05-21,149.82,150.2,148.96,149.42,75.4948891363708,190800,0.0,1.0
2013-05-20,149.47,150.99,149.33,149.84,75.7070953566712,158400,0.0,1.0
2013-05-17,150.69,152.28,148.81,149.83,75.7020428276164,447700,0.0,1.0
2013-05-16,154.95,155.43,150.17,150.65,76.1163502101075,443200,0.0,1.0
2013-05-15,150.08,155.97,149.9,154.69,78.1575719482345,556900,0.0,1.0
2013-05-14,147.89,150.21,147.88,150.08,75.8283560539856,251200,0.0,1.0
2013-05-13,148.85,148.85,147.29,148.11,74.833007830196,265000,0.0,1.0
2013-05-10,149.8,150.2,148.65,148.84,75.2018424511942,142200,0.0,1.0
2013-05-09,149.04,150.97,147.99,149.87,75.7222529438355,253700,0.0,1.0
2013-05-08,150.27,150.66,147.84,148.5,75.030056463332,283800,0.0,1.0
2013-05-07,151.0,151.0,146.25,150.13,75.8536186992595,453400,0.0,1.0
2013-05-06,149.54,151.0,149.01,150.3,75.9395116931906,265200,0.0,1.0
2013-05-03,150.89,150.99,149.43,149.5,75.535309368809,236700,0.0,1.0
2013-05-02,147.62,149.99,147.62,149.02,75.29278797418,192400,0.0,1.0
2013-05-01,146.73,148.15,146.05,147.0,74.2721771051165,325100,0.0,1.0
2013-04-30,144.93,147.09,144.74,146.8,74.1711265240211,446500,0.0,1.0
2013-04-29,145.6,145.93,144.05,144.87,73.1959884164506,320700,0.0,1.0
2013-04-26,147.45,147.61,144.8,145.31,73.4182996948604,251200,0.0,1.0
2013-04-25,148.2,148.41,147.11,147.35,74.4490156220335,141500,0.0,1.0
2013-04-24,147.53,148.5,147.21,148.09,74.8229027720864,178100,0.0,1.0
2013-04-23,147.14,147.2,145.01,146.88,74.2115467564593,139200,0.0,1.0
2013-04-22,145.6,146.79,143.32,146.16,73.8477646645159,212300,0.0,1.0
2013-04-19,144.71,145.45,144.05,145.37,73.448614869189,128300,0.0,1.0
2013-04-18,145.63,145.67,142.93,144.18,72.8473639116714,146600,0.0,1.0
2013-04-17,146.76,147.43,143.82,145.49,73.5092452178463,351900,0.0,1.0
2013-04-16,150.39,150.5,146.86,148.16,74.8582704754698,365800,0.0,1.0
2013-04-15,152.9,153.44,148.5,148.88,75.2220525674133,233600,0.0,1.0
2013-04-12,152.36,153.66,151.06,152.9,77.2531692474307,139700,0.0,1.0
2013-04-11,153.63,155.17,151.99,153.01,77.3087470670332,308100,0.0,1.0
2013-04-10,151.64,153.65,150.36,153.22,77.4148501771834,285500,0.0,1.0
2013-04-09,150.4,151.76,150.33,151.21,76.3992918371746,266100,0.0,1.0
2013-04-08,147.71,151.0,147.63,150.28,75.929406635081,192400,0.0,1.0
2013-04-05,148.17,148.55,146.2,147.88,74.7167996619363,293700,0.0,1.0
2013-04-04,149.68,150.29,148.75,149.84,75.7070953566712,95000,0.0,1.0
2013-04-03,150.81,151.47,148.84,149.53,75.5504669559733,243300,0.0,1.0
2013-04-02,151.17,152.17,150.23,150.39,75.9849844546835,241700,0.0,1.0
2013-04-01,153.19,153.74,150.67,151.09,76.3386614885174,269600,0.0,1.0
2013-03-28,151.19,153.12,150.15,152.92,77.2632743055403,213300,0.0,1.0
2013-03-27,149.46,151.5,148.63,150.96,76.2729786108054,179200,0.0,1.0
2013-03-26,149.16,150.58,148.35,150.27,75.9243541060263,241600,0.0,1.0
2013-03-25,149.78,150.66,147.87,148.28,74.9189008241271,305600,0.0,1.0
2013-03-22,150.2,150.47,148.84,149.35,75.4595214329874,145100,0.0,1.0
2013-03-21,150.81,151.36,149.0,149.71,75.6414124789592,178300,0.0,1.0
2013-03-20,150.96,152.17,149.95,151.71,76.6519182899131,216200,0.0,1.0
2013-03-19,150.45,151.0,149.0,150.44,76.0102470999574,319300,0.0,1.0
2013-03-18,149.48,151.38,149.43,150.1,75.8384611120952,264400,0.0,1.0
2013-03-15,150.27,151.96,150.09,151.02,76.303293785134,628400,0.0,1.0
2013-03-14,150.97,151.03,149.51,150.91,76.2477159655315,245000,0.0,1.0
2013-03-13,146.97,150.68,146.61,150.59,76.0860350357789,325300,0.0,1.0
2013-03-12,147.67,148.17,146.18,146.9,74.2216518145688,272600,0.0,1.0
2013-03-11,146.45,147.75,145.31,147.56,74.5551187321836,526200,0.0,1.0
2013-03-08,144.36,144.66,143.36,143.85,72.680630452864,329600,0.0,1.0
2013-03-07,143.96,144.37,142.76,143.72,72.614947575152,160700,0.0,1.0
2013-03-06,143.65,144.14,142.85,143.51,72.5088444650019,141800,0.0,1.0
2013-03-05,142.62,144.61,142.43,142.84,72.1703250183323,195500,0.0,1.0
2013-03-04,142.09,143.08,141.01,141.75,71.6195993513624,295500,0.0,1.0
2013-03-01,141.71,143.61,140.54,142.68,72.089484553456,196900,0.0,1.0
2013-02-28,142.82,144.33,141.94,142.34,71.9176985655938,454800,0.0,1.0
2013-02-27,139.28,143.53,139.0,142.6,72.0490643210178,358400,0.0,1.0
2013-02-26,139.53,139.95,138.47,139.18,70.3210993842865,207800,0.0,1.0
2013-02-25,143.19,143.23,138.83,138.83,70.1442608673696,280500,0.0,1.0
2013-02-22,141.5,143.0,141.5,142.74,72.1197997277846,243400,0.0,1.0
2013-02-21,139.47,141.21,138.92,141.16,71.3215001371309,374400,0.0,1.0
2013-02-20,143.26,143.72,139.71,139.86,70.6646713600109,357000,0.0,1.0
2013-02-19,143.73,144.23,142.4,143.05,72.2764281284825,562700,0.0,1.0
2013-02-15,143.21,144.14,142.88,143.77,72.6402102204259,264200,0.0,1.0
2013-02-14,144.28,144.78,142.67,143.44,72.4734767616185,242500,0.0,1.0
2013-02-13,145.0,145.7,143.57,144.75,73.1353580677933,244300,0.0,1.0
2013-02-12,145.55,146.31,143.41,144.91,73.2161985326696,282600,0.0,1.0
2013-02-11,143.25,146.45,142.95,145.18,73.3526168171484,685100,0.0,1.0
2013-02-08,143.6,144.85,142.74,143.05,72.2764281284825,541200,0.0,1.0
2013-02-07,139.9,143.7,139.5,143.61,72.5593697555496,789900,0.0,1.0
2013-02-06,139.12,140.05,138.25,139.74,70.6040410113536,587300,0.0,1.0
2013-02-05,139.07,140.28,138.0,139.44,70.4524651397105,504400,0.0,1.0
2013-02-04,135.99,143.94,134.46,137.72,69.5834301422901,1404100,0.0,1.0
2013-02-01,136.45,137.51,135.97,136.42,68.92660136517,587200,0.0,1.0
2013-01-31,137.74,138.22,135.4,135.44,68.4314535178026,390600,0.0,1.0
2013-01-30,137.2,138.54,137.14,137.82,69.6339554328378,608500,0.0,1.0
2013-01-29,136.44,138.7,136.04,137.83,69.6390079618926,387100,0.0,1.0
2013-01-28,139.19,139.19,135.96,136.87,69.1539651726347,290200,0.0,1.0
2013-01-25,138.63,138.96,137.78,138.41,69.9320546470692,334200,0.0,1.0
2013-01-24,137.14,139.37,137.02,138.21,69.8310040659738,261000,0.0,1.0
2013-01-23,136.98,137.56,136.19,137.43,69.4369067997018,163800,0.0,1.0
2013-01-22,136.08,137.13,135.5,137.02,69.2297531084562,240600,0.0,1.0
2013-01-18,136.78,136.78,134.31,136.22,68.8255507840747,487200,0.0,1.0
2013-01-17,135.24,136.98,134.71,136.69,69.0630196496488,296500,0.0,1.0
2013-01-16,135.18,135.18,133.0,134.81,68.1131441873521,222800,0.0,1.0
2013-01-15,134.83,136.89,134.68,135.48,68.4516636340217,768800,0.0,1.0
2013-01-14,137.16,137.89,135.12,135.75,68.5880819185005,507000,0.0,1.0
2013-01-11,136.56,138.23,136.21,137.53,69.4874320902495,717300,0.0,1.0
2013-01-10,140.15,140.15,134.96,136.09,68.7598679063626,1125200,0.0,1.0
2013-01-09,137.8,139.61,137.64,139.59,70.5282530755321,949300,0.0,1.0
2013-01-08,140.36,141.23,136.66,137.5,69.4722745030852,792200,0.0,1.0
2013-01-07,139.85,140.76,138.81,140.75,71.1143464458854,366700,0.0,1.0
2013-01-04,139.55,140.3,138.8,140.29,70.881930109366,305000,0.0,1.0
2013-01-03,140.06,141.28,139.09,139.61,70.5383581336416,375900,0.0,1.0
2013-01-02,138.8,141.1,138.7,140.0,70.7354067667776,659100,0.0,1.0
2012-12-31,132.45,136.82,132.41,136.36,68.8962861908414,214000,0.0,1.0
2012-12-28,133.34,135.09,132.92,133.05,67.2238990737126,144800,0.0,1.0
2012-12-27,133.11,134.91,132.65,134.58,67.9969360190924,190600,0.0,1.0
2012-12-26,134.18,135.54,133.18,133.22,67.3097920676437,232400,0.0,1.0
2012-12-24,134.54,135.38,133.26,135.18,68.3000877623786,107800,0.0,1.0
2012-12-21,133.5,135.64,132.96,135.11,68.2647200589952,447100,0.0,1.0
2012-12-20,133.85,135.04,133.03,134.67,68.0424087805853,400900,0.0,1.0
2012-12-19,131.44,134.55,130.98,133.89,67.6483115143133,690800,0.0,1.0
2012-12-18,128.64,132.39,127.39,131.83,66.6074905290307,742600,0.0,1.0
2012-12-17,126.44,128.48,125.99,128.22,64.7835275402588,743300,0.0,1.0
2012-12-14,126.14,126.57,124.79,125.52,63.4193446954709,1389100,0.0,1.0
2012-12-13,127.79,128.59,125.99,126.18,63.7528116130857,1254900,0.0,1.0
2012-12-12,131.18,131.29,128.07,128.19,64.7683699530945,929400,0.0,1.0
2012-12-11,130.61,132.32,128.96,130.86,66.117395210718,772500,0.0,1.0
2012-12-10,129.49,130.84,128.08,130.08,65.723297944446,1028300,0.0,1.0
2012-12-07,133.91,134.5,128.53,129.72,65.5414068984743,1837700,0.0,1.0
2012-12-06,134.35,134.92,132.65,134.83,68.1232492454617,527800,0.0,1.0
2012-12-05,133.27,135.08,131.9,134.29,67.8504126765041,1457600,0.0,1.0
2012-12-04,130.85,135.19,130.85,133.36,67.3805274744105,655300,0.0,1.0
2012-12-03,136.42,136.47,132.73,133.18,67.2895819514246,662500,0.0,1.0
2012-11-30,135.29,136.09,134.23,136.02,68.7245002029793,630200,0.0,1.0
2012-11-29,135.03,136.21,133.93,134.93,68.1737745360093,657600,0.0,1.0
2012-11-28,131.28,134.55,131.28,133.39,67.3956850615748,760900,0.0,1.0
2012-11-27,132.01,135.38,130.88,133.52,67.4613679392868,902500,0.0,1.0
2012-11-26,131.45,133.16,131.41,133.01,67.2036889574935,199900,0.0,1.0
2012-11-23,131.7,132.46,131.14,132.4,66.8954846851526,62600,0.0,1.0
2012-11-21,130.77,132.23,130.3,131.52,66.4508621283328,347600,0.0,1.0
2012-11-20,130.28,131.45,130.0,131.08,66.228550849923,572500,0.0,1.0
2012-11-19,129.44,131.36,128.55,130.09,65.7283504735007,494600,0.0,1.0
2012-11-16,116.61,129.45,116.61,128.78,65.0664691673259,826200,0.0,1.0
2012-11-15,122.5,128.89,120.65,125.65,63.4850275731829,2153900,0.0,1.0
2012-11-14,136.31,136.71,130.23,131.39,66.3851792506208,506800,0.0,1.0
2012-11-13,135.94,136.58,134.23,136.0,68.7143951448697,340400,0.0,1.0
2012-11-12,137.2,137.2,135.33,135.56,68.4920838664598,268600,0.0,1.0
2012-11-09,137.01,138.21,135.85,137.32,69.3813289800993,242900,0.0,1.0
2012-11-08,137.71,138.68,137.01,137.15,69.2954359861682,305400,0.0,1.0
2012-11-07,137.71,139.17,136.25,138.0,69.7249009558237,311000,0.0,1.0
2012-11-06,137.41,140.49,136.24,140.12,70.7960371154349,251400,0.0,1.0
2012-11-05,136.3,137.66,135.94,136.82,69.1287025273608,487200,0.0,1.0
2012-11-02,137.91,139.0,135.57,136.88,69.1590177016895,275100,0.0,1.0
2012-11-01,132.67,137.71,132.67,136.57,69.0023893009916,374800,0.0,1.0
2012-10-31,136.39,136.68,132.88,133.21,67.3047395385889,803400,0.0,1.0
2012-10-26,135.09,137.68,134.87,135.44,68.4314535178026,576400,0.0,1.0
2012-10-25,131.86,135.34,129.81,135.11,68.2647200589952,701300,0.0,1.0
2012-10-24,131.24,133.56,131.08,131.42,66.4003368377851,351700,0.0,1.0
2012-10-23,129.86,132.13,126.29,131.27,66.3245489019636,1008800,12.85,1.0
2012-10-22,146.69,147.91,145.15,147.39,67.8294148116876,644700,0.0,1.0
2012-10-19,147.5,147.5,144.64,145.7,67.0516706565091,597400,0.0,1.0
2012-10-18,150.0,150.65,147.64,148.75,68.4552917649673,672500,0.0,1.0
2012-10-17,151.17,152.28,148.9,149.0,68.5703426754966,973500,0.0,1.0
2012-10-16,148.4,151.34,148.4,150.9,69.4447295955197,1112200,0.0,1.0
2012-10-15,149.26,149.6,147.91,148.7,68.4322815828614,278300,0.0,1.0
2012-10-12,146.03,150.14,146.03,149.17,68.6485772946566,390500,0.0,1.0
2012-10-11,146.92,148.0,145.57,145.6,67.0056502922974,208100,0.0,1.0
2012-10-10,145.0,145.74,143.52,145.06,66.757140325554,298100,0.0,1.0
2012-10-09,146.36,147.88,145.36,145.98,67.180527676302,274400,0.0,1.0
2012-10-08,149.58,150.29,146.62,146.84,67.576302808523,485700,0.0,1.0
2012-10-05,151.12,152.62,149.35,150.08,69.0673626089835,754400,0.0,1.0
2012-10-04,146.15,149.27,145.54,148.97,68.5565365662331,738900,0.0,1.0
2012-10-03,141.69,145.31,141.2,145.31,66.8721912360833,744600,0.0,1.0
2012-10-02,142.87,143.37,141.23,142.08,65.385733472044,363700,0.0,1.0
2012-10-01,141.9,142.83,139.85,141.69,65.2062540516182,453300,0.0,1.0
2012-09-28,140.29,142.36,138.88,141.87,65.2890907071994,694600,0.0,1.0
2012-09-27,142.16,142.86,138.25,141.09,64.9301318663478,1010700,0.0,1.0
2012-09-26,143.98,145.58,140.14,141.04,64.9071216842419,889500,0.0,1.0
2012-09-25,144.0,146.22,144.0,144.95,66.706517924921,1162500,0.0,1.0
2012-09-24,144.13,144.95,142.94,143.37,65.9793961703755,226700,0.0,1.0
2012-09-21,142.33,146.72,142.33,144.51,66.5040283223894,338200,0.0,1.0
2012-09-20,142.84,143.58,141.5,142.07,65.3811314356229,188100,0.0,1.0
2012-09-19,142.74,143.66,141.52,143.05,65.8321310048979,424100,0.0,1.0
2012-09-18,143.1,143.54,141.58,142.67,65.6572536208933,240200,0.0,1.0
2012-09-17,145.21,145.56,143.57,143.77,66.1634776272225,192500,0.0,1.0
2012-09-14,143.74,146.21,143.08,145.61,67.0102523287186,324600,0.0,1.0
2012-09-13,142.73,143.84,140.68,143.1,65.8551411870038,225800,0.0,1.0
2012-09-12,142.4,143.55,141.56,142.95,65.7861106406862,157100,0.0,1.0
2012-09-11,141.47,142.55,141.01,142.2,65.4409579090981,204000,0.0,1.0
2012-09-10,143.01,144.21,140.86,141.47,65.1050092503524,216900,0.0,1.0
2012-09-07,140.85,143.61,138.74,143.53,66.0530287531143,410900,0.0,1.0
2012-09-06,138.0,141.47,137.99,140.41,64.6171933897079,365600,0.0,1.0
2012-09-05,138.13,138.46,136.4,137.03,63.061705079351,281200,0.0,1.0
2012-09-04,139.02,139.02,136.79,138.67,63.8164390524236,283600,0.0,1.0
2012-08-31,139.27,139.37,136.7,138.62,63.7934288703177,196500,0.0,1.0
2012-08-30,137.83,138.9,137.76,138.18,63.5909392677861,226500,0.0,1.0
2012-08-29,138.46,139.36,137.78,138.76,63.8578573802142,197600,0.0,1.0
2012-08-28,139.0,139.31,137.93,137.98,63.4988985393626,445500,0.0,1.0
2012-08-27,139.32,143.15,139.0,139.42,64.1615917840117,507500,0.0,1.0
2012-08-24,136.29,139.24,135.79,138.56,63.7658166517907,278100,0.0,1.0
2012-08-23,136.21,137.04,135.35,136.58,62.8546134403982,331800,0.0,1.0
2012-08-22,136.16,137.06,135.37,136.27,62.7119503113418,240500,0.0,1.0
2012-08-21,138.49,139.33,135.24,136.81,62.9604602780852,445300,0.0,1.0
2012-08-20,138.5,139.37,137.09,138.53,63.7520105425272,423900,0.0,1.0
2012-08-17,132.79,137.96,132.68,137.77,63.4022557745179,773300,0.0,1.0
2012-08-16,128.08,132.52,128.08,132.33,60.8987479613991,455000,0.0,1.0
2012-08-15,127.43,128.58,126.82,128.47,59.1223619028259,254900,0.0,1.0
2012-08-14,128.43,128.95,127.43,127.85,58.837035644713,132700,0.0,1.0
2012-08-13,127.52,128.46,127.13,127.64,58.7403928798684,231800,0.0,1.0
2012-08-10,126.12,128.0,125.91,127.5,58.675964369972,356200,0.0,1.0
2012-08-09,125.18,127.28,124.34,127.0,58.4458625489132,393200,0.0,1.0
2012-08-08,124.74,125.83,122.54,125.13,57.5852817381536,579600,0.0,1.0
2012-08-07,130.52,130.52,124.69,125.45,57.7325469036312,609300,0.0,1.0
2012-08-06,125.31,125.94,122.76,122.98,56.5958439076012,477100,0.0,1.0
2012-08-03,123.32,124.89,123.32,124.22,57.1664964238268,218500,0.0,1.0
2012-08-02,119.3,121.42,118.96,121.23,55.7904875338957,490200,0.0,1.0
2012-08-01,124.07,124.81,119.58,120.26,55.3440900010418,420600,0.0,1.0
2012-07-31,121.01,123.94,121.01,123.36,56.7707212916058,488600,0.0,1.0
2012-07-30,121.27,121.72,119.55,120.88,55.6294162591546,307200,0.0,1.0
2012-07-27,121.06,122.11,119.95,121.63,55.9745689907427,259000,0.0,1.0
2012-07-26,122.32,122.68,119.04,120.07,55.2566513090395,355100,0.0,1.0
2012-07-25,120.1,120.99,118.5,120.25,55.3394879646206,542900,0.0,1.0
2012-07-24,128.55,129.14,117.77,120.01,55.2290390905124,1874200,0.0,1.0
2012-07-23,127.73,129.1,126.57,128.73,59.2420148497764,229000,0.0,1.0
2012-07-20,128.98,130.64,128.26,129.7,59.6884123826303,265800,0.0,1.0
2012-07-19,130.06,130.5,129.54,129.97,59.812667366002,428900,0.0,1.0
2012-07-18,129.24,130.12,128.71,129.64,59.6608001641032,221900,0.0,1.0
2012-07-17,130.34,130.34,128.37,129.87,59.7666470017903,296200,0.0,1.0
2012-07-16,130.25,130.25,129.26,129.65,59.6654022005244,322300,0.0,1.0
2012-07-13,127.51,131.22,127.51,130.83,60.208442498223,239700,0.0,1.0
2012-07-12,126.7,128.36,124.96,127.37,58.6161378964967,248100,0.0,1.0
2012-07-11,130.17,130.48,126.74,127.73,58.781811207659,205900,0.0,1.0
2012-07-10,131.86,133.88,129.28,130.03,59.840279584529,216600,0.0,1.0
2012-07-09,131.01,132.06,130.6,130.96,60.2682689716983,173200,0.0,1.0
2012-07-06,132.7,132.82,130.32,130.88,60.2314526803289,265600,0.0,1.0
2012-07-05,133.23,134.89,132.63,133.68,61.5200228782577,281500,0.0,1.0
2012-07-03,132.0,134.19,131.77,133.0,61.2070844016178,204700,0.0,1.0
2012-07-02,134.93,136.34,130.91,131.95,60.7238705773945,715100,0.0,1.0
2012-06-29,130.09,134.43,129.84,134.3,61.8053491363705,732600,0.0,1.0
2012-06-28,126.6,129.46,126.29,127.57,58.7081786249202,573900,0.0,1.0
2012-06-27,127.49,128.16,126.92,128.0,58.9060661910307,478700,0.0,1.0
2012-06-26,126.09,127.5,125.78,127.45,58.6529541878661,474200,0.0,1.0
2012-06-25,125.53,126.19,124.8,126.15,58.0546894531134,403600,0.0,1.0
2012-06-22,127.87,128.13,125.53,127.14,58.5102910588097,341900,0.0,1.0
2012-06-21,130.1,130.28,127.36,127.5,58.675964369972,397400,0.0,1.0
2012-06-20,127.36,130.31,126.93,129.81,59.7390347832632,490300,0.0,1.0
2012-06-19,127.03,128.32,127.01,127.32,58.5931277143908,309000,0.0,1.0
2012-06-18,123.94,127.51,123.94,127.0,58.4458625489132,452500,0.0,1.0
2012-06-15,124.46,124.69,123.12,124.28,57.1941086423538,668300,0.0,1.0
2012-06-14,125.41,127.07,124.12,124.49,57.2907514071985,721200,0.0,1.0
2012-06-13,126.67,127.04,124.61,125.17,57.6036898838383,304900,0.0,1.0
2012-06-12,126.25,127.02,125.37,126.84,58.3722299661745,417300,0.0,1.0
2012-06-11,128.65,128.86,125.97,126.08,58.0224751981652,495500,0.0,1.0
2012-06-08,125.96,127.14,124.95,127.14,58.5102910588097,305300,0.0,1.0
2012-06-07,127.72,128.0,125.77,126.19,58.0730975987981,463200,0.0,1.0
2012-06-06,122.19,126.74,122.19,126.74,58.3262096019627,552700,0.0,1.0
2012-06-05,121.6,121.8,120.36,120.81,55.5972020042064,491800,0.0,1.0
2012-06-04,122.0,122.36,120.51,121.73,56.0205893549544,576500,0.0,1.0
2012-06-01,121.34,122.66,120.29,121.71,56.011385282112,727400,0.0,1.0
2012-05-31,123.59,123.59,120.74,123.0,56.6050479804435,1954300,0.0,1.0
2012-05-30,125.89,125.89,123.05,123.33,56.7569151823423,509300,0.0,1.0
2012-05-29,125.94,126.34,123.62,126.34,58.1421281451157,731200,0.0,1.0
2012-05-25,125.37,125.79,123.69,124.23,57.171098460248,285700,0.0,1.0
2012-05-24,125.93,126.0,123.19,124.95,57.5024450825725,448200,0.0,1.0
2012-05-23,124.76,125.45,122.62,125.33,57.6773224665771,561000,0.0,1.0
2012-05-22,123.15,125.95,122.69,125.34,57.6819245029983,594000,0.0,1.0
2012-05-21,118.95,122.98,118.87,122.62,56.4301705964389,672000,0.0,1.0
2012-05-18,120.99,121.14,118.43,118.82,54.6813967563927,462300,0.0,1.0
2012-05-17,124.07,124.72,119.52,120.24,55.3348859281994,578200,0.0,1.0
2012-05-16,124.58,125.9,123.74,124.01,57.0698536589821,561300,0.0,1.0
2012-05-15,125.02,125.21,123.32,123.65,56.9041803478199,420500,0.0,1.0
2012-05-14,124.82,125.92,122.9,124.93,57.4932410097302,502400,0.0,1.0
2012-05-11,126.09,127.53,125.58,125.74,57.8660059598453,460900,0.0,1.0
2012-05-10,125.32,127.46,125.0,126.68,58.2985973834357,523100,0.0,1.0
2012-05-09,128.51,128.84,125.8,125.95,57.9626487246899,629700,0.0,1.0
2012-05-08,132.65,132.69,125.0,128.51,59.1407700485105,1001000,0.0,1.0
2012-05-07,126.28,128.33,125.14,127.43,58.6437501150237,965000,0.0,1.0
2012-05-04,128.13,128.21,126.78,127.56,58.703576588499,562300,0.0,1.0
2012-05-03,127.66,130.09,127.4,129.38,59.5411472171527,666000,0.0,1.0
2012-05-02,126.0,128.2,124.26,127.83,58.8278315718707,687300,0.0,1.0
2012-05-01,126.5,128.0,125.52,127.07,58.4780768038615,488700,0.0,1.0
2012-04-30,128.21,128.29,125.51,126.12,58.0408833438499,528100,0.0,1.0
2012-04-27,126.13,128.29,125.43,127.14,58.5102910588097,554300,0.0,1.0
2012-04-26,124.94,126.4,124.71,125.41,57.7141387579465,468600,0.0,1.0
2012-04-25,123.07,125.0,122.48,124.7,57.3873941720432,631100,0.0,1.0
2012-04-24,121.97,122.1,120.37,121.73,56.0205893549544,277800,0.0,1.0
2012-04-23,121.18,122.2,119.46,122.0,56.1448443383261,437300,0.0,1.0
2012-04-20,123.39,123.39,121.09,122.25,56.2598952488555,719900,0.0,1.0
2012-04-19,120.2,120.96,118.38,119.07,54.796447666922,354700,0.0,1.0
2012-04-18,118.91,121.45,118.81,120.2,55.3164777825147,447800,0.0,1.0
2012-04-17,117.6,119.48,117.27,119.13,54.8240598854491,351800,0.0,1.0
2012-04-16,116.49,117.73,115.18,117.03,53.8576322370025,340100,0.0,1.0
2012-04-13,116.95,117.14,115.69,116.04,53.4020306313062,256600,0.0,1.0
2012-04-12,114.23,118.76,114.23,117.06,53.871438346266,381300,0.0,1.0
2012-04-11,113.58,114.71,112.25,114.23,52.5690620390737,327900,0.0,1.0
2012-04-10,114.79,116.26,111.56,111.93,51.5105936622036,673000,0.0,1.0
2012-04-09,115.0,115.24,114.22,114.7,52.7853577508689,214500,0.0,1.0
2012-04-05,116.04,116.72,115.33,116.3,53.5216835782568,658900,0.0,1.0
2012-04-04,116.09,116.62,115.65,116.18,53.4664591412027,244900,0.0,1.0
2012-04-03,117.0,117.7,115.98,117.28,53.9726831475318,275600,0.0,1.0
2012-04-02,116.04,117.83,115.87,117.0,53.843826127739,428100,0.0,1.0
2012-03-30,115.24,116.86,115.07,115.76,53.2731736115134,322100,0.0,1.0
2012-03-29,115.16,115.44,113.67,114.96,52.9050106978194,414200,0.0,1.0
2012-03-28,116.55,116.77,114.88,116.0,53.3836224856215,514900,0.0,1.0
2012-03-27,116.69,117.36,116.18,116.29,53.5170815418356,405400,0.0,1.0
2012-03-26,116.67,118.21,116.1,117.09,53.8852444555295,382400,0.0,1.0
2012-03-23,115.33,115.52,113.69,115.36,53.0890921546664,185500,0.0,1.0
2012-03-22,113.78,115.7,113.7,115.46,53.1351125188781,372900,0.0,1.0
2012-03-21,113.54,115.04,113.17,114.64,52.7577455323418,463200,0.0,1.0
2012-03-20,112.23,113.55,110.6,113.25,52.1180624697986,432200,0.0,1.0
2012-03-19,113.64,114.67,111.77,113.15,52.0720421055869,599900,0.0,1.0
2012-03-16,115.1,115.57,114.24,115.32,53.0706840089817,410700,0.0,1.0
2012-03-15,115.33,115.76,113.5,115.3,53.0614799361393,500400,0.0,1.0
2012-03-14,115.69,115.97,114.47,115.03,52.9372249527676,231300,0.0,1.0
2012-03-13,114.06,115.55,113.82,115.48,53.1443165917205,404100,0.0,1.0
2012-03-12,114.02,115.1,113.38,113.84,52.3895826186479,295900,0.0,1.0
2012-03-09,113.86,114.92,112.75,113.78,52.3619704001209,240000,0.0,1.0
2012-03-08,113.31,114.87,112.92,113.94,52.4356029828596,382200,0.0,1.0
2012-03-07,111.77,113.27,111.29,112.58,51.8097260295799,366000,0.0,1.0
2012-03-06,113.63,113.88,111.03,111.9,51.4967875529401,601400,0.0,1.0
2012-03-05,115.01,116.35,114.75,115.3,53.0614799361393,419500,0.0,1.0
2012-03-02,116.29,117.64,113.35,114.99,52.9188168070829,669100,0.0,1.0
2012-03-01,119.0,119.66,117.07,117.11,53.8944485283719,487400,0.0,1.0
2012-02-29,117.35,120.88,117.35,118.79,54.6675906471292,514900,0.0,1.0
2012-02-28,118.22,118.91,116.0,116.87,53.7839996542637,299900,0.0,1.0
2012-02-27,116.79,121.48,115.32,117.52,54.08313202164,293600,0.0,1.0
2012-02-24,117.03,119.41,116.43,117.07,53.8760403826872,539000,0.0,1.0
2012-02-23,117.01,117.39,116.33,117.07,53.8760403826872,308900,0.0,1.0
2012-02-22,116.26,117.86,115.0,117.39,54.0233055481648,353900,0.0,1.0
2012-02-21,116.55,116.83,115.44,116.24,53.4940713597297,304000,0.0,1.0
2012-02-17,117.14,117.14,115.83,115.94,53.3560102670945,433700,0.0,1.0
2012-02-16,115.02,117.0,114.0,116.35,53.5446937603626,394000,0.0,1.0
2012-02-15,116.75,117.52,114.5,115.0,52.9234188435041,541100,0.0,1.0
2012-02-14,118.2,118.27,115.71,116.47,53.5999181974167,441000,0.0,1.0
2012-02-13,116.88,118.83,115.87,118.18,54.3868664254375,417700,0.0,1.0
2012-02-10,115.33,116.4,114.25,116.19,53.4710611776239,371000,0.0,1.0
2012-02-09,117.27,118.45,115.9,116.11,53.4342448862545,472800,0.0,1.0
2012-02-08,114.97,116.88,113.39,116.0,53.3836224856215,798500,0.0,1.0
2012-02-07,112.82,114.62,105.35,113.82,52.3803785458055,1090000,0.0,1.0
2012-02-06,107.45,109.02,106.71,107.42,49.435075236254,531100,0.0,1.0
2012-02-03,107.2,108.18,107.05,107.83,49.6237587295222,189400,0.0,1.0
2012-02-02,106.87,107.62,105.88,106.06,48.8091982829743,238200,0.0,1.0
2012-02-01,105.26,107.98,105.25,106.83,49.1635550874047,451500,0.0,1.0
2012-01-31,102.45,105.1,102.19,104.53,48.1050867105346,729400,0.0,1.0
2012-01-30,101.21,102.28,100.25,102.16,47.0144040787163,312600,0.0,1.0
2012-01-27,101.56,101.71,100.81,101.36,46.6462411650224,185000,0.0,1.0
2012-01-26,102.61,103.18,101.47,101.83,46.8625368768176,454900,0.0,1.0
2012-01-25,100.84,102.48,99.9,102.2,47.032812224401,313900,0.0,1.0
2012-01-24,101.45,101.84,100.27,100.55,46.2734762149073,250300,0.0,1.0
2012-01-23,97.03,102.66,97.03,101.11,46.531190254493,853500,0.0,1.0
2012-01-20,96.95,97.54,96.54,97.06,44.6673655039175,215200,0.0,1.0
2012-01-19,97.08,98.32,96.77,97.41,44.8284367786586,321200,0.0,1.0
2012-01-18,96.92,98.15,96.04,96.6,44.4556718285435,267300,0.0,1.0
2012-01-17,98.94,98.94,97.5,97.97,45.0861508182443,177000,0.0,1.0
2012-01-13,97.34,98.04,97.2,97.56,44.8974673249762,138400,0.0,1.0
2012-01-12,98.61,98.86,97.91,98.03,45.1137630367714,208200,0.0,1.0
2012-01-11,98.05,98.76,97.46,98.37,45.2702322750913,226600,0.0,1.0
2012-01-10,98.72,99.43,98.17,98.7,45.4220994769901,195300,0.0,1.0
2012-01-09,97.12,98.18,96.62,97.45,44.8468449243433,188900,0.0,1.0
2012-01-06,95.5,98.3,95.34,96.74,44.5201003384399,411500,0.0,1.0
2012-01-05,92.74,95.49,91.97,95.19,43.8067846931579,417300,0.0,1.0
2012-01-04,93.81,94.11,93.08,93.13,42.858765190396,295100,0.0,1.0
2012-01-03,98.89,98.91,93.9,94.08,43.2959586504075,795400,0.0,1.0
2011-12-30,96.49,96.59,95.49,95.68,44.0322844777954,160800,0.0,1.0
2011-12-29,95.27,96.65,95.27,96.49,44.4050494279105,172500,0.0,1.0
2011-12-28,98.0,98.39,95.32,95.34,43.8758152394755,194900,0.0,1.0
2011-12-27,98.21,98.91,97.96,98.26,45.2196098744584,78500,0.0,1.0
2011-12-23,97.16,98.5,97.07,98.45,45.3070485664607,97900,0.0,1.0
2011-12-22,97.06,97.92,96.6,97.25,44.7548041959198,154700,0.0,1.0
2011-12-21,96.54,97.14,94.95,97.14,44.7041817952869,278500,0.0,1.0
2011-12-20,97.28,97.64,96.22,96.92,44.602936994021,187200,0.0,1.0
2011-12-19,95.83,96.98,95.3,95.56,43.9770600407413,216300,0.0,1.0
2011-12-16,95.35,96.12,92.0,95.98,44.1703455704307,331700,0.0,1.0
2011-12-15,95.18,95.64,94.86,95.14,43.783774511052,195400,0.0,1.0
2011-12-14,94.04,95.08,93.68,94.64,43.5536726899933,453100,0.0,1.0
2011-12-13,96.41,97.44,94.29,94.74,43.599693054205,305900,0.0,1.0
2011-12-12,96.65,96.86,95.11,96.0,44.179549643273,240500,0.0,1.0
2011-12-09,94.99,97.71,94.81,97.35,44.8008245601315,210700,0.0,1.0
2011-12-08,94.4,95.35,93.99,94.5,43.4892441800969,315300,0.0,1.0
2011-12-07,95.31,96.21,93.63,95.02,43.7285500739979,224000,0.0,1.0
2011-12-06,97.12,97.22,95.77,96.14,44.2439781531694,162300,0.0,1.0
2011-12-05,97.9,98.34,96.58,96.82,44.5569166298093,268100,0.0,1.0
2011-12-02,98.03,98.71,96.47,96.54,44.4280596100164,181400,0.0,1.0
2011-12-01,96.07,98.0,96.07,97.68,44.9526917620303,322600,0.0,1.0
2011-11-30,95.05,96.58,94.8,96.42,44.3728351729623,1515500,0.0,1.0
2011-11-29,92.77,93.79,92.46,92.57,42.6010511508102,306700,0.0,1.0
2011-11-28,94.07,94.07,92.45,92.98,42.7897346440784,470700,0.0,1.0
2011-11-25,91.13,92.41,90.52,91.17,41.9567660518458,163500,0.0,1.0
2011-11-23,91.98,92.35,90.4,90.83,41.8002968135259,264100,0.0,1.0
2011-11-22,92.4,93.62,91.5,92.82,42.7161020613396,437200,0.0,1.0
2011-11-21,92.56,93.61,91.47,92.44,42.541224677335,393000,0.0,1.0
2011-11-18,93.18,95.15,92.01,94.41,43.4478258523063,443400,0.0,1.0
2011-11-17,97.61,102.73,91.78,93.57,43.0612547929276,1218100,0.0,1.0
2011-11-16,97.73,98.51,96.17,97.12,44.6949777224445,376900,0.0,1.0
2011-11-15,97.66,98.82,97.44,98.4,45.2840383843548,438600,0.0,1.0
2011-11-14,98.0,99.7,97.29,97.42,44.8330388150797,213300,0.0,1.0
2011-11-11,97.0,98.53,96.95,97.93,45.0677426725596,180800,0.0,1.0
2011-11-10,97.95,98.05,95.8,96.26,44.2992025902235,289800,0.0,1.0
2011-11-09,96.5,98.69,95.09,96.77,44.5339064477034,832100,0.0,1.0
2011-11-08,94.99,98.93,93.42,98.51,45.3346607849877,809100,0.0,1.0
2011-11-07,93.96,94.46,93.35,94.33,43.4110095609369,322000,0.0,1.0
2011-11-04,93.71,94.32,92.48,93.88,43.2039179219841,96600,0.0,1.0
2011-11-03,91.55,94.81,90.94,94.52,43.4984482529392,323300,0.0,1.0
2011-11-02,91.6,92.14,90.18,90.63,41.7082560851024,198700,0.0,1.0
2011-11-01,90.5,92.26,89.34,90.15,41.4873583368861,275800,0.0,1.0
2011-10-31,91.65,94.99,91.65,93.92,43.2223260676688,480900,0.0,1.0
2011-10-28,92.5,93.62,92.15,93.35,42.9600099916618,443600,0.0,1.0
2011-10-27,93.0,94.13,90.8,93.34,42.9554079552406,386700,0.0,1.0
2011-10-26,92.5,93.48,89.63,89.92,41.381511499199,329500,0.0,1.0
2011-10-25,91.64,92.96,91.05,91.41,42.067214925954,377700,0.0,1.0
2011-10-24,88.76,92.25,88.55,92.23,42.4445819124903,446700,0.0,1.0
2011-10-21,86.82,88.47,85.86,88.47,40.7142162181288,412100,0.0,1.0
2011-10-20,84.99,86.09,84.17,85.27,39.241564563353,446500,0.0,1.0
2011-10-19,87.48,89.09,85.32,85.66,39.4210439837788,247000,0.0,1.0
2011-10-18,87.52,88.44,86.6,87.85,40.428889960016,200800,0.0,1.0
2011-10-17,86.71,87.92,86.55,87.26,40.1573698111667,435600,0.0,1.0
2011-10-14,87.77,87.9,86.5,87.21,40.1343596290608,171200,0.0,1.0
2011-10-13,85.24,86.38,85.06,86.25,39.6925641326281,254800,0.0,1.0
2011-10-12,85.74,86.39,85.36,85.93,39.5452989671505,288100,0.0,1.0
2011-10-11,83.55,85.8,83.55,85.51,39.3520134374612,208700,0.0,1.0
2011-10-10,83.87,85.21,83.56,84.75,39.0022586694519,205100,0.0,1.0
2011-10-07,82.55,84.28,81.11,82.81,38.1094636037441,441600,0.0,1.0
2011-10-06,79.81,81.99,79.44,81.91,37.6952803258384,285000,0.0,1.0
2011-10-05,78.4,80.57,76.99,80.15,36.8853219157118,368600,0.0,1.0
2011-10-04,76.23,77.74,74.3,77.74,35.7762311382088,1200000,0.0,1.0
2011-10-03,80.86,82.35,76.93,77.38,35.6105578270465,871000,0.0,1.0
2011-09-30,80.65,82.21,79.97,81.67,37.5848314517303,685700,0.0,1.0
2011-09-29,84.63,84.8,79.65,81.69,37.5940355245726,529100,0.0,1.0
2011-09-28,86.37,86.8,82.39,82.94,38.1692900772194,458800,0.0,1.0
2011-09-27,87.3,88.32,86.15,86.6,39.8536354073692,272300,0.0,1.0
2011-09-26,85.76,86.0,84.23,85.24,39.2277584540895,457400,0.0,1.0
2011-09-23,82.11,85.4,81.67,84.93,39.0850953250331,355800,0.0,1.0
2011-09-22,81.82,84.56,81.8,82.47,37.9529943654242,524600,0.0,1.0
2011-09-21,89.83,90.4,86.18,86.18,39.6603498776799,225200,0.0,1.0
2011-09-20,92.5,92.98,90.19,90.19,41.5057664825707,308400,0.0,1.0
2011-09-19,90.5,93.29,89.86,92.12,42.3939595118574,647600,0.0,1.0
2011-09-16,90.05,92.59,89.95,92.37,42.5090104223867,595900,0.0,1.0
2011-09-15,89.95,90.75,88.65,89.45,41.1652157874039,368200,0.0,1.0
2011-09-14,87.96,90.59,86.63,89.59,41.2296442973003,308900,0.0,1.0
2011-09-13,86.02,88.02,85.11,87.62,40.323043122329,361500,0.0,1.0
2011-09-12,85.06,85.77,83.97,85.65,39.4164419473576,470400,0.0,1.0
2011-09-09,88.07,89.41,86.15,86.65,39.8766455894751,347700,0.0,1.0
2011-09-08,89.93,91.17,89.13,89.39,41.1376035688768,284700,0.0,1.0
2011-09-07,89.76,91.52,89.68,90.94,41.8509192141588,328200,0.0,1.0
2011-09-06,86.46,88.17,85.57,88.08,40.534736797703,363000,0.0,1.0
2011-09-02,90.01,91.09,88.97,89.41,41.1468076417191,434800,0.0,1.0
2011-09-01,92.45,93.12,90.76,91.04,41.8969395783706,409200,0.0,1.0
2011-08-31,90.56,91.97,90.49,91.86,42.2743065649069,520800,0.0,1.0
2011-08-30,91.23,91.46,89.85,89.9,41.3723074263567,632300,0.0,1.0
2011-08-29,89.59,91.38,88.8,91.37,42.0488067802693,530300,0.0,1.0
2011-08-26,85.17,88.0,83.99,87.8,40.4058797779101,363100,0.0,1.0
2011-08-25,87.42,87.89,85.67,85.95,39.5545030399929,450000,0.0,1.0
2011-08-24,86.96,87.24,85.15,86.92,40.0009005728468,851200,0.0,1.0
2011-08-23,86.29,87.03,85.16,86.9,39.9916965000044,819700,0.0,1.0
2011-08-22,87.01,87.8,85.49,85.83,39.4992786029388,503000,0.0,1.0
2011-08-19,85.03,87.98,84.2,84.78,39.0160647787155,632300,0.0,1.0
2011-08-18,90.5,90.61,84.81,85.63,39.4072378745153,515700,0.0,1.0
2011-08-17,90.43,91.23,90.11,91.23,41.9843782703729,686800,0.0,1.0
2011-08-16,88.28,90.78,87.72,89.79,41.3216850257238,806400,0.0,1.0
2011-08-15,88.88,89.21,87.34,89.04,40.9765322941357,277000,0.0,1.0
2011-08-12,87.69,88.07,85.57,87.72,40.3690634865407,317200,0.0,1.0
2011-08-11,79.24,87.64,79.01,86.84,39.9640842814774,678900,0.0,1.0
2011-08-10,83.9,84.08,78.66,78.97,36.3422816180132,581900,0.0,1.0
2011-08-09,76.03,84.87,75.12,84.87,39.057483106506,1391900,0.0,1.0
2011-08-08,79.57,80.4,73.76,73.83,33.9768348975296,769900,0.0,1.0
2011-08-05,81.99,82.3,78.44,81.85,37.6676681073114,586400,0.0,1.0
2011-08-04,87.36,87.57,80.7,81.05,37.2995051936175,456200,0.0,1.0
2011-08-03,86.72,88.92,85.75,88.62,40.7832467644464,399900,0.0,1.0
2011-08-02,88.76,89.72,86.64,86.73,39.9134618808445,204800,0.0,1.0
2011-08-01,90.81,91.34,87.9,89.05,40.9811343305569,290600,0.0,1.0
2011-07-29,89.04,90.92,88.71,90.07,41.4505420455167,224500,0.0,1.0
2011-07-28,90.17,91.17,89.67,90.01,41.4229298269896,148200,0.0,1.0
2011-07-27,90.99,90.99,89.01,89.89,41.3677053899355,275600,0.0,1.0
2011-07-26,92.21,92.48,90.92,91.3,42.0165925253211,192300,0.0,1.0
2011-07-25,92.37,93.0,91.66,92.61,42.6194592964949,119300,0.0,1.0
2011-07-22,93.22,93.26,91.78,93.03,42.8127448261842,186100,0.0,1.0
2011-07-21,92.4,93.57,92.39,93.5,43.0290405379794,148000,0.0,1.0
2011-07-20,92.1,92.2,91.07,91.73,42.2144800914316,154900,0.0,1.0
2011-07-19,90.06,91.48,90.06,91.39,42.0580108531117,76400,0.0,1.0
2011-07-18,90.39,90.47,89.28,89.7,41.2802666979332,142400,0.0,1.0
2011-07-15,91.5,91.9,89.72,90.58,41.6852459029965,183700,0.0,1.0
2011-07-14,91.94,92.41,90.65,91.21,41.9751741975305,205300,0.0,1.0
2011-07-13,91.33,92.74,91.09,91.95,42.3157248926974,192900,0.0,1.0
2011-07-12,92.08,92.52,90.42,90.64,41.7128581215236,318100,0.0,1.0
2011-07-11,92.8,93.67,92.21,92.54,42.5872450415467,172300,0.0,1.0
2011-07-08,92.99,93.84,92.66,93.74,43.1394894120876,205500,0.0,1.0
2011-07-07,95.03,95.04,93.55,93.75,43.1440914485088,203200,0.0,1.0
2011-07-06,93.45,94.73,93.26,93.94,43.2315301405111,230400,0.0,1.0
2011-07-05,93.39,94.18,92.83,93.37,42.9692140645042,358800,0.0,1.0
2011-07-01,91.2,94.08,91.2,93.3,42.9369998095559,459900,0.0,1.0
2011-06-30,89.31,91.31,89.21,91.19,41.9659701246882,480000,0.0,1.0
2011-06-29,89.3,89.3,88.4,88.86,40.8936956385546,399900,0.0,1.0
2011-06-28,87.69,89.22,87.36,88.92,40.9213078570816,363800,0.0,1.0
2011-06-27,85.38,87.56,85.14,87.3,40.1757779568514,324000,0.0,1.0
2011-06-24,86.24,86.68,85.55,85.8,39.4854724936752,295600,0.0,1.0
2011-06-23,85.77,86.54,85.16,86.38,39.7523906061033,324700,0.0,1.0
2011-06-22,86.99,88.59,86.0,86.89,39.9870944635832,700500,0.0,1.0
2011-06-21,85.91,87.41,85.7,86.94,40.0101046456891,420000,0.0,1.0
2011-06-20,83.53,85.96,83.33,85.32,39.2645747454589,330800,0.0,1.0
2011-06-17,83.01,84.09,82.89,83.83,38.5788713187039,381700,0.0,1.0
2011-06-16,82.03,82.49,81.6,82.41,37.9253821468972,428200,0.0,1.0
2011-06-15,81.82,82.44,81.44,82.17,37.814933272789,362400,0.0,1.0
2011-06-14,81.31,82.53,80.68,82.48,37.9575964018454,299700,0.0,1.0
2011-06-13,79.99,80.35,79.21,79.98,36.8070872965518,279500,0.0,1.0
2011-06-10,80.16,80.5,79.2,80.05,36.8393015515,284100,0.0,1.0
2011-06-09,80.11,80.62,79.65,80.61,37.0970155910858,111600,0.0,1.0
2011-06-08,80.36,80.54,79.8,80.07,36.8485056243424,282100,0.0,1.0
2011-06-07,81.05,81.2,80.02,80.53,37.0601992997164,272500,0.0,1.0
2011-06-06,80.58,81.19,79.66,80.51,37.0509952268741,147600,0.0,1.0
2011-06-03,80.26,81.22,79.82,80.32,36.9635565348717,144700,0.0,1.0
2011-06-02,81.49,81.91,80.73,81.22,37.3777398127774,307400,0.0,1.0
2011-06-01,81.89,82.32,81.18,81.33,37.4283622134103,516400,0.0,1.0
2011-05-31,80.96,82.0,79.9,82.0,37.736698653629,384700,0.0,1.0
2011-05-27,79.95,80.66,79.79,80.55,37.0694033725587,84700,0.0,1.0
2011-05-26,79.83,79.86,79.32,79.6,36.6322099125472,300100,0.0,1.0
2011-05-25,79.83,80.16,79.37,80.01,36.8208934058153,181600,0.0,1.0
2011-05-24,80.54,80.95,79.6,80.1,36.8623117336059,153500,0.0,1.0
2011-05-23,81.36,81.36,80.0,80.49,37.0417911540317,202500,0.0,1.0
2011-05-20,83.39,83.39,81.98,82.36,37.9023719647913,180000,0.0,1.0
2011-05-19,84.18,84.87,83.26,83.45,38.4039939346993,332100,0.0,1.0
2011-05-18,82.43,84.0,82.04,83.89,38.606483537231,212000,0.0,1.0
2011-05-17,82.5,82.79,81.22,82.22,37.8379434548949,246800,0.0,1.0
2011-05-16,82.38,83.32,82.1,82.46,37.948392329003,144500,0.0,1.0
2011-05-13,83.75,83.98,82.39,82.68,38.0496371302689,124000,0.0,1.0
2011-05-12,82.62,83.95,82.33,83.63,38.4868305902804,285000,0.0,1.0
2011-05-11,82.94,83.55,82.55,82.96,38.1784941500617,409700,0.0,1.0
2011-05-10,81.5,83.99,81.5,83.04,38.2153104414311,396400,0.0,1.0
2011-05-09,82.7,83.56,82.26,83.48,38.4178000439628,313700,0.0,1.0
2011-05-06,82.75,83.91,82.75,82.91,38.1554839679559,378600,0.0,1.0
2011-05-05,81.03,82.93,80.81,81.82,37.6538619980479,268300,0.0,1.0
2011-05-04,82.28,82.52,81.02,81.53,37.5204029418338,164000,0.0,1.0
2011-05-03,82.7,83.11,81.96,82.31,37.8793617826854,218000,0.0,1.0
2011-05-02,83.88,84.31,82.57,82.88,38.1416778586924,293000,0.0,1.0
2011-04-29,81.73,83.3,81.73,83.3,38.3349633883817,211000,0.0,1.0
2011-04-28,80.74,81.53,80.47,81.5,37.5065968325703,161700,0.0,1.0
2011-04-27,80.07,80.84,79.83,80.8,37.1844542830881,138300,0.0,1.0
2011-04-26,79.4,80.62,79.25,80.04,36.8346995150789,218300,0.0,1.0
2011-04-25,80.21,80.21,78.72,79.37,36.5263630748602,110800,0.0,1.0
2011-04-21,79.91,80.16,79.41,80.0,36.8162913693942,145600,0.0,1.0
2011-04-20,78.38,79.83,78.38,79.45,36.5631793662296,346700,0.0,1.0
2011-04-19,77.48,78.11,77.17,77.6,35.7118026283123,268600,0.0,1.0
2011-04-18,78.07,78.35,76.82,77.55,35.6887924462065,222900,0.0,1.0
2011-04-15,78.67,79.29,78.32,78.82,36.2732510716956,113200,0.0,1.0
2011-04-14,78.77,78.99,77.95,78.56,36.1535981247451,195300,0.0,1.0
2011-04-13,79.87,79.87,78.84,79.18,36.4389243828579,207200,0.0,1.0
2011-04-12,79.66,80.04,78.8,79.43,36.5539752933872,231600,0.0,1.0
2011-04-11,80.5,80.6,80.05,80.23,36.9221382070812,245000,0.0,1.0
2011-04-08,82.36,82.47,79.83,80.5,37.0463931904529,306500,0.0,1.0
2011-04-07,82.7,82.89,81.64,81.94,37.709086435102,210000,0.0,1.0
2011-04-06,83.23,83.59,82.63,82.71,38.0634432395324,107100,0.0,1.0
2011-04-05,82.78,83.37,82.29,83.04,38.2153104414311,124900,0.0,1.0
2011-04-04,83.26,83.83,82.52,83.16,38.2705348784852,263500,0.0,1.0
2011-04-01,83.99,85.26,83.77,84.18,38.739942593445,270000,0.0,1.0
2011-03-31,82.54,83.86,82.42,83.83,38.5788713187039,159700,0.0,1.0
2011-03-30,82.58,83.24,82.46,82.49,37.9621984382666,231000,0.0,1.0
2011-03-29,82.07,82.35,81.66,82.31,37.8793617826854,161400,0.0,1.0
2011-03-28,82.1,82.59,81.84,82.17,37.814933272789,166000,0.0,1.0
2011-03-25,81.87,82.66,81.55,82.11,37.7873210542619,107100,0.0,1.0
2011-03-24,81.52,81.85,80.91,81.84,37.6630660708902,64000,0.0,1.0
2011-03-23,80.48,81.54,79.95,81.19,37.3639337035139,102900,0.0,1.0
2011-03-22,80.09,80.88,80.03,80.68,37.129229846034,129800,0.0,1.0
2011-03-21,79.47,80.82,79.45,80.09,36.8577096971847,103100,0.0,1.0
2011-03-18,78.82,79.36,78.32,78.81,36.2686490352744,124800,0.0,1.0
2011-03-17,78.3,78.89,77.79,78.05,35.9188942672652,169300,0.0,1.0
2011-03-16,80.16,80.16,77.25,77.48,35.6565781912582,238100,0.0,1.0
2011-03-15,80.06,80.33,79.23,79.72,36.6874343496013,312700,0.0,1.0
2011-03-14,80.27,82.25,78.8,82.04,37.7551067993137,434400,0.0,1.0
2011-03-11,79.98,81.47,79.57,81.02,37.2856990843539,163000,0.0,1.0
2011-03-10,81.24,81.32,79.33,80.31,36.9589544984506,281800,0.0,1.0
2011-03-09,81.77,82.18,81.26,81.99,37.7320966172078,186900,0.0,1.0
2011-03-08,81.2,82.1,80.56,81.59,37.5480151603609,217600,0.0,1.0
2011-03-07,83.29,83.49,80.4,80.93,37.2442807565634,222300,0.0,1.0
2011-03-04,83.07,83.29,81.55,82.67,38.0450350938477,140100,0.0,1.0
2011-03-03,82.03,83.34,81.94,82.99,38.1923002593253,132600,0.0,1.0
2011-03-02,81.03,81.91,81.0,81.47,37.4927907233068,310600,0.0,1.0
2011-03-01,81.0,81.37,80.61,81.19,37.3639337035139,436500,0.0,1.0
2011-02-28,80.78,81.44,79.88,80.38,36.9911687533988,178400,0.0,1.0
2011-02-25,79.75,80.59,79.47,80.34,36.9727606077141,167800,0.0,1.0
2011-02-24,79.12,80.0,78.44,79.23,36.4619345649637,385800,0.0,1.0
2011-02-23,80.64,81.38,78.62,79.32,36.5033528927543,335100,0.0,1.0
2011-02-22,80.55,81.03,79.86,80.7,37.1384339188764,319900,0.0,1.0
2011-02-18,81.65,82.22,81.14,81.5,37.5065968325703,204300,0.0,1.0
2011-02-17,81.66,81.94,81.1,81.5,37.5065968325703,222800,0.0,1.0
2011-02-16,81.78,81.99,80.93,81.81,37.6492599616267,261500,0.0,1.0
2011-02-15,81.25,81.9,81.25,81.57,37.5388110875185,260700,0.0,1.0
2011-02-14,81.99,82.17,81.09,81.54,37.525004978255,219700,0.0,1.0
2011-02-11,81.49,81.61,81.0,81.53,37.5204029418338,167600,0.0,1.0
2011-02-10,81.63,82.0,81.44,81.77,37.630851815942,187600,0.0,1.0
2011-02-09,82.6,82.79,81.09,82.18,37.8195353092102,451800,0.0,1.0
2011-02-08,82.89,83.3,81.97,82.58,38.0036167660571,501200,0.0,1.0
2011-02-07,82.31,85.38,80.27,80.98,37.2672909386692,746400,0.0,1.0
2011-02-04,78.82,79.37,78.48,79.25,36.4711386378061,172700,0.0,1.0
2011-02-03,77.99,78.65,77.36,78.59,36.1674042340086,134300,0.0,1.0
2011-02-02,77.92,78.3,77.61,77.92,35.8590677937899,258400,0.0,1.0
2011-02-01,77.88,78.63,77.69,78.13,35.9557105586346,278800,0.0,1.0
2011-01-31,76.7,77.98,76.36,77.48,35.6565781912582,297000,0.0,1.0
2011-01-28,77.74,78.36,76.55,76.7,35.2976193504067,266700,0.0,1.0
2011-01-27,77.92,78.05,77.39,77.82,35.8130474295782,223500,0.0,1.0
2011-01-26,77.0,78.34,77.0,77.88,35.8406596481052,344200,0.0,1.0
2011-01-25,76.7,77.32,76.08,77.09,35.4770987708325,166100,0.0,1.0
2011-01-24,76.96,77.32,76.5,76.8,35.3436397146184,246500,0.0,1.0
2011-01-21,76.81,77.23,76.81,77.14,35.5001089529383,188400,0.0,1.0
2011-01-20,76.8,76.91,75.96,76.52,35.2147826948255,301400,0.0,1.0
2011-01-19,77.42,77.63,76.64,77.17,35.5139150622018,227000,0.0,1.0
2011-01-18,76.68,77.5,76.68,77.35,35.596751717783,271300,0.0,1.0
2011-01-14,76.41,77.12,76.19,76.62,35.2608030590373,178400,0.0,1.0
2011-01-13,77.05,77.05,76.24,76.44,35.1779664034561,216400,0.0,1.0
2011-01-12,76.89,77.12,76.28,76.6,35.2515989861949,185700,0.0,1.0
2011-01-11,76.01,77.03,75.76,76.37,35.1457521485079,448700,0.0,1.0
2011-01-10,77.04,77.08,75.05,75.43,34.7131607249175,381100,0.0,1.0
2011-01-07,76.18,77.4,76.01,77.4,35.6197618998889,387200,0.0,1.0
2011-01-06,75.83,76.49,75.37,76.23,35.0813236386115,287000,0.0,1.0
2011-01-05,74.36,75.73,74.15,75.66,34.8190075626045,445200,0.0,1.0
2011-01-04,73.95,74.62,73.46,74.36,34.2207428278519,342600,0.0,1.0
2011-01-03,72.46,73.89,72.46,73.75,33.9400186061602,272600,0.0,1.0
2010-12-31,71.77,72.39,71.64,72.01,33.1392642688759,153600,0.0,1.0
2010-12-30,71.69,72.1,71.59,71.59,32.9459787391866,104500,0.0,1.0
2010-12-29,71.64,72.1,71.61,71.63,32.9643868848713,75300,0.0,1.0
2010-12-28,71.93,71.93,71.45,71.64,32.9689889212925,156800,0.0,1.0
2010-12-27,71.79,71.92,71.22,71.86,33.0702337225583,132400,0.0,1.0
2010-12-23,72.44,72.58,72.0,72.07,33.166876487403,107800,0.0,1.0
2010-12-22,72.23,72.59,71.9,72.39,33.3141416528805,144200,0.0,1.0
2010-12-21,71.71,72.4,71.68,72.28,33.2635192522476,201600,0.0,1.0
2010-12-20,71.72,71.85,71.16,71.56,32.9321726299231,310500,0.0,1.0
2010-12-17,71.81,71.81,71.14,71.62,32.9597848484501,223600,0.0,1.0
2010-12-16,72.65,72.65,70.96,71.81,33.0472235404524,226500,0.0,1.0
2010-12-15,70.83,71.7,70.67,71.23,32.7803054280243,405200,0.0,1.0
2010-12-14,70.64,71.64,70.53,70.99,32.6698565539161,426700,0.0,1.0
2010-12-13,71.09,72.93,70.05,70.66,32.5179893520174,474000,0.0,1.0
2010-12-10,70.56,70.99,69.97,70.45,32.4213465871727,482400,0.0,1.0
2010-12-09,70.51,70.95,70.14,70.46,32.4259486235939,290600,0.0,1.0
2010-12-08,70.27,70.7,69.88,70.14,32.2786834581163,319600,0.0,1.0
2010-12-07,70.34,70.49,69.81,70.18,32.297091603801,247200,0.0,1.0
2010-12-06,69.35,70.0,68.97,69.89,32.163632547587,170300,0.0,1.0
2010-12-03,69.51,69.63,68.97,69.5,31.9841531271612,234600,0.0,1.0
2010-12-02,67.13,70.0,67.13,69.66,32.0577857099,300800,0.0,1.0
2010-12-01,68.67,70.0,68.67,69.18,31.8368879616836,336100,0.0,1.0
2010-11-30,68.65,68.7,67.95,68.5,31.5239494850438,274100,0.0,1.0
2010-11-29,68.56,69.25,67.98,68.88,31.6988268690484,181700,0.0,1.0
2010-11-26,68.63,69.24,68.47,69.07,31.7862655610507,116300,0.0,1.0
2010-11-24,68.0,69.21,68.0,69.05,31.7770614882083,165800,0.0,1.0
2010-11-23,67.66,68.03,67.19,67.79,31.1972048991404,226100,0.0,1.0
2010-11-22,68.15,68.72,67.98,68.32,31.4411128294626,344400,0.0,1.0
2010-11-19,68.22,68.56,67.98,68.27,31.4181026473567,111300,0.0,1.0
2010-11-18,67.72,68.83,67.7,68.26,31.4135006109356,230900,0.0,1.0
2010-11-17,67.48,67.65,66.97,67.29,30.9671030780817,178500,0.0,1.0
2010-11-16,68.1,69.14,66.67,67.28,30.9625010416605,698500,0.0,1.0
2010-11-15,65.62,66.41,65.32,65.8,30.2813996513267,239300,0.0,1.0
2010-11-12,65.25,65.65,64.96,65.41,30.1019202309009,366800,0.0,1.0
2010-11-11,65.46,65.62,65.0,65.6,30.1893589229032,207000,0.0,1.0
2010-11-10,66.28,66.28,65.42,66.0,30.3734403797502,232300,0.0,1.0
2010-11-09,66.94,67.1,66.01,66.25,30.4884912902795,199200,0.0,1.0
2010-11-08,67.32,67.41,66.45,66.81,30.7462053298653,211700,0.0,1.0
2010-11-05,67.37,67.64,67.03,67.5,31.0637458429263,128500,0.0,1.0
2010-11-04,67.63,68.03,67.11,67.4,31.0177254787146,261000,0.0,1.0
2010-11-03,67.75,67.89,66.39,67.05,30.8566542039735,227300,0.0,1.0
2010-11-02,67.01,67.76,67.01,67.76,31.1833987898769,220900,0.0,1.0
2010-11-01,66.71,66.78,66.35,66.72,30.7047870020747,267800,0.0,1.0
2010-10-29,65.62,66.39,65.62,66.27,30.4976953631219,148000,0.0,1.0
2010-10-28,65.97,66.18,65.25,65.82,30.290603724169,167900,0.0,1.0
2010-10-27,65.43,65.78,64.76,65.76,30.262991505642,175400,0.0,1.0
2010-10-26,64.93,65.94,64.56,65.67,30.2215731778514,178100,0.0,1.0
2010-10-25,65.37,66.03,65.06,65.44,30.1157263401644,181100,0.0,1.0
2010-10-22,64.95,65.3,64.49,65.3,30.051297830268,230300,0.0,1.0
2010-10-21,63.65,65.45,63.65,64.99,29.9086347012116,447400,0.0,1.0
2010-10-20,62.58,63.83,62.44,63.47,29.2091251651931,220500,0.0,1.0
2010-10-19,62.45,62.8,61.72,62.4,28.7167072681274,273300,0.0,1.0
2010-10-18,63.23,63.23,62.85,63.0,28.9928294533979,240200,0.0,1.0
2010-10-15,63.84,64.2,62.92,63.32,29.1400946188755,173000,0.0,1.0
2010-10-14,63.76,63.83,62.99,63.35,29.153900728139,151400,0.0,1.0
2010-10-13,63.36,64.98,62.52,63.87,29.3932066220401,250000,0.0,1.0
2010-10-12,63.33,63.54,62.33,63.28,29.1216864731908,229700,0.0,1.0
2010-10-11,63.51,63.73,63.18,63.39,29.1723088738237,136300,0.0,1.0
2010-10-08,62.55,63.63,62.33,63.54,29.2413394201413,197100,0.0,1.0
2010-10-07,62.7,62.85,62.06,62.38,28.7075031952851,112200,0.0,1.0
2010-10-06,62.23,62.7,62.23,62.4,28.7167072681274,207200,0.0,1.0
2010-10-05,61.0,62.81,60.97,62.21,28.6292685761251,453500,0.0,1.0
2010-10-04,61.77,62.06,60.89,61.0,28.0724221691631,186100,0.0,1.0
2010-10-01,62.01,62.74,61.59,61.99,28.5280237748593,252700,0.0,1.0
2010-09-30,63.16,63.63,61.89,62.05,28.5556359933863,440200,0.0,1.0
2010-09-29,61.57,63.15,61.57,63.06,29.020441671925,355100,0.0,1.0
2010-09-28,61.45,61.97,60.68,61.81,28.4451871192782,494700,0.0,1.0
2010-09-27,62.52,64.67,61.67,61.68,28.3853606458029,677000,0.0,1.0
2010-09-24,61.7,62.41,61.7,62.24,28.6430746853887,131900,0.0,1.0
2010-09-23,61.65,61.74,61.01,61.11,28.123044569796,204200,0.0,1.0
2010-09-22,62.24,62.84,61.59,61.9,28.4866054470687,167400,0.0,1.0
2010-09-21,63.51,63.62,62.22,62.47,28.7489215230757,362000,0.0,1.0
2010-09-20,63.25,63.9,63.0,63.56,29.2505434929837,278500,0.0,1.0
2010-09-17,62.0,63.39,61.87,63.15,29.0618599997155,454000,0.0,1.0
2010-09-16,61.83,62.33,61.56,62.0,28.5326258112805,301600,0.0,1.0
2010-09-15,61.41,61.94,60.99,61.9,28.4866054470687,255100,0.0,1.0
2010-09-14,61.89,61.9,61.35,61.5,28.3025239902218,174900,0.0,1.0
2010-09-13,61.5,62.13,61.35,62.1,28.5786461754922,285100,0.0,1.0
2010-09-10,61.04,61.61,60.51,60.95,28.0494119870572,269200,0.0,1.0
2010-09-09,61.82,62.06,60.77,60.94,28.044809950636,267400,0.0,1.0
2010-09-08,60.65,61.1,60.55,61.01,28.0770242055842,270300,0.0,1.0
2010-09-07,61.09,61.14,60.33,60.34,27.7686877653656,361000,0.0,1.0
2010-09-03,61.5,61.91,60.98,61.42,28.2657076988524,496600,0.0,1.0
2010-09-02,59.5,61.25,59.41,61.25,28.1874730796924,669300,0.0,1.0
2010-09-01,58.74,59.92,58.3,59.49,27.3775146695657,548600,0.0,1.0
2010-08-31,58.24,58.91,57.68,57.89,26.6411888421779,781000,0.0,1.0
2010-08-30,58.36,58.73,57.97,58.4,26.8758926996577,438100,0.0,1.0
2010-08-27,57.2,58.53,56.82,58.42,26.8850967725001,323000,0.0,1.0
2010-08-26,55.53,57.43,55.53,57.02,26.2408116735357,531200,0.0,1.0
2010-08-25,55.43,55.85,54.9,55.4,25.4952817733055,1011900,0.0,1.0
2010-08-24,55.75,56.3,54.86,55.83,25.693169339416,856100,0.0,1.0
2010-08-23,57.66,57.66,56.17,56.33,25.9232711604747,462700,0.0,1.0
2010-08-20,57.62,57.62,56.47,57.35,26.3926788754344,263600,0.0,1.0
2010-08-19,57.52,58.07,57.39,57.67,26.539944040912,596700,0.0,1.0
2010-08-18,56.78,57.77,56.4,57.71,26.5583521865967,439300,0.0,1.0
2010-08-17,56.55,57.59,56.3,56.84,26.1579750179546,481100,0.0,1.0
2010-08-16,55.76,56.17,55.53,56.0,25.7714039585759,377500,0.0,1.0
2010-08-13,56.13,56.61,55.98,56.03,25.7852100678394,356900,0.0,1.0
2010-08-12,55.74,56.69,55.53,56.3,25.9094650512111,364400,0.0,1.0
2010-08-11,56.12,56.98,55.79,56.25,25.8864548691053,438200,0.0,1.0
2010-08-10,58.03,58.79,56.76,57.05,26.2546177827992,852900,0.0,1.0
2010-08-09,55.63,56.79,55.63,56.65,26.0705363259522,519600,0.0,1.0
2010-08-06,55.13,55.79,54.99,55.64,25.6057306474136,405600,0.0,1.0
2010-08-05,55.9,56.21,55.38,55.46,25.5228939918325,191800,0.0,1.0
2010-08-04,55.47,56.39,55.47,56.2,25.8634446869994,323300,0.0,1.0
2010-08-03,54.55,55.75,54.55,55.26,25.430853263409,330000,0.0,1.0
2010-08-02,55.0,55.64,54.66,54.78,25.2099555151927,647000,0.0,1.0
2010-07-30,53.4,54.23,53.36,54.17,24.929231293501,450900,0.0,1.0
2010-07-29,54.2,54.31,53.07,54.04,24.8694048200258,369700,0.0,1.0
2010-07-28,54.29,54.35,53.6,53.9,24.8049763101293,226400,0.0,1.0
2010-07-27,54.65,54.7,54.12,54.31,24.9936598033975,322000,0.0,1.0
2010-07-26,53.46,54.41,52.91,54.41,25.0396801676092,349700,0.0,1.0
2010-07-23,51.75,53.12,51.65,53.11,24.4414154328566,268300,0.0,1.0
2010-07-22,50.8,52.04,50.65,51.78,23.8293445888404,463800,0.0,1.0
2010-07-21,51.01,51.01,50.03,50.38,23.185059489876,303500,0.0,1.0
2010-07-20,49.55,50.65,49.22,50.59,23.2817022547206,296800,0.0,1.0
2010-07-19,50.32,50.52,49.68,50.07,23.0423963608196,208200,0.0,1.0
2010-07-16,51.83,51.83,50.0,50.11,23.0608045065043,429100,0.0,1.0
2010-07-15,52.22,52.44,51.34,52.2,24.0226301185297,379000,0.0,1.0
2010-07-14,51.56,52.46,51.13,52.15,23.9996199364238,526400,0.0,1.0
2010-07-13,51.4,51.8,51.14,51.64,23.7649160789439,340200,0.0,1.0
2010-07-12,50.96,51.97,50.51,51.05,23.4933959300946,329200,0.0,1.0
2010-07-09,51.95,52.31,51.6,52.25,24.0456403006356,187400,0.0,1.0
2010-07-08,51.84,52.07,51.35,51.87,23.8707629166309,338300,0.0,1.0
2010-07-07,50.47,51.45,49.73,51.25,23.5854366585181,450000,0.0,1.0
2010-07-06,50.68,51.09,49.77,50.26,23.1298350528219,155600,0.0,1.0
2010-07-02,50.7,50.97,49.89,50.25,23.1252330164007,203000,0.0,1.0
2010-07-01,51.03,51.34,49.77,50.52,23.2494879997724,540800,0.0,1.0
2010-06-30,51.62,52.42,50.94,51.03,23.4841918572523,368300,0.0,1.0
2010-06-29,52.95,52.95,51.45,51.87,23.8707629166309,377400,0.0,1.0
2010-06-28,53.54,54.27,53.21,53.6,24.6669152174941,343800,0.0,1.0
2010-06-25,52.85,53.71,52.63,53.28,24.5196500520165,674000,0.0,1.0
2010-06-24,52.77,53.69,52.61,52.8,24.2987523038001,356900,0.0,1.0
2010-06-23,52.17,53.36,52.01,53.07,24.4230072871719,368100,0.0,1.0
2010-06-22,53.27,53.74,52.18,52.2,24.0226301185297,264200,0.0,1.0
2010-06-21,53.9,53.91,53.01,53.24,24.5012419063318,170500,0.0,1.0
2010-06-18,53.23,53.55,52.96,53.37,24.5610683798071,203000,0.0,1.0
2010-06-17,53.46,53.64,52.6,53.15,24.4598235785412,233900,0.0,1.0
2010-06-16,53.1,53.6,52.89,53.54,24.639302998967,441400,0.0,1.0
2010-06-15,52.51,53.35,52.43,53.31,24.53345616128,354100,0.0,1.0
2010-06-14,52.6,53.43,51.84,52.27,24.0548443734779,466500,0.0,1.0
2010-06-11,51.05,51.88,51.0,51.72,23.8017323703133,366300,0.0,1.0
2010-06-10,51.26,51.62,50.64,51.6,23.7465079332592,368700,0.0,1.0
2010-06-09,49.9,51.74,49.9,50.42,23.2034676355607,754500,0.0,1.0
2010-06-08,48.88,49.61,48.68,49.5,22.7800802848126,502200,0.0,1.0
2010-06-07,49.87,49.93,48.72,48.85,22.4809479174363,460000,0.0,1.0
2010-06-04,51.01,51.18,49.79,49.88,22.9549576688173,368200,0.0,1.0
2010-06-03,52.12,52.43,51.32,51.86,23.8661608802098,293200,0.0,1.0
2010-06-02,50.96,51.65,50.16,51.65,23.7695181153651,704300,0.0,1.0
2010-06-01,49.18,52.88,49.18,50.9,23.424365383777,512300,0.0,1.0
2010-05-28,53.12,53.2,52.28,52.76,24.2803441581155,188000,0.0,1.0
2010-05-27,52.29,53.11,52.08,53.11,24.4414154328566,355600,0.0,1.0
2010-05-26,51.91,52.54,51.25,51.35,23.6314570227299,471900,0.0,1.0
2010-05-25,50.55,51.9,49.54,51.73,23.8063344067345,591200,0.0,1.0
2010-05-24,52.54,52.85,51.77,51.87,23.8707629166309,259700,0.0,1.0
2010-05-21,51.3,53.11,51.15,52.87,24.3309665587484,303700,0.0,1.0
2010-05-20,52.25,53.08,51.41,51.82,23.8477527345251,833800,0.0,1.0
2010-05-19,53.96,53.96,52.79,53.55,24.6439050353882,614700,0.0,1.0
2010-05-18,55.51,55.82,54.01,54.02,24.8602007471834,517200,0.0,1.0
2010-05-17,55.94,56.15,54.53,55.25,25.4262512269878,407800,0.0,1.0
2010-05-14,56.41,56.41,54.6,55.51,25.5459041739384,337700,0.0,1.0
2010-05-13,55.87,57.31,55.87,56.54,26.0199139253193,390100,0.0,1.0
2010-05-12,55.14,56.7,54.9,56.08,25.8082202499453,438000,0.0,1.0
2010-05-11,53.96,56.16,53.82,54.81,25.2237616244562,950000,0.0,1.0
2010-05-10,53.54,54.52,52.82,54.1,24.8970170385528,816700,0.0,1.0
2010-05-07,52.54,52.54,50.01,50.85,23.4013552016712,612100,0.0,1.0
2010-05-06,52.87,53.81,48.74,52.54,24.1790993568496,753300,0.0,1.0
2010-05-05,53.77,54.19,52.83,53.24,24.5012419063318,506600,0.0,1.0
2010-05-04,55.85,56.28,54.29,54.55,25.1041086775056,343300,0.0,1.0
2010-05-03,55.39,56.65,55.27,56.59,26.0429241074252,221300,0.0,1.0
2010-04-30,55.76,55.9,55.1,55.27,25.4354552998302,272900,0.0,1.0
2010-04-29,55.24,55.57,54.94,55.57,25.5735163924654,318000,0.0,1.0
2010-04-28,55.42,55.5,54.78,55.16,25.3848328991973,161100,0.0,1.0
2010-04-27,55.97,56.51,54.94,55.05,25.3342104985644,189000,0.0,1.0
2010-04-26,56.78,57.14,56.31,56.37,25.9416793061594,177000,0.0,1.0
2010-04-23,56.74,56.87,55.87,56.71,26.0981485444793,192900,0.0,1.0
2010-04-22,54.38,57.12,54.24,56.86,26.1671790907969,477500,0.0,1.0
2010-04-21,54.29,55.29,54.29,54.84,25.2375677337197,150100,0.0,1.0
2010-04-20,53.59,54.5,53.59,54.48,25.0718944225574,175500,0.0,1.0
2010-04-19,53.54,53.79,53.16,53.56,24.6485070718094,147200,0.0,1.0
2010-04-16,54.25,54.36,52.73,53.92,24.8141803829717,253700,0.0,1.0
2010-04-15,54.59,54.73,54.15,54.47,25.0672923861363,155100,0.0,1.0
2010-04-14,54.61,54.61,53.82,54.59,25.1225168231903,171200,0.0,1.0
2010-04-13,54.77,54.8,53.65,54.2,24.9430374027645,218800,0.0,1.0
2010-04-12,54.84,55.04,54.66,54.75,25.1961494059291,151400,0.0,1.0
2010-04-09,54.97,54.97,54.42,54.7,25.1731392238233,201200,0.0,1.0
2010-04-08,54.17,54.7,54.17,54.6,25.1271188596115,236500,0.0,1.0
2010-04-07,54.45,54.97,53.95,54.41,25.0396801676092,272800,0.0,1.0
2010-04-06,54.71,55.07,54.33,54.85,25.2421697701409,704600,0.0,1.0
2010-04-05,54.57,55.0,54.17,54.6,25.1271188596115,675300,0.0,1.0
2010-04-01,53.25,53.4,52.25,52.78,24.2895482309578,357600,0.0,1.0
2010-03-31,53.75,53.75,52.66,53.04,24.4092011779083,352500,0.0,1.0
2010-03-30,53.61,54.48,53.57,53.77,24.7451498366541,451100,0.0,1.0
2010-03-29,52.57,53.82,52.49,53.45,24.5978846711765,403700,0.0,1.0
2010-03-26,52.2,52.9,52.2,52.56,24.188303429692,303900,0.0,1.0
2010-03-25,52.25,52.64,52.03,52.21,24.0272321549509,259900,0.0,1.0
2010-03-24,52.17,52.25,51.85,52.12,23.9858138271603,187200,0.0,1.0
2010-03-23,52.17,52.5,51.94,52.14,23.9950179000026,181500,0.0,1.0
2010-03-22,52.03,52.4,52.0,52.27,24.0548443734779,77500,0.0,1.0
2010-03-19,52.41,52.54,52.22,52.41,24.1192728833744,191200,0.0,1.0
2010-03-18,52.49,52.49,52.0,52.22,24.031834191372,102400,0.0,1.0
2010-03-17,52.25,52.57,52.16,52.36,24.0962627012685,70800,0.0,1.0
2010-03-16,52.53,52.53,51.95,52.25,24.0456403006356,170500,0.0,1.0
2010-03-15,52.36,52.5,51.66,52.44,24.1330789926379,188800,0.0,1.0
2010-03-12,52.86,52.95,52.17,52.6,24.2067115753767,323200,0.0,1.0
2010-03-11,52.38,53.01,52.3,52.84,24.3171604494848,280200,0.0,1.0
2010-03-10,52.36,52.93,52.36,52.61,24.2113136117978,212200,0.0,1.0
2010-03-09,51.99,52.99,51.92,52.51,24.1652932475861,263200,0.0,1.0
2010-03-08,53.06,53.06,51.83,51.92,23.8937730987368,368700,0.0,1.0
2010-03-05,52.77,53.17,52.68,52.85,24.321762485906,390500,0.0,1.0
2010-03-04,52.77,52.78,52.39,52.66,24.2343237939037,137800,0.0,1.0
2010-03-03,52.8,53.21,52.65,52.71,24.2573339760096,167800,0.0,1.0
2010-03-02,52.98,53.52,52.79,52.87,24.3309665587484,220500,0.0,1.0
2010-03-01,50.81,52.7,50.66,52.6,24.2067115753767,397200,0.0,1.0
2010-02-26,49.7,50.26,49.56,50.22,23.1114269071372,528300,0.0,1.0
2010-02-25,48.81,49.64,48.5,49.59,22.8214986126032,270200,0.0,1.0
2010-02-24,49.02,49.44,48.76,49.4,22.7340599206009,146200,0.0,1.0
2010-02-23,49.43,49.68,48.94,49.0,22.5499784637539,208400,0.0,1.0
2010-02-22,49.28,49.59,48.56,49.4,22.7340599206009,251000,0.0,1.0
2010-02-19,49.19,49.59,49.04,49.3,22.6880395563892,194200,0.0,1.0
2010-02-18,48.1,49.29,48.06,49.19,22.6374171557562,193900,0.0,1.0
2010-02-17,48.57,48.65,48.11,48.36,22.2554481327988,192900,0.0,1.0
2010-02-16,48.26,48.64,47.84,48.57,22.3520908976434,182500,0.0,1.0
2010-02-12,47.29,48.05,47.2,48.03,22.1035809309,317700,0.0,1.0
2010-02-11,48.03,48.08,47.2,47.95,22.0667646395306,419300,0.0,1.0
2010-02-10,47.5,48.26,47.35,47.92,22.0529585302671,333200,0.0,1.0
2010-02-09,47.98,48.63,47.47,48.35,22.2508460963776,297400,0.0,1.0
2010-02-08,47.77,48.06,47.35,47.5,21.8596730005778,201000,0.0,1.0
2010-02-05,47.83,47.95,46.54,47.6,21.9056933647895,209700,0.0,1.0
2010-02-04,49.42,49.55,47.69,47.7,21.9517137290013,177900,0.0,1.0
2010-02-03,49.46,49.79,49.01,49.64,22.8445087947091,253200,0.0,1.0
2010-02-02,48.39,49.54,48.25,49.51,22.7846823212338,285600,0.0,1.0
2010-02-01,48.5,48.54,48.0,48.44,22.2922644241682,230900,0.0,1.0
2010-01-29,49.02,49.17,48.24,48.27,22.2140298050082,317800,0.0,1.0
2010-01-28,48.96,49.17,48.41,48.79,22.4533356989093,244200,0.0,1.0
2010-01-27,48.85,49.01,48.05,48.99,22.5453764273328,338300,0.0,1.0
2010-01-26,48.75,49.08,48.51,48.77,22.4441316260669,233000,0.0,1.0
2010-01-25,49.4,49.72,48.65,48.75,22.4349275532246,345300,0.0,1.0
2010-01-22,49.79,49.94,48.77,49.05,22.5729886458598,446000,0.0,1.0
2010-01-21,50.83,51.13,49.61,50.07,23.0423963608196,355700,0.0,1.0
2010-01-20,50.86,51.09,50.01,50.75,23.3553348374594,455000,0.0,1.0
2010-01-19,50.59,50.7,50.29,50.42,23.2034676355607,325800,0.0,1.0
2010-01-15,50.58,50.7,50.21,50.38,23.185059489876,336000,0.0,1.0
2010-01-14,50.15,50.83,50.0,50.76,23.3599368738806,340500,0.0,1.0
2010-01-13,50.47,50.78,50.08,50.45,23.2172737448242,378500,0.0,1.0
2010-01-12,51.2,51.2,50.11,50.28,23.1390391256642,270900,0.0,1.0
2010-01-11,51.89,51.89,50.85,51.46,23.6820794233628,193400,0.0,1.0
2010-01-08,51.0,51.88,50.82,51.45,23.6774773869416,238600,0.0,1.0
2010-01-07,50.22,51.01,49.92,50.87,23.4105592745135,346100,0.0,1.0
2010-01-06,49.66,50.42,49.66,50.22,23.1114269071372,337100,0.0,1.0
2010-01-05,49.4,50.16,49.27,49.87,22.9503556323961,235700,0.0,1.0
2010-01-04,48.16,49.4,48.0,49.4,22.7340599206009,791400,0.0,1.0
2009-12-31,47.9,47.9,47.48,47.49,21.8550709641566,130400,0.0,1.0
2009-12-30,47.98,48.0,47.62,47.74,21.970121874686,220400,0.0,1.0
2009-12-29,47.3,48.06,46.83,47.9,22.0437544574248,355600,0.0,1.0
2009-12-28,48.3,48.3,47.86,47.99,22.0851727852153,126000,0.0,1.0
2009-12-24,47.82,48.3,47.75,48.3,22.2278359142717,42400,0.0,1.0
2009-12-23,48.17,48.39,47.74,47.89,22.0391524210036,139900,0.0,1.0
2009-12-22,47.28,48.07,47.18,47.97,22.075968712373,193800,0.0,1.0
2009-12-21,46.99,47.5,46.99,47.37,21.7998465271025,111000,0.0,1.0
2009-12-18,47.5,47.5,46.81,46.99,21.6249691430979,191500,0.0,1.0
2009-12-17,45.78,47.25,45.78,47.22,21.7308159807849,212000,0.0,1.0
2009-12-16,47.45,47.76,47.45,47.63,21.9194994740531,321100,0.0,1.0
2009-12-15,47.48,47.93,47.28,47.45,21.8366628184719,348900,0.0,1.0
2009-12-14,47.55,47.55,47.13,47.32,21.7768363449966,255000,0.0,1.0
2009-12-11,47.08,47.69,46.69,47.18,21.7124078351002,262000,0.0,1.0
2009-12-10,46.75,47.0,46.38,46.87,21.5697447060438,689300,0.0,1.0
2009-12-09,45.97,46.08,45.17,45.98,21.1601634645593,297100,0.0,1.0
2009-12-08,46.16,46.26,45.62,45.91,21.1279492096111,353700,0.0,1.0
2009-12-07,46.14,46.57,45.81,46.31,21.312030666458,496300,0.0,1.0
2009-12-04,45.24,46.28,45.08,45.99,21.1647655009805,520700,0.0,1.0
2009-12-03,44.49,45.55,44.49,45.15,20.7781944416018,383900,0.0,1.0
2009-12-02,44.25,45.18,44.11,44.72,20.5803068754913,577400,0.0,1.0
2009-12-01,43.64,44.37,43.58,44.01,20.253562289588,485200,0.0,1.0
2009-11-30,43.3,43.51,42.96,43.35,19.9498278857905,365600,0.0,1.0
2009-11-27,42.39,43.39,42.17,43.06,19.8163688295764,97300,0.0,1.0
2009-11-25,43.37,43.49,43.02,43.35,19.9498278857905,249500,0.0,1.0
2009-11-24,43.45,43.45,42.78,43.36,19.9544299222116,235500,0.0,1.0
2009-11-23,42.87,43.55,42.8,43.25,19.9038075215787,326200,0.0,1.0
2009-11-20,41.78,43.72,41.71,42.65,19.6276853363083,916800,0.0,1.0
2009-11-19,41.97,42.06,40.4,41.78,19.2273081676661,771800,0.0,1.0
2009-11-18,42.11,42.32,41.44,42.01,19.3331550053531,496700,0.0,1.0
2009-11-17,41.94,42.08,41.47,41.9,19.2825326047202,482200,0.0,1.0
2009-11-16,40.84,41.95,40.24,41.79,19.2319102040873,598800,0.0,1.0
2009-11-13,40.14,40.68,39.84,40.68,18.7210841613369,334800,0.0,1.0
2009-11-12,40.26,40.83,40.04,40.14,18.4725741945935,206100,0.0,1.0
2009-11-11,40.65,40.82,39.67,40.13,18.4679721581723,515400,0.0,1.0
2009-11-10,40.5,41.0,40.11,40.58,18.6750637971252,237500,0.0,1.0
2009-11-09,40.43,40.84,40.0,40.81,18.7809106348122,255300,0.0,1.0
2009-11-06,40.7,41.14,40.02,40.48,18.6290434329134,487500,0.0,1.0
2009-11-05,40.24,41.36,40.14,41.29,19.0018083830286,218600,0.0,1.0
2009-11-04,40.0,40.53,39.95,40.12,18.4633701217512,410300,0.0,1.0
2009-11-03,39.55,39.84,39.25,39.71,18.274686628483,289100,0.0,1.0
2009-11-02,39.43,39.89,39.02,39.61,18.2286662642713,376000,0.0,1.0
2009-10-30,39.45,39.86,38.92,39.18,18.0307786981608,325600,0.0,1.0
2009-10-29,39.4,39.94,39.19,39.87,18.3483192112218,310900,0.0,1.0
2009-10-28,39.85,40.03,39.13,39.21,18.0445848074243,541000,0.0,1.0
2009-10-27,40.24,40.43,39.8,40.07,18.4403599396453,451000,0.0,1.0
2009-10-26,40.99,41.4,40.28,40.35,18.5692169594382,462800,0.0,1.0
2009-10-23,42.54,42.67,41.14,41.27,18.9926043101862,401100,0.0,1.0
2009-10-22,41.35,42.45,40.96,42.31,19.4712160979883,640200,0.0,1.0
2009-10-21,41.92,42.64,41.35,41.59,19.1398694756638,735900,0.0,1.0
2009-10-20,43.33,43.48,41.94,42.08,19.3653692603013,436400,0.0,1.0
2009-10-19,43.15,43.56,43.12,43.31,19.9314197401058,355100,0.0,1.0
2009-10-16,43.9,44.05,43.36,43.42,19.9820421407387,293900,0.0,1.0
2009-10-15,44.51,44.51,43.65,44.07,20.281174508115,400400,0.0,1.0
2009-10-14,42.6,44.5,42.05,44.45,20.4560518921196,1210000,7.65,1.0
2009-10-13,50.13,50.2,49.01,49.67,19.5019596445601,1788900,0.0,1.0
2009-10-12,50.61,50.94,49.34,49.9,19.5922646721069,582500,0.0,1.0
2009-10-09,49.85,50.15,49.13,50.07,19.6590118663806,426400,0.0,1.0
2009-10-08,48.44,49.72,47.83,49.55,19.454843978014,844100,0.0,1.0
2009-10-07,49.84,49.84,46.88,48.01,18.8501929240051,889100,0.0,1.0
2009-10-06,48.29,48.39,47.07,47.74,18.7441826742762,1270000,0.0,1.0
2009-10-05,47.4,47.84,47.14,47.59,18.6852880910935,575100,0.0,1.0
2009-10-02,47.39,47.87,46.15,47.63,18.7009933132756,649400,0.0,1.0
2009-10-01,49.93,50.82,48.56,48.63,19.0936238678268,712900,0.0,1.0
2009-09-30,48.45,50.93,48.3,49.81,19.5569279221973,1393000,0.0,1.0
2009-09-29,48.25,48.6,47.73,48.12,18.8933822850057,219100,0.0,1.0
2009-09-28,48.25,48.78,48.09,48.4,19.00331884028,204200,0.0,1.0
2009-09-25,48.54,48.54,47.68,47.92,18.8148561740954,473500,0.0,1.0
2009-09-24,48.56,48.78,48.29,48.4,19.00331884028,549800,0.0,1.0
2009-09-23,48.78,48.98,48.37,48.68,19.1132553955544,254800,0.0,1.0
2009-09-22,48.04,48.64,48.03,48.51,19.0465082012807,314200,0.0,1.0
2009-09-21,47.99,48.43,47.69,48.06,18.8698244517326,254900,0.0,1.0
2009-09-18,47.77,48.34,47.45,48.25,18.9444242570974,626600,0.0,1.0
2009-09-17,47.0,49.36,46.93,48.0,18.8462666184595,1121200,0.0,1.0
2009-09-16,46.07,47.0,45.46,46.98,18.4457834528173,260900,0.0,1.0
2009-09-15,45.84,46.36,45.82,46.22,18.1473842313583,141600,0.0,1.0
2009-09-14,45.42,46.3,45.27,46.07,18.0884896481757,242900,0.0,1.0
2009-09-11,45.46,46.4,45.46,45.79,17.9785530929013,362100,0.0,1.0
2009-09-10,45.0,45.68,44.84,45.66,17.9275111208096,366300,0.0,1.0
2009-09-09,44.87,45.31,44.67,45.25,17.7665325934436,618600,0.0,1.0
2009-09-08,44.42,44.68,43.85,44.59,17.5073964274398,297000,0.0,1.0
2009-09-04,43.0,44.54,42.67,44.25,17.3739020388924,283300,0.0,1.0
2009-09-03,43.25,43.25,41.96,42.82,16.8124403458841,447000,0.0,1.0
2009-09-02,43.86,43.86,42.97,43.0,16.8831138457033,366700,0.0,1.0
2009-09-01,44.46,45.0,43.66,43.7,17.1579552338892,385700,0.0,1.0
2009-08-31,43.82,44.54,43.35,44.52,17.4799122886212,312700,0.0,1.0
2009-08-28,44.95,44.95,43.64,44.27,17.3817546499834,264100,0.0,1.0
2009-08-27,44.24,44.74,43.38,44.2,17.3542705111648,409200,0.0,1.0
2009-08-26,44.33,45.0,44.09,44.26,17.3778283444379,233700,0.0,1.0
2009-08-25,44.35,44.77,44.2,44.63,17.5231016496219,431000,0.0,1.0
2009-08-24,43.2,44.31,43.0,44.29,17.3896072610744,382700,0.0,1.0
2009-08-21,44.6,44.6,43.52,43.76,17.1815130671623,644000,0.0,1.0
2009-08-20,43.77,44.96,43.44,44.35,17.4131650943475,606000,0.0,1.0
2009-08-19,42.7,43.57,42.7,43.54,17.095134345161,206300,0.0,1.0
2009-08-18,42.65,43.41,42.65,43.2,16.9616399566136,250600,0.0,1.0
2009-08-17,42.41,43.0,41.84,42.78,16.7967351237021,347100,0.0,1.0
2009-08-14,43.31,43.34,42.27,43.31,17.0048293176142,329100,0.0,1.0
2009-08-13,42.84,43.15,41.16,43.1,16.9223769011585,700200,0.0,1.0
2009-08-12,42.95,43.6,42.04,43.22,16.9694925677046,624800,0.0,1.0
2009-08-11,43.59,43.93,43.01,43.01,16.8870401512489,308100,0.0,1.0
2009-08-10,43.8,44.43,41.73,43.44,17.0558712897059,448100,0.0,1.0
2009-08-07,44.81,44.95,43.58,43.66,17.1422500117072,804800,0.0,1.0
2009-08-06,44.79,45.06,44.22,44.61,17.5152490385308,488200,0.0,1.0
2009-08-05,44.63,44.9,44.29,44.89,17.6251855938052,439200,0.0,1.0
2009-08-04,41.15,45.64,40.29,44.8,17.5898488438956,2323000,0.0,1.0
2009-08-03,38.35,40.5,38.11,39.99,15.7012958765041,872000,0.0,1.0
2009-07-31,37.79,38.52,37.64,38.29,15.033823933767,487500,0.0,1.0
2009-07-30,38.0,38.15,37.72,37.84,14.8571401842189,242800,0.0,1.0
2009-07-29,37.31,37.86,37.1,37.71,14.8060982121273,175200,0.0,1.0
2009-07-28,37.86,38.27,37.22,37.24,14.6215618514882,339900,0.0,1.0
2009-07-27,37.94,38.03,37.39,37.91,14.8846243230375,156900,0.0,1.0
2009-07-24,38.38,38.55,37.64,38.15,14.9788556561298,283400,0.0,1.0
2009-07-23,38.32,38.68,37.96,38.42,15.0848659058587,345600,0.0,1.0
2009-07-22,37.84,38.3,37.83,38.19,14.9945608783119,313000,0.0,1.0
2009-07-21,37.69,38.49,37.29,38.36,15.0613080725856,494500,0.0,1.0
2009-07-20,37.56,37.72,37.41,37.72,14.8100245176728,246800,0.0,1.0
2009-07-17,37.8,37.87,37.0,37.57,14.7511299344901,377500,0.0,1.0
2009-07-16,37.21,38.23,36.86,38.03,14.9317399895837,288100,0.0,1.0
2009-07-15,37.3,37.56,37.06,37.41,14.6883090457619,346600,0.0,1.0
2009-07-14,37.05,37.18,36.74,37.1,14.566593573851,214500,0.0,1.0
2009-07-13,36.62,37.31,36.19,37.2,14.6058566293061,346000,0.0,1.0
2009-07-10,36.6,37.11,36.33,36.81,14.4527307130312,234100,0.0,1.0
2009-07-09,36.86,37.25,36.59,36.82,14.4566570185767,288000,0.0,1.0
2009-07-08,36.61,37.3,36.24,36.82,14.4566570185767,681900,0.0,1.0
2009-07-07,36.74,36.93,36.02,36.2,14.2132260747549,456700,0.0,1.0
2009-07-06,37.11,37.28,36.61,36.97,14.5155516017594,511700,0.0,1.0
2009-07-02,37.02,37.58,36.88,37.45,14.704014267944,625700,0.0,1.0
2009-07-01,36.4,37.62,36.35,37.5,14.7236457956715,731300,0.0,1.0
2009-06-30,36.0,36.38,35.67,36.2,14.2132260747549,406000,0.0,1.0
2009-06-29,35.53,36.66,35.53,36.25,14.2328576024825,485400,0.0,1.0
2009-06-26,36.94,36.94,35.39,35.39,13.8951953255684,3061900,0.0,1.0
2009-06-25,36.82,37.28,36.54,37.09,14.5626672683055,515700,0.0,1.0
2009-06-24,36.48,37.36,36.4,36.99,14.5234042128504,639700,0.0,1.0
2009-06-23,36.21,36.62,35.75,36.38,14.2838995745741,529100,0.0,1.0
2009-06-22,36.58,36.7,35.99,36.39,14.2878258801196,378800,0.0,1.0
2009-06-19,36.3,37.0,36.19,36.95,14.5076989906683,579600,0.0,1.0
2009-06-18,35.97,36.25,33.67,36.02,14.1425525749357,849200,0.0,1.0
2009-06-17,35.01,35.81,34.03,35.65,13.9972792697517,829700,0.0,1.0
2009-06-16,36.3,36.46,35.0,35.32,13.8677111867498,598800,0.0,1.0
2009-06-15,37.43,37.62,36.11,36.2,14.2132260747549,674800,0.0,1.0
2009-06-12,37.66,37.83,37.2,37.75,14.8218034343093,472800,0.0,1.0
2009-06-11,39.51,39.51,37.99,38.04,14.9356662951292,452800,0.0,1.0
2009-06-10,39.3,39.67,38.98,39.58,15.5403173491381,354300,0.0,1.0
2009-06-09,39.73,39.73,38.49,39.03,15.3243705441349,436600,0.0,1.0
2009-06-08,39.56,40.0,39.01,39.73,15.5992119323208,425000,0.0,1.0
2009-06-05,39.69,40.42,39.36,40.12,15.7523378485958,429000,0.0,1.0
2009-06-04,38.57,39.89,38.57,39.46,15.493201682592,418100,0.0,1.0
2009-06-03,39.85,39.85,38.38,38.99,15.3086653219529,456700,0.0,1.0
2009-06-02,39.6,40.63,39.34,40.49,15.8976111537797,559200,0.0,1.0
2009-06-01,39.51,40.34,39.21,39.91,15.66988543214,739000,0.0,1.0
2009-05-29,38.69,39.22,38.31,39.22,15.3989703494997,709600,0.0,1.0
2009-05-28,37.8,38.79,37.29,38.47,15.1044974335862,529500,0.0,1.0
2009-05-27,36.47,38.33,36.38,37.4,14.6843827402164,520400,0.0,1.0
2009-05-26,35.57,37.06,35.54,36.6,14.3702782965754,330200,0.0,1.0
2009-05-22,36.3,36.53,35.7,35.73,14.0286897141158,236800,0.0,1.0
2009-05-21,35.71,36.11,35.26,36.07,14.1621841026632,413500,0.0,1.0
2009-05-20,36.5,36.94,35.91,36.05,14.1543314915722,269300,0.0,1.0
2009-05-19,36.3,36.55,35.6,36.12,14.1818156303908,466900,0.0,1.0
2009-05-18,35.99,36.69,35.77,36.55,14.3506467688478,397700,0.0,1.0
2009-05-15,36.21,36.55,35.46,35.66,14.0012055752972,441600,0.0,1.0
2009-05-14,36.1,36.56,35.9,36.26,14.236783908028,382400,0.0,1.0
2009-05-13,35.73,36.19,35.18,36.04,14.1504051860267,575500,0.0,1.0
2009-05-12,36.77,36.82,35.46,36.47,14.3192363244837,492200,0.0,1.0
2009-05-11,37.25,37.53,36.66,36.95,14.5076989906683,349300,0.0,1.0
2009-05-08,36.65,37.96,36.43,37.86,14.86499279531,328600,0.0,1.0
2009-05-07,38.08,38.08,35.55,36.65,14.389909824303,782600,0.0,1.0
2009-05-06,38.69,39.14,37.0,38.18,14.9906345727664,446800,0.0,1.0
2009-05-05,37.91,39.46,37.91,38.15,14.9788556561298,1063900,0.0,1.0
2009-05-04,35.95,36.83,35.65,36.83,14.4605833241222,726800,0.0,1.0
2009-05-01,35.22,36.2,34.98,35.94,14.1111421305716,599000,0.0,1.0
2009-04-30,36.81,37.04,34.53,35.14,13.7970376869306,645000,0.0,1.0
2009-04-29,35.1,37.0,34.63,36.64,14.3859835187575,619200,0.0,1.0
2009-04-28,35.57,35.57,34.52,35.0,13.7420694092934,524000,0.0,1.0
2009-04-27,35.99,36.12,35.38,35.82,14.0640264640254,711500,0.0,1.0
2009-04-24,35.84,36.12,35.34,36.06,14.1582577971177,571000,0.0,1.0
2009-04-23,34.75,35.6,33.96,35.46,13.922679464387,1030700,0.0,1.0
2009-04-22,32.45,35.0,32.45,34.62,13.5928697985639,1275100,0.0,1.0
2009-04-21,32.45,32.93,32.23,32.66,12.8233139116435,726300,0.0,1.0
2009-04-20,33.01,33.14,32.35,32.68,12.8311665227345,402500,0.0,1.0
2009-04-17,34.11,34.25,33.43,33.59,13.1884603273762,328600,0.0,1.0
2009-04-16,32.5,34.28,32.08,34.0,13.3494388547422,637400,0.0,1.0
2009-04-15,32.22,32.69,31.97,32.37,12.7094510508237,644200,0.0,1.0
2009-04-14,31.82,32.64,31.71,32.5,12.7604930229153,490100,0.0,1.0
2009-04-13,32.97,33.02,31.49,32.24,12.658409078732,431700,0.0,1.0
2009-04-09,32.65,33.75,32.34,33.55,13.1727551051941,642400,0.0,1.0
2009-04-08,32.56,32.56,31.68,32.02,12.5720303567307,583300,0.0,1.0
2009-04-07,33.41,33.57,32.01,32.22,12.650556467641,577100,0.0,1.0
2009-04-06,33.25,34.06,32.93,33.8,13.2709127438319,767100,0.0,1.0
2009-04-03,33.08,33.64,32.71,33.64,13.2080918551037,479200,0.0,1.0
2009-04-02,33.94,34.65,33.0,33.2,13.0353344111012,1050900,0.0,1.0
2009-04-01,32.37,33.49,31.82,33.33,13.0863763831928,624800,0.0,1.0
2009-03-31,32.64,33.52,32.15,32.84,12.8939874114627,463700,0.0,1.0
2009-03-30,32.19,32.68,31.87,32.39,12.7173036619147,447800,0.0,1.0
2009-03-27,33.68,33.92,32.87,32.99,12.9528819946454,345100,0.0,1.0
2009-03-26,33.1,34.34,33.1,34.23,13.439743882289,850400,0.0,1.0
2009-03-25,33.4,33.66,32.3,33.0,12.9568083001909,616900,0.0,1.0
2009-03-24,33.23,33.85,33.03,33.06,12.980366133464,563700,0.0,1.0
2009-03-23,34.05,34.79,33.72,33.8,13.2709127438319,630700,0.0,1.0
2009-03-20,34.99,34.99,33.12,33.42,13.1217131331025,602000,0.0,1.0
2009-03-19,34.32,35.14,34.09,34.7,13.624280242928,596700,0.0,1.0
2009-03-18,33.3,34.31,33.09,33.85,13.2905442715595,853000,0.0,1.0
2009-03-17,32.59,33.37,32.11,33.3,13.0745974665563,250700,0.0,1.0
2009-03-16,32.47,33.58,32.27,32.51,12.7644193284608,321500,0.0,1.0
2009-03-13,31.35,32.74,31.22,32.12,12.6112934121858,459000,0.0,1.0
2009-03-12,30.95,31.43,30.6,31.08,12.2029576354526,696200,0.0,1.0
2009-03-11,30.87,31.78,30.87,31.31,12.2932626629993,468900,0.0,1.0
2009-03-10,31.3,31.3,29.7,30.76,12.0773158579962,1233300,0.0,1.0
2009-03-09,30.52,31.82,30.39,30.63,12.0262738859045,620100,0.0,1.0
2009-03-06,32.59,32.76,30.51,30.94,12.1479893578154,1163500,0.0,1.0
2009-03-05,33.86,33.86,32.27,32.47,12.7487141062788,696800,0.0,1.0
2009-03-04,33.16,34.99,33.16,34.59,13.5810908819274,499500,0.0,1.0
2009-03-03,34.0,34.16,32.94,32.95,12.9371767724634,419600,0.0,1.0
2009-03-02,34.86,35.57,33.42,33.51,13.1570498830121,667000,0.0,1.0
2009-02-27,34.66,36.11,34.06,35.34,13.8755637978408,854900,0.0,1.0
2009-02-26,35.85,36.14,34.7,34.86,13.6871011316562,423000,0.0,1.0
2009-02-25,36.24,36.24,34.92,35.43,13.9109005477505,481100,0.0,1.0
2009-02-24,35.9,36.73,35.22,36.42,14.2996047967562,652000,0.0,1.0
2009-02-23,36.72,36.72,35.33,35.4,13.8991216311139,584300,0.0,1.0
2009-02-20,35.31,37.07,35.2,36.18,14.2053734636639,1738900,0.0,1.0
2009-02-19,38.53,38.96,37.76,37.96,14.9042558507651,369800,0.0,1.0
2009-02-18,38.42,38.61,37.35,38.0,14.9199610729471,509800,0.0,1.0
2009-02-17,38.59,39.08,37.87,38.13,14.9710030450388,671300,0.0,1.0
2009-02-13,39.35,40.56,39.03,39.75,15.6070645434118,664900,0.0,1.0
2009-02-12,37.79,39.2,37.5,39.19,15.3871914328631,413100,0.0,1.0
2009-02-11,38.54,38.9,37.77,38.41,15.0809396003131,342400,0.0,1.0
2009-02-10,39.65,40.01,37.85,38.22,15.0063397949484,486100,0.0,1.0
2009-02-09,39.5,40.0,39.24,39.37,15.4578649326823,644100,0.0,1.0
2009-02-06,38.27,40.0,38.27,39.54,15.5246121269561,687000,0.0,1.0
2009-02-05,37.5,38.53,37.19,38.28,15.0298976282215,687300,0.0,1.0
2009-02-04,36.89,38.34,36.89,38.0,14.9199610729471,972000,0.0,1.0
2009-02-03,36.33,40.0,36.25,36.78,14.4409517963946,2064000,0.0,1.0
2009-02-02,33.9,34.87,33.75,34.52,13.5536067431088,557000,0.0,1.0
2009-01-30,34.69,34.75,34.02,34.08,13.3808492991063,295100,0.0,1.0
2009-01-29,34.93,35.13,34.11,34.26,13.4515227989255,168700,0.0,1.0
2009-01-28,35.5,35.5,34.6,35.08,13.7734798536575,420900,0.0,1.0
2009-01-27,33.9,34.77,33.64,34.5,13.5457541320178,330300,0.0,1.0
2009-01-26,32.95,34.37,32.76,33.68,13.2237970772858,559200,0.0,1.0
2009-01-23,31.75,33.43,31.22,32.95,12.9371767724634,332900,0.0,1.0
2009-01-22,31.35,32.84,31.0,32.28,12.674114300914,404200,0.0,1.0
2009-01-21,31.13,32.35,30.86,32.05,12.5838092733673,404800,0.0,1.0
2009-01-20,32.61,32.76,30.76,30.78,12.0851684690872,385800,0.0,1.0
2009-01-16,32.68,33.44,32.0,32.97,12.9450293835544,217800,0.0,1.0
2009-01-15,32.45,32.99,30.95,32.42,12.7290825785512,336600,0.0,1.0
2009-01-14,33.01,33.01,31.59,32.54,12.7761982450974,455100,0.0,1.0
2009-01-13,32.21,33.84,31.89,33.52,13.1609761885576,420800,0.0,1.0
2009-01-12,32.89,33.04,32.23,32.45,12.7408614951878,296100,0.0,1.0
2009-01-09,34.57,34.57,32.89,33.04,12.972513522373,279700,0.0,1.0
2009-01-08,34.1,34.69,33.85,34.67,13.6125013262915,222700,0.0,1.0
2009-01-07,34.62,35.0,33.75,34.14,13.4044071323794,320200,0.0,1.0
2009-01-06,35.23,35.5,34.5,35.25,13.8402270479312,662300,0.0,1.0
2009-01-05,33.59,35.07,33.39,35.0,13.7420694092934,534400,0.0,1.0
2009-01-02,33.62,33.97,32.44,33.45,13.133492049739,370400,0.0,1.0
2008-12-31,31.42,33.84,31.22,33.57,13.1806077162851,406300,0.0,1.0
2008-12-30,30.15,31.22,29.94,31.09,12.2068839409981,280100,0.0,1.0
2008-12-29,30.52,30.73,29.51,29.83,11.7121694422635,324800,0.0,1.0
2008-12-26,30.57,31.14,30.09,30.51,11.9791582193584,187800,0.0,1.0
2008-12-24,29.8,30.6,29.63,30.38,11.9281162472667,100200,0.0,1.0
2008-12-23,31.52,31.59,29.54,29.84,11.716095747809,497900,0.0,1.0
2008-12-22,32.02,32.16,30.63,31.34,12.3050415796359,377400,0.0,1.0
2008-12-19,33.2,33.93,31.72,31.88,12.5170620790935,477000,0.0,1.0
2008-12-18,32.82,34.0,32.18,32.71,12.8429454393711,424600,0.0,1.0
2008-12-17,32.44,33.11,31.97,32.94,12.9332504669179,488100,0.0,1.0
2008-12-16,30.94,33.01,30.73,32.8,12.8782821892807,408000,0.0,1.0
2008-12-15,32.26,32.55,29.94,30.49,11.9713056082673,342100,0.0,1.0
2008-12-12,31.01,32.18,30.17,31.92,12.5327673012756,749600,0.0,1.0
2008-12-11,33.34,33.6,31.49,31.7,12.4463885792743,431200,0.0,1.0
2008-12-10,33.52,34.19,32.74,33.58,13.1845340218307,347400,0.0,1.0
2008-12-09,33.5,34.99,32.77,33.32,13.0824500776473,340800,0.0,1.0
2008-12-08,32.57,34.53,32.46,33.88,13.302323188196,690900,0.0,1.0
2008-12-05,30.55,32.25,28.99,32.06,12.5877355789128,451700,0.0,1.0
2008-12-04,31.98,32.45,30.31,30.99,12.1676208855429,499000,0.0,1.0
2008-12-03,32.79,32.96,31.13,32.15,12.6230723288224,619400,0.0,1.0
2008-12-02,32.0,33.38,31.64,33.25,13.0549659388287,697800,0.0,1.0
2008-12-01,34.58,35.15,31.46,31.54,12.3835676905461,733700,0.0,1.0
2008-11-28,33.86,35.6,33.61,35.5,13.938384686569,251400,0.0,1.0
2008-11-26,30.07,34.29,29.8,34.14,13.4044071323794,469000,0.0,1.0
2008-11-25,30.55,31.46,29.81,30.59,12.0105686637224,577500,0.0,1.0
2008-11-24,28.05,30.64,27.68,30.32,11.9045584139936,691200,0.0,1.0
2008-11-21,23.88,27.86,23.0,27.69,10.8719400555239,781400,0.0,1.0
2008-11-20,25.4,27.49,23.93,24.24,9.51736464232207,641800,0.0,1.0
2008-11-19,26.89,27.49,24.82,24.87,9.76472189168935,344900,0.0,1.0
2008-11-18,27.13,27.7,25.77,26.9,10.5617619174284,397400,0.0,1.0
2008-11-17,27.09,28.16,26.64,27.08,10.6324354172476,436600,0.0,1.0
2008-11-14,28.74,29.34,27.21,27.23,10.6913300004303,198500,0.0,1.0
2008-11-13,27.3,29.2,25.93,29.1,11.4255491374411,462400,0.0,1.0
2008-11-12,27.5,27.96,26.86,27.17,10.6677721671572,340400,0.0,1.0
2008-11-11,27.59,29.09,27.25,27.87,10.9426135553431,384800,0.0,1.0
2008-11-10,29.51,29.58,27.77,27.95,10.9740239997072,380300,0.0,1.0
2008-11-07,29.63,29.94,28.32,29.0,11.386286081986,333700,0.0,1.0
2008-11-06,31.67,32.37,29.2,29.41,11.547264609352,662700,0.0,1.0
2008-11-05,33.0,33.86,31.68,31.82,12.4935042458205,696100,0.0,1.0
2008-11-04,30.39,32.31,29.8,32.25,12.6623353842775,487600,0.0,1.0
2008-11-03,30.05,30.82,29.68,29.84,11.716095747809,948200,0.0,1.0
2008-10-31,29.61,30.25,28.77,30.14,11.8338849141744,654200,0.0,1.0
2008-10-30,29.82,30.17,29.33,29.61,11.6257907202622,441400,0.0,1.0
2008-10-29,28.22,30.37,27.84,29.11,11.4294754429866,348300,0.0,1.0
2008-10-28,26.31,28.09,25.79,28.05,11.0132870551623,583300,0.0,1.0
2008-10-27,27.13,27.78,25.59,25.62,10.0591948076028,552900,0.0,1.0
2008-10-24,26.96,28.8,26.92,27.59,10.8326770000687,424200,0.0,1.0
2008-10-23,29.11,29.88,27.51,28.31,11.1153709993456,700100,0.0,1.0
2008-10-22,29.99,30.33,28.25,28.96,11.3705808598039,453100,0.0,1.0
2008-10-21,30.02,31.22,29.41,30.53,11.9870108304494,320900,0.0,1.0
2008-10-20,29.32,30.6,29.1,30.5,11.9752319138128,214100,0.0,1.0
2008-10-17,29.01,30.9,28.12,29.17,11.4530332762597,496500,0.0,1.0
2008-10-16,28.17,30.02,27.21,29.97,11.7671377199007,720000,0.0,1.0
2008-10-15,29.74,29.88,27.88,27.94,10.9700976941617,649700,0.0,1.0
2008-10-14,31.75,32.0,29.55,30.11,11.8221059975379,531200,0.0,1.0
2008-10-13,30.62,31.23,29.51,31.15,12.2304417742711,187800,0.0,1.0
2008-10-10,27.01,29.69,26.5,29.58,11.6140118036257,1139700,0.0,1.0
2008-10-09,29.27,30.49,27.97,27.99,10.9897292218892,661600,0.0,1.0
2008-10-08,27.9,29.82,27.55,28.72,11.2763495267116,620600,0.0,1.0
2008-10-07,29.54,30.21,28.55,28.66,11.2527916934386,423000,0.0,1.0
2008-10-06,30.12,30.12,28.2,29.01,11.3902123875315,581200,0.0,1.0
2008-10-03,32.1,32.75,29.36,30.18,11.8495901363564,595600,0.0,1.0
2008-10-02,33.09,33.54,31.63,31.92,12.5327673012756,593100,0.0,1.0
2008-10-01,33.98,34.41,33.03,33.42,13.1217131331025,268300,0.0,1.0
2008-09-30,33.28,34.38,32.79,34.23,13.439743882289,384000,0.0,1.0
2008-09-29,34.56,34.65,32.26,32.79,12.8743558837352,907000,0.0,1.0
2008-09-26,34.75,35.3,34.22,34.86,13.6871011316562,290400,0.0,1.0
2008-09-25,34.08,35.3,33.88,35.01,13.7459957148389,472800,0.0,1.0
2008-09-24,35.33,35.46,34.03,34.17,13.4161860490159,432900,0.0,1.0
2008-09-23,36.62,37.08,35.25,35.37,13.8873427144774,259700,0.0,1.0
2008-09-22,38.42,39.0,36.42,36.62,14.3781309076664,279800,0.0,1.0
2008-09-19,42.01,42.01,36.17,38.5,15.1162763502228,1179300,0.0,1.0
2008-09-18,35.76,38.07,35.41,37.98,14.9121084618561,1052100,0.0,1.0
2008-09-17,35.36,35.61,34.8,35.23,13.8323744368402,627400,0.0,1.0
2008-09-16,33.85,35.86,32.46,35.79,14.0522475473889,662200,0.0,1.0
2008-09-15,33.72,34.65,33.72,34.0,13.3494388547422,250500,0.0,1.0
2008-09-12,33.72,34.6,33.6,34.6,13.5850171874729,502300,0.0,1.0
2008-09-11,34.16,35.11,33.71,34.0,13.3494388547422,1301500,0.0,1.0
2008-09-10,34.94,35.37,34.25,34.45,13.5261226042902,549000,0.0,1.0
2008-09-09,35.29,36.67,34.99,34.99,13.7381431037479,407800,0.0,1.0
2008-09-08,35.57,35.57,34.28,35.21,13.8245218257492,453900,0.0,1.0
2008-09-05,35.35,35.44,34.55,34.75,13.6439117706556,365800,0.0,1.0
2008-09-04,36.75,36.8,35.49,35.5,13.938384686569,338200,0.0,1.0
2008-09-03,37.21,38.05,37.01,37.1,14.566593573851,223700,0.0,1.0
2008-09-02,37.72,38.66,36.83,37.2,14.6058566293061,270100,0.0,1.0
2008-08-29,37.79,37.9,37.05,37.56,14.7472036289446,216800,0.0,1.0
2008-08-28,36.37,38.02,36.37,37.87,14.8689191008555,241800,0.0,1.0
2008-08-27,35.73,36.66,35.63,36.28,14.244636519119,221200,0.0,1.0
2008-08-26,35.03,36.0,35.0,35.77,14.0443949362979,317100,0.0,1.0
2008-08-25,35.09,35.29,34.8,35.03,13.75384832593,172800,0.0,1.0
2008-08-22,35.05,35.93,34.85,35.28,13.8520059645678,166200,0.0,1.0
2008-08-21,34.98,35.65,34.8,34.97,13.7302904926569,268300,0.0,1.0
2008-08-20,35.5,35.76,34.93,35.29,13.8559322701133,778700,0.0,1.0
2008-08-19,35.78,36.12,35.12,35.44,13.914826853296,382900,0.0,1.0
2008-08-18,36.63,37.08,35.88,36.21,14.2171523803004,217400,0.0,1.0
2008-08-15,36.99,37.19,35.81,36.66,14.3938361298485,406000,0.0,1.0
2008-08-14,36.01,36.99,35.85,36.57,14.3584993799389,260000,0.0,1.0
2008-08-13,36.33,36.69,35.66,36.25,14.2328576024825,483200,0.0,1.0
2008-08-12,36.14,36.72,35.53,36.66,14.3938361298485,288600,0.0,1.0
2008-08-11,37.06,37.14,36.19,36.38,14.2838995745741,394400,0.0,1.0
2008-08-08,35.44,37.1,35.1,37.06,14.550888351669,396600,0.0,1.0
2008-08-07,35.88,35.88,35.0,35.25,13.8402270479312,435200,0.0,1.0
2008-08-06,38.17,38.17,35.94,35.99,14.1307736582991,653400,0.0,1.0
2008-08-05,39.92,40.0,37.36,38.57,15.1437604890413,934900,0.0,1.0
2008-08-04,37.45,38.19,36.96,37.88,14.872845406401,929000,0.0,1.0
2008-08-01,36.85,37.74,35.48,37.52,14.7314984067625,615600,0.0,1.0
2008-07-31,36.7,37.13,35.25,36.81,14.4527307130312,668900,0.0,1.0
2008-07-30,36.68,36.82,35.78,36.55,14.3506467688478,218100,0.0,1.0
2008-07-29,34.87,36.32,34.66,36.32,14.2603417413011,745600,0.0,1.0
2008-07-28,35.38,35.43,34.5,34.65,13.6046487152005,468100,0.0,1.0
2008-07-25,34.6,35.53,34.6,35.38,13.8912690200229,680800,0.0,1.0
2008-07-24,35.98,35.98,34.17,34.28,13.4593754100165,723500,0.0,1.0
2008-07-23,34.12,35.99,34.12,35.56,13.9619425198421,898300,0.0,1.0
2008-07-22,33.35,34.1,32.9,34.1,13.3887019101973,374200,0.0,1.0
2008-07-21,33.53,33.53,32.99,33.45,13.133492049739,363500,0.0,1.0
2008-07-18,34.1,34.14,33.38,33.46,13.1374183552845,423800,0.0,1.0
2008-07-17,33.86,34.29,33.07,34.04,13.3651440769242,533400,0.0,1.0
2008-07-16,32.16,33.51,31.38,33.44,13.1295657441935,486100,0.0,1.0
2008-07-15,31.44,32.47,31.15,31.98,12.5563251345487,565600,0.0,1.0
2008-07-14,32.47,32.47,31.61,31.81,12.489577940275,840200,0.0,1.0
2008-07-11,33.23,33.83,31.76,32.15,12.6230723288224,808700,0.0,1.0
2008-07-10,34.18,34.18,32.97,33.59,13.1884603273762,430500,0.0,1.0
2008-07-09,35.0,35.09,33.9,34.16,13.4122597434704,550400,0.0,1.0
2008-07-08,32.25,35.2,32.25,35.03,13.75384832593,1041000,0.0,1.0
2008-07-07,33.61,33.68,32.23,32.25,12.6623353842775,965500,0.0,1.0
2008-07-03,33.4,33.47,32.89,33.06,12.980366133464,383300,0.0,1.0
2008-07-02,34.23,34.25,32.7,33.2,13.0353344111012,1194200,0.0,1.0
2008-07-01,33.39,38.0,33.27,34.2,13.4279649656524,1134500,0.0,1.0
2008-06-30,35.19,35.19,33.56,33.59,13.1884603273762,947400,0.0,1.0
2008-06-27,35.06,35.06,34.56,34.85,13.6831748261107,1929600,0.0,1.0
2008-06-26,35.51,35.51,34.67,34.74,13.6399854651101,579600,0.0,1.0
2008-06-25,35.8,36.31,35.21,35.5,13.938384686569,543900,0.0,1.0
2008-06-24,36.33,36.49,35.74,35.98,14.1268473527536,878800,0.0,1.0
2008-06-23,36.44,37.0,36.22,36.78,14.4409517963946,988600,0.0,1.0
2008-06-20,36.2,36.27,35.61,36.04,14.1504051860267,478600,0.0,1.0
2008-06-19,36.21,36.41,36.0,36.3,14.25248913021,447800,0.0,1.0
2008-06-18,36.13,36.47,35.94,36.17,14.2014471581184,604800,0.0,1.0
2008-06-17,36.5,36.8,35.89,36.23,14.2250049913914,1283300,0.0,1.0
2008-06-16,36.8,36.8,35.99,36.1,14.1739630192998,705600,0.0,1.0
2008-06-13,36.45,37.09,36.2,36.73,14.4213202686671,791300,0.0,1.0
2008-06-12,37.19,37.83,36.47,36.56,14.3545730743934,1199900,0.0,1.0
2008-06-11,38.58,39.0,36.94,36.97,14.5155516017594,686900,0.0,1.0
2008-06-10,38.49,39.19,38.31,38.65,15.1751709334054,506600,0.0,1.0
2008-06-09,37.88,39.19,37.29,38.95,15.2929600997708,1564900,0.0,1.0
2008-06-06,42.75,42.79,36.37,37.23,14.6176355459427,2957200,0.0,1.0
2008-06-05,43.35,43.43,42.52,42.85,16.8242192625207,597100,0.0,1.0
2008-06-04,43.45,43.62,42.78,43.04,16.8988190678854,771700,0.0,1.0
2008-06-03,43.62,44.4,43.0,43.5,17.079429122979,678000,0.0,1.0
2008-06-02,43.0,44.54,42.76,43.72,17.1658078449802,656200,0.0,1.0
2008-05-30,42.6,43.62,42.6,43.6,17.1186921784341,411800,0.0,1.0
2008-05-29,42.38,42.77,42.22,42.49,16.6828722628822,390400,0.0,1.0
2008-05-28,42.22,42.7,42.13,42.46,16.6710933462457,507300,0.0,1.0
2008-05-27,41.19,42.33,41.19,41.7,16.3726941247867,438000,0.0,1.0
2008-05-23,41.51,42.24,40.95,41.52,16.3020206249675,471200,0.0,1.0
2008-05-22,41.87,42.64,41.61,42.04,16.5061885133342,446100,0.0,1.0
2008-05-21,42.82,43.83,41.79,42.06,16.5140411244252,725200,0.0,1.0
2008-05-20,41.16,42.7,41.16,42.61,16.7299879294284,407500,0.0,1.0
2008-05-19,41.93,42.16,40.82,41.79,16.4080308746963,629500,0.0,1.0
2008-05-16,43.09,43.09,41.95,42.4,16.6475355129726,440200,0.0,1.0
2008-05-15,41.97,43.16,41.68,43.05,16.9027453734309,356300,0.0,1.0
2008-05-14,43.05,43.05,41.51,41.83,16.4237360968784,555700,0.0,1.0
2008-05-13,43.72,43.72,42.0,43.06,16.9066716789764,623800,0.0,1.0
2008-05-12,42.52,43.74,41.62,43.74,17.1736604560713,329900,0.0,1.0
2008-05-09,42.79,43.02,42.2,42.55,16.7064300961553,248300,0.0,1.0
2008-05-08,43.11,43.58,42.67,43.03,16.8948927623399,558400,0.0,1.0
2008-05-07,42.18,43.78,42.18,42.77,16.7928088181566,450200,0.0,1.0
2008-05-06,42.86,43.87,41.43,42.39,16.6436092074271,1269700,0.0,1.0
2008-05-05,38.76,39.49,38.51,39.36,15.4539386271368,349300,0.0,1.0
2008-05-02,38.0,39.07,38.0,38.76,15.2183602944061,504100,0.0,1.0
2008-05-01,37.97,38.06,37.17,37.82,14.8492875731279,528500,0.0,1.0
2008-04-30,38.73,39.0,37.85,37.97,14.9081821563106,208200,0.0,1.0
2008-04-29,38.15,38.82,38.07,38.76,15.2183602944061,145100,0.0,1.0
2008-04-28,37.86,38.34,37.53,38.05,14.9395926006747,146000,0.0,1.0
2008-04-25,37.62,38.24,37.21,37.97,14.9081821563106,112700,0.0,1.0
2008-04-24,36.89,37.79,36.55,37.55,14.7432773233991,218000,0.0,1.0
2008-04-23,36.42,37.31,36.42,36.72,14.4173939631216,220500,0.0,1.0
2008-04-22,36.74,36.76,35.38,36.37,14.2799732690286,351000,0.0,1.0
2008-04-21,36.07,36.93,35.87,36.85,14.4684359352132,353600,0.0,1.0
2008-04-18,36.34,36.34,35.7,36.0,14.1346999638447,372400,0.0,1.0
2008-04-17,35.08,35.93,35.08,35.83,14.0679527695709,225100,0.0,1.0
2008-04-16,34.77,35.33,34.77,35.0,13.7420694092934,465000,0.0,1.0
2008-04-15,35.91,36.14,33.74,34.66,13.608575020746,718400,0.0,1.0
2008-04-14,36.85,36.88,35.11,35.76,14.0404686307524,574900,0.0,1.0
2008-04-11,37.95,37.96,36.75,36.85,14.4684359352132,230900,0.0,1.0
2008-04-10,38.01,38.36,37.83,38.27,15.025971322676,173300,0.0,1.0
2008-04-09,39.2,39.4,37.86,38.19,14.9945608783119,185000,0.0,1.0
2008-04-08,38.97,39.49,38.73,39.4,15.4696438493189,105400,0.0,1.0
2008-04-07,39.66,39.88,39.15,39.2,15.3911177384086,108700,0.0,1.0
2008-04-04,38.75,39.97,38.75,39.63,15.5599488768657,158400,0.0,1.0
2008-04-03,38.32,39.0,38.3,38.77,15.2222865999516,138900,0.0,1.0
2008-04-02,38.29,38.65,38.07,38.5,15.1162763502228,156200,0.0,1.0
2008-04-01,37.2,38.45,36.65,38.3,15.0377502393125,252200,0.0,1.0
2008-03-31,37.12,37.22,36.05,37.05,14.5469620461235,137500,0.0,1.0
2008-03-28,37.68,37.92,37.23,37.32,14.6529722958523,96800,0.0,1.0
2008-03-27,37.6,37.93,37.39,37.58,14.7550562400356,124600,0.0,1.0
2008-03-26,37.67,37.74,36.74,37.4,14.6843827402164,311800,0.0,1.0
2008-03-25,36.2,37.91,36.06,37.78,14.8335823509459,324000,0.0,1.0
2008-03-24,35.9,36.97,35.7,36.68,14.4016887409395,367700,0.0,1.0
2008-03-20,37.1,37.1,34.73,35.62,13.9855003531152,712100,0.0,1.0
2008-03-19,37.83,37.83,36.94,37.05,14.5469620461235,222900,0.0,1.0
2008-03-18,37.09,37.73,36.11,37.52,14.7314984067625,349900,0.0,1.0
2008-03-17,36.63,37.2,36.24,36.49,14.3270889355748,180700,0.0,1.0
2008-03-14,38.45,38.45,36.73,37.61,14.7668351566722,290600,0.0,1.0
2008-03-13,37.68,38.28,36.42,38.12,14.9670767394933,297200,0.0,1.0
2008-03-12,38.81,38.81,37.79,38.05,14.9395926006747,310100,0.0,1.0
2008-03-11,38.49,38.76,38.27,38.76,15.2183602944061,167200,0.0,1.0
2008-03-10,39.0,39.25,37.44,37.9,14.880698017492,434600,0.0,1.0
2008-03-07,38.91,39.12,38.75,39.05,15.3322231552259,183500,0.0,1.0
2008-03-06,39.02,39.79,39.02,39.16,15.3754125162266,191500,0.0,1.0
2008-03-05,39.13,39.37,38.85,39.32,15.4382334049548,161000,0.0,1.0
2008-03-04,38.9,39.22,38.35,38.75,15.2144339888606,249800,0.0,1.0
2008-03-03,38.74,39.14,38.54,39.11,15.355780988499,638700,0.0,1.0
2008-02-29,39.1,39.35,38.75,38.86,15.2576233498612,651300,0.0,1.0
2008-02-28,39.99,39.99,39.37,39.56,15.5324647380471,300500,0.0,1.0
2008-02-27,39.99,40.6,39.69,40.0,15.7052221820496,227400,0.0,1.0
2008-02-26,39.33,39.97,39.03,39.85,15.6463275988669,333600,0.0,1.0
2008-02-25,38.6,39.61,38.6,39.5,15.508906904774,154000,0.0,1.0
2008-02-22,39.03,39.03,38.02,38.64,15.1712446278599,301600,0.0,1.0
2008-02-21,38.86,39.25,38.15,38.65,15.1751709334054,665100,0.0,1.0
2008-02-20,39.04,39.21,38.28,38.88,15.2654759609522,360900,0.0,1.0
2008-02-19,40.03,40.03,39.01,39.39,15.4657175437734,503800,0.0,1.0
2008-02-15,39.75,40.0,39.39,39.63,15.5599488768657,221200,0.0,1.0
2008-02-14,41.01,41.75,39.8,39.86,15.6502539044124,271000,0.0,1.0
2008-02-13,40.48,41.42,40.02,41.26,16.1999366807842,278900,0.0,1.0
2008-02-12,38.77,40.38,38.77,40.03,15.7170010986862,402500,0.0,1.0
2008-02-11,39.74,40.01,38.59,39.3,15.4303807938638,1081300,0.0,1.0
2008-02-08,43.2,43.31,38.53,40.1,15.7444852375047,1755300,0.0,1.0
2008-02-07,44.2,44.39,43.01,44.15,17.3346389834373,278200,0.0,1.0
2008-02-06,45.0,45.0,43.5,44.07,17.3032285390732,378300,0.0,1.0
2008-02-05,44.57,45.18,44.01,44.91,17.6330382048962,481000,0.0,1.0
2008-02-04,43.5,44.35,43.2,44.33,17.4053124832565,295600,0.0,1.0
2008-02-01,41.38,43.48,40.91,43.25,16.9812714843412,348000,0.0,1.0
2008-01-31,40.7,41.72,40.44,41.38,16.2470523473303,317300,0.0,1.0
2008-01-30,41.32,41.32,40.4,40.71,15.983989875781,215200,0.0,1.0
2008-01-29,41.65,41.65,40.15,41.07,16.1253368754194,469400,0.0,1.0
2008-01-28,39.89,40.13,39.19,39.85,15.6463275988669,282800,0.0,1.0
2008-01-25,41.25,41.25,39.7,39.83,15.6384749877759,547000,0.0,1.0
2008-01-24,40.04,42.45,40.04,41.07,16.1253368754194,538300,0.0,1.0
2008-01-23,37.65,40.06,37.33,39.94,15.6816643487765,519800,0.0,1.0
2008-01-22,38.21,39.4,37.58,38.53,15.1280552668593,363300,0.0,1.0
2008-01-18,40.72,41.2,38.88,39.87,15.654180209958,392800,0.0,1.0
2008-01-17,41.75,41.85,40.1,40.33,15.8347902650515,461400,0.0,1.0
2008-01-16,41.31,42.05,41.3,41.64,16.3491362915137,440500,0.0,1.0
2008-01-15,41.02,42.37,41.02,41.72,16.3805467358778,298900,0.0,1.0
2008-01-14,41.46,41.94,40.65,41.77,16.4001782636053,330400,0.0,1.0
2008-01-11,42.2,42.51,41.32,41.75,16.3923256525143,148700,0.0,1.0
2008-01-10,42.12,42.83,41.18,42.24,16.5847146242444,405400,0.0,1.0
2008-01-09,42.92,42.92,41.57,42.24,16.5847146242444,459100,0.0,1.0
2008-01-08,45.18,45.18,42.52,42.63,16.7378405405194,710300,0.0,1.0
2008-01-07,45.7,46.0,44.83,45.09,17.7037117047154,502100,0.0,1.0
2008-01-04,45.01,46.3,44.81,45.56,17.8882480653545,332800,0.0,1.0
2008-01-03,45.0,46.51,45.0,45.53,17.876469148718,366900,0.0,1.0
2008-01-02,45.15,45.31,44.41,45.14,17.723343232443,281500,0.0,1.0
2007-12-31,44.75,45.22,44.54,45.17,17.7351221490795,141100,0.0,1.0
2007-12-28,45.5,45.72,44.57,45.25,17.7665325934436,280700,0.0,1.0
2007-12-27,45.91,46.11,45.19,45.38,17.8175745655353,215300,0.0,1.0
2007-12-26,45.58,46.18,45.58,45.88,18.0138898428109,115000,0.0,1.0
2007-12-24,45.78,46.63,45.06,46.08,18.0924159537212,116800,0.0,1.0
2007-12-21,45.37,46.4,44.96,45.55,17.884321759809,445700,0.0,1.0
2007-12-20,44.78,45.05,44.13,44.75,17.570217316168,352300,0.0,1.0
2007-12-19,44.79,45.06,44.17,44.85,17.6094803716231,176100,0.0,1.0
2007-12-18,45.6,45.6,44.05,44.95,17.6487434270783,493600,0.0,1.0
2007-12-17,44.53,45.85,43.32,45.15,17.7272695379885,498500,0.0,1.0
2007-12-14,46.63,46.63,44.4,45.52,17.8725428431725,539800,0.0,1.0
2007-12-13,46.6,47.27,46.07,46.92,18.4222256195442,240100,0.0,1.0
2007-12-12,47.35,47.76,47.25,47.54,18.665656563366,325900,0.0,1.0
2007-12-11,48.97,48.97,46.72,47.34,18.5871304524557,880600,0.0,1.0
2007-12-10,47.45,49.13,47.42,48.91,19.2035604231012,279100,0.0,1.0
2007-12-07,48.25,48.25,47.0,47.42,18.6185408968198,213700,0.0,1.0
2007-12-06,48.0,48.31,47.5,48.12,18.8933822850057,148900,0.0,1.0
2007-12-05,48.73,48.73,47.56,48.12,18.8933822850057,266300,0.0,1.0
2007-12-04,48.35,48.75,47.45,48.23,18.9365716460063,315200,0.0,1.0
2007-12-03,47.0,48.81,44.85,48.34,18.979761007007,624400,0.0,1.0
2007-11-30,50.31,50.59,47.32,47.68,18.7206248410032,305300,0.0,1.0
2007-11-29,48.81,49.81,48.81,49.15,19.2977917561935,173000,0.0,1.0
2007-11-28,47.68,49.88,47.6,49.02,19.2467497841018,343500,0.0,1.0
2007-11-27,50.24,50.24,47.19,48.0,18.8462666184595,438400,0.0,1.0
2007-11-26,50.2,51.6,49.96,50.19,19.7061275329268,230500,0.0,1.0
2007-11-23,49.0,49.54,48.35,49.54,19.4509176724685,117400,0.0,1.0
2007-11-21,46.62,48.69,46.51,48.05,18.8658981461871,405200,0.0,1.0
2007-11-20,47.53,47.97,46.11,46.9,18.4143730084532,323700,0.0,1.0
2007-11-19,46.74,49.9,45.97,48.5,19.0425818957352,1200400,0.0,1.0
2007-11-16,44.08,47.14,44.08,46.29,18.1748683701769,476300,0.0,1.0
2007-11-15,45.17,45.17,43.78,44.26,17.3778283444379,184100,0.0,1.0
2007-11-14,45.48,46.28,44.82,45.3,17.7861641211712,223700,0.0,1.0
2007-11-13,44.78,45.59,44.62,45.4,17.8254271766263,207000,0.0,1.0
2007-11-12,42.55,45.47,42.21,44.53,17.4838385941667,347400,0.0,1.0
2007-11-09,44.0,44.2,42.48,42.55,16.7064300961553,125000,0.0,1.0
2007-11-08,44.17,44.95,43.81,44.7,17.5505857884405,194100,0.0,1.0
2007-11-07,45.25,45.55,43.88,43.99,17.2718180947091,158800,0.0,1.0
2007-11-06,44.35,46.01,44.25,45.68,17.9353637319007,181700,0.0,1.0
2007-11-05,44.2,44.62,43.44,44.35,17.4131650943475,87700,0.0,1.0
2007-11-02,45.0,45.15,43.73,44.91,17.6330382048962,120300,0.0,1.0
2007-11-01,45.91,46.04,44.44,44.84,17.6055540660776,227800,0.0,1.0
2007-10-31,45.35,45.67,44.71,45.52,17.8725428431725,88100,0.0,1.0
2007-10-30,45.75,45.84,45.05,45.23,17.7586799823526,173500,0.0,1.0
2007-10-29,43.3,46.1,43.3,46.01,18.0649318149026,241300,0.0,1.0
2007-10-26,43.42,44.31,42.68,42.96,16.8674086235213,123900,0.0,1.0
2007-10-25,44.2,44.4,42.65,43.03,16.8948927623399,142300,0.0,1.0
2007-10-24,43.12,44.03,42.16,43.78,17.1893656782533,283000,0.0,1.0
2007-10-23,44.2,44.2,42.43,42.91,16.8477770957937,245800,0.0,1.0
2007-10-22,42.02,44.13,41.15,43.32,17.0087556231597,352800,0.0,1.0
2007-10-19,44.8,45.08,42.91,43.1,16.9223769011585,241400,0.0,1.0
2007-10-18,45.15,45.35,44.82,44.94,17.6448171215327,154500,0.0,1.0
2007-10-17,45.0,45.57,44.76,45.25,17.7665325934436,185800,0.0,1.0
2007-10-16,44.5,45.35,44.26,44.68,17.5427331773494,144200,0.0,1.0
2007-10-15,45.5,45.7,44.0,44.88,17.6212592882597,132700,0.0,1.0
2007-10-12,44.85,45.79,43.07,45.73,17.9549952596282,276000,0.0,1.0
2007-10-11,47.14,48.25,43.0,44.59,17.5073964274398,640700,0.0,1.0
2007-10-10,46.47,47.11,46.0,46.61,18.3005101476333,149500,0.0,1.0
2007-10-09,46.6,47.16,46.07,46.27,18.1670157590859,118200,0.0,1.0
2007-10-08,46.58,46.85,46.0,46.4,18.2180577311776,125700,0.0,1.0
2007-10-05,45.25,46.66,45.13,46.2,18.1395316202673,391500,0.0,1.0
2007-10-04,45.52,45.95,44.52,44.74,17.5662910106225,206400,0.0,1.0
2007-10-03,46.02,46.22,45.33,45.52,17.8725428431725,138600,0.0,1.0
2007-10-02,46.34,46.79,45.8,46.27,18.1670157590859,140200,0.0,1.0
2007-10-01,46.05,46.61,45.3,46.17,18.1277527036308,313200,0.0,1.0
2007-09-28,46.6,47.22,45.62,45.71,17.9471426485372,176900,0.0,1.0
2007-09-27,47.0,47.29,46.31,46.9,18.4143730084532,325500,0.0,1.0
2007-09-26,46.42,47.45,46.2,47.0,18.4536360639083,464900,0.0,1.0
2007-09-25,43.8,46.78,43.72,45.9,18.0217424539019,791300,0.0,1.0
2007-09-24,42.1,43.95,42.1,43.69,17.1540289283437,770200,0.0,1.0
2007-09-21,41.65,42.24,40.87,41.89,16.4472939301515,289100,0.0,1.0
2007-09-20,40.99,41.85,40.91,41.33,16.2274208196028,197100,0.0,1.0
2007-09-19,40.0,41.84,39.81,40.87,16.0468107645092,197300,0.0,1.0
2007-09-18,39.18,40.21,39.02,39.99,15.7012958765041,169500,0.0,1.0
2007-09-17,39.35,39.42,38.68,38.87,15.2615496554067,93100,0.0,1.0
2007-09-14,38.9,39.89,38.81,39.43,15.4814227659554,58100,0.0,1.0
2007-09-13,39.55,39.73,38.71,39.21,15.3950440439541,92700,0.0,1.0
2007-09-12,39.85,39.96,39.27,39.47,15.4971279881375,77800,0.0,1.0
2007-09-11,39.69,40.1,39.57,40.0,15.7052221820496,77500,0.0,1.0
2007-09-10,39.55,40.0,39.21,39.62,15.5560225713202,68200,0.0,1.0
2007-09-07,40.65,40.65,39.06,39.39,15.4657175437734,70600,0.0,1.0
2007-09-06,41.33,41.64,40.97,41.05,16.1174842643284,69300,0.0,1.0
2007-09-05,40.64,41.35,40.54,41.06,16.1214105698739,104400,0.0,1.0
2007-09-04,40.63,40.95,40.4,40.82,16.0271792367816,95600,0.0,1.0
2007-08-31,39.69,40.75,39.56,40.65,15.9604320425079,149300,0.0,1.0
2007-08-30,39.07,39.28,38.8,39.19,15.3871914328631,156900,0.0,1.0
2007-08-29,38.65,39.05,38.42,39.05,15.3322231552259,171200,0.0,1.0
2007-08-28,39.43,39.45,38.45,38.65,15.1751709334054,126300,0.0,1.0
2007-08-27,39.45,39.75,39.21,39.53,15.5206858214105,88500,0.0,1.0
2007-08-24,39.19,39.5,38.8,39.5,15.508906904774,69300,0.0,1.0
2007-08-23,39.95,39.99,39.23,39.29,15.4264544883182,47500,0.0,1.0
2007-08-22,38.6,40.0,38.6,39.81,15.6306223766849,94500,0.0,1.0
2007-08-21,38.95,39.35,37.4,38.41,15.0809396003131,50700,0.0,1.0
2007-08-20,38.05,39.62,37.86,38.85,15.2536970443157,173000,0.0,1.0
2007-08-17,38.4,39.5,37.63,37.83,14.8532138786734,223100,0.0,1.0
2007-08-16,37.16,37.29,35.39,36.9,14.4880674629408,418400,0.0,1.0
2007-08-15,38.38,38.48,36.94,37.43,14.6961616568529,208700,0.0,1.0
2007-08-14,38.5,39.81,38.28,38.46,15.1005711280407,319700,0.0,1.0
2007-08-13,38.6,38.85,38.29,38.5,15.1162763502228,253500,0.0,1.0
2007-08-10,38.2,38.64,37.2,38.0,14.9199610729471,300900,0.0,1.0
2007-08-09,39.1,39.4,38.27,38.46,15.1005711280407,491200,0.0,1.0
2007-08-08,39.05,41.41,39.0,39.95,15.6855906543221,420400,0.0,1.0
2007-08-07,38.79,39.61,38.5,38.76,15.2183602944061,229100,0.0,1.0
2007-08-06,42.01,42.99,34.41,38.79,15.2301392110426,1251700,0.0,1.0
2007-08-03,42.3,42.7,40.83,41.1,16.137115792056,230400,0.0,1.0
2007-08-02,41.77,43.43,41.77,42.25,16.5886409297899,185600,0.0,1.0
2007-08-01,41.31,42.5,40.92,41.69,16.3687678192412,256600,0.0,1.0
2007-07-31,41.5,42.06,41.1,41.2,16.1763788475111,120700,0.0,1.0
2007-07-30,40.4,41.38,40.22,41.27,16.2038629863297,98000,0.0,1.0
2007-07-27,40.45,41.7,40.4,40.4,15.8622744038701,130500,0.0,1.0
2007-07-26,40.5,40.77,39.87,40.49,15.8976111537797,123300,0.0,1.0
2007-07-25,41.1,41.27,40.75,41.07,16.1253368754194,131100,0.0,1.0
2007-07-24,42.32,42.72,40.84,40.91,16.0625159866912,76200,0.0,1.0
2007-07-23,42.1,42.33,42.01,42.32,16.6161250686085,68600,0.0,1.0
2007-07-20,42.51,42.6,42.07,42.26,16.5925672353354,125100,0.0,1.0
2007-07-19,43.11,43.13,42.5,42.6,16.7260616238828,156200,0.0,1.0
2007-07-18,43.61,43.66,42.75,42.99,16.8791875401578,123700,0.0,1.0
2007-07-17,43.7,43.89,43.59,43.69,17.1540289283437,244900,0.0,1.0
2007-07-16,43.39,43.51,42.33,43.49,17.0755028174335,127300,0.0,1.0
2007-07-13,43.0,43.61,42.72,43.49,17.0755028174335,65600,0.0,1.0
2007-07-12,43.05,43.2,42.85,43.09,16.918450595613,100500,0.0,1.0
2007-07-11,42.55,43.01,42.5,42.96,16.8674086235213,77200,0.0,1.0
2007-07-10,42.95,43.15,42.05,42.58,16.7182090127918,149800,0.0,1.0
2007-07-09,43.11,43.11,42.51,42.98,16.8752612346123,103500,0.0,1.0
2007-07-06,42.7,43.1,42.14,43.0,16.8831138457033,130400,0.0,1.0
2007-07-05,41.37,42.53,41.37,42.53,16.6985774850643,68000,0.0,1.0
2007-07-03,41.69,42.34,40.98,41.4,16.2549049584214,89200,0.0,1.0
2007-07-02,40.6,42.82,40.56,41.66,16.3569889026047,202000,0.0,1.0
2007-06-29,39.52,40.68,39.4,40.46,15.8858322371432,87700,0.0,1.0
2007-06-28,40.81,40.81,39.44,39.52,15.516759515865,119900,0.0,1.0
2007-06-27,40.67,40.88,40.2,40.8,16.0193266256906,342300,0.0,1.0
2007-06-26,40.55,40.88,39.72,40.77,16.0075477090541,157800,0.0,1.0
2007-06-25,41.1,41.23,40.09,40.3,15.823011348415,105200,0.0,1.0
2007-06-22,41.8,41.9,40.62,41.32,16.2234945140573,209000,0.0,1.0
2007-06-21,41.43,42.38,41.42,41.74,16.3883993469688,206800,0.0,1.0
2007-06-20,42.66,43.6,41.33,41.43,16.2666838750579,386200,0.0,1.0
2007-06-19,40.7,42.43,40.69,42.41,16.6514618185181,282600,0.0,1.0
2007-06-18,40.68,40.91,40.43,40.69,15.97613726469,208900,0.0,1.0
2007-06-15,40.1,40.75,40.1,40.56,15.9250952925983,281200,0.0,1.0
2007-06-14,39.6,39.98,39.27,39.55,15.5285384325016,242200,0.0,1.0
2007-06-13,38.31,39.83,38.31,39.47,15.4971279881375,168300,0.0,1.0
2007-06-12,38.14,38.53,38.09,38.25,15.018118711585,170400,0.0,1.0
2007-06-11,38.17,38.18,37.9,38.15,14.9788556561298,115400,0.0,1.0
2007-06-08,37.94,38.55,37.86,38.3,15.0377502393125,154100,0.0,1.0
2007-06-07,38.1,38.1,37.35,37.94,14.8964032396741,176900,0.0,1.0
2007-06-06,38.43,38.43,37.8,38.2,14.9984871838574,212000,0.0,1.0
2007-06-05,37.59,38.8,37.46,38.63,15.1673183223144,295100,0.0,1.0
2007-06-04,37.54,37.71,37.07,37.7,14.8021719065818,262800,0.0,1.0
2007-06-01,37.15,37.6,37.05,37.6,14.7629088511266,210400,0.0,1.0
2007-05-31,36.34,37.1,36.2,36.95,14.5076989906683,342800,0.0,1.0
2007-05-30,35.5,35.94,35.12,35.88,14.0875842972985,276700,0.0,1.0
2007-05-29,34.95,35.83,34.95,35.67,14.0051318808428,161600,0.0,1.0
2007-05-25,34.95,35.23,34.26,35.04,13.7577746314755,329200,0.0,1.0
2007-05-24,35.55,35.71,34.62,34.8,13.6635432983832,599500,0.0,1.0
2007-05-23,35.5,35.72,35.39,35.6,13.9776477420242,758400,0.0,1.0
2007-05-22,36.05,36.2,35.33,35.4,13.8991216311139,2507500,0.0,1.0
2007-05-21,35.8,35.8,35.0,35.5,13.938384686569,289400,0.0,1.0
2007-05-18,35.9,36.11,35.56,36.05,14.1543314915722,92000,0.0,1.0
2007-05-17,37.18,37.18,35.78,35.9,14.0954369083895,112100,0.0,1.0
2007-05-16,37.7,37.84,37.15,37.3,14.6451196847613,102100,0.0,1.0
2007-05-15,37.3,37.97,37.19,37.7,14.8021719065818,73600,0.0,1.0
2007-05-14,36.5,37.38,36.34,37.26,14.6294144625792,100000,0.0,1.0
2007-05-11,36.5,36.78,36.26,36.55,14.3506467688478,25500,0.0,1.0
2007-05-10,37.3,37.3,36.34,36.34,14.2681943523921,48000,0.0,1.0
2007-05-09,37.35,37.42,36.96,37.4,14.6843827402164,38300,0.0,1.0
2007-05-08,37.3,37.46,36.72,37.45,14.704014267944,48700,0.0,1.0
2007-05-07,37.54,37.73,36.98,37.38,14.6765301291254,33300,0.0,1.0
2007-05-04,36.95,37.58,36.86,37.56,14.7472036289446,55200,0.0,1.0
2007-05-03,37.85,37.92,36.76,36.79,14.4448781019401,66600,0.0,1.0
2007-05-02,37.65,38.22,37.42,37.8,14.8414349620369,111100,0.0,1.0
2007-05-01,37.87,37.87,36.83,37.66,14.7864666843997,110700,0.0,1.0
2007-04-30,38.7,38.7,37.25,37.87,14.8689191008555,246000,0.0,1.0
2007-04-27,38.15,38.74,37.75,38.74,15.2105076833151,55300,0.0,1.0
2007-04-26,37.6,38.62,37.6,38.08,14.9513715173112,74700,0.0,1.0
2007-04-25,37.67,37.84,36.7,37.65,14.7825403788542,72300,0.0,1.0
2007-04-24,37.91,37.91,36.82,37.63,14.7746877677632,75400,0.0,1.0
2007-04-23,38.1,38.66,37.36,37.91,14.8846243230375,102800,0.0,1.0
2007-04-20,38.5,38.55,38.07,38.44,15.0927185169497,54100,0.0,1.0
2007-04-19,38.07,38.2,37.83,38.05,14.9395926006747,39700,0.0,1.0
2007-04-18,39.1,39.2,37.91,38.07,14.9474452117657,48200,0.0,1.0
2007-04-17,39.81,39.82,39.11,39.2,15.3911177384086,19500,0.0,1.0
2007-04-16,39.07,39.92,38.96,39.82,15.6345486822304,32400,0.0,1.0
2007-04-13,38.59,38.96,38.45,38.94,15.2890337942253,18500,0.0,1.0
2007-04-12,38.2,38.6,38.2,38.5,15.1162763502228,23500,0.0,1.0
2007-04-11,38.61,38.66,37.65,38.38,15.0691606836766,51400,0.0,1.0
2007-04-10,38.04,38.2,37.88,38.11,14.9631504339478,56300,0.0,1.0
2007-04-09,38.58,38.7,37.69,38.2,14.9984871838574,110700,0.0,1.0
2007-04-05,37.92,38.6,37.71,38.47,15.1044974335862,20300,0.0,1.0
2007-04-04,38.87,38.87,37.69,37.91,14.8846243230375,59200,0.0,1.0
2007-04-03,37.26,39.02,37.26,38.77,15.2222865999516,45600,0.0,1.0
2007-04-02,36.4,37.56,36.36,37.17,14.5940777126696,53300,0.0,1.0
2007-03-30,35.85,36.58,35.66,36.38,14.2838995745741,46500,0.0,1.0
2007-03-29,36.15,36.15,35.12,35.85,14.075805380662,57200,0.0,1.0
2007-03-28,35.9,36.41,35.56,35.98,14.1268473527536,107300,0.0,1.0
2007-03-27,37.1,37.15,35.55,36.0,14.1346999638447,95600,0.0,1.0
2007-03-26,36.44,37.22,36.2,36.9,14.4880674629408,56100,0.0,1.0
2007-03-23,35.34,36.68,35.22,36.5,14.3310152411203,69400,0.0,1.0
2007-03-22,34.5,35.58,34.46,35.34,13.8755637978408,34700,0.0,1.0
2007-03-21,33.55,34.46,33.38,34.46,13.5300489098358,40300,0.0,1.0
2007-03-20,33.46,33.95,33.42,33.5,13.1531235774666,56000,0.0,1.0
2007-03-19,32.76,33.78,32.61,33.61,13.1963129384672,43100,0.0,1.0
2007-03-16,32.5,32.92,32.3,32.67,12.827240217189,116900,0.0,1.0
2007-03-15,32.19,32.5,32.07,32.5,12.7604930229153,62200,0.0,1.0
2007-03-14,32.14,32.39,32.0,32.23,12.6544827731865,43200,0.0,1.0
2007-03-13,31.9,32.5,31.73,32.06,12.5877355789128,66300,0.0,1.0
2007-03-12,32.15,32.4,30.91,32.0,12.5641777456397,37400,0.0,1.0
2007-03-09,31.5,32.59,31.49,32.25,12.6623353842775,57300,0.0,1.0
2007-03-08,31.17,31.51,30.92,31.4,12.328599412909,39200,0.0,1.0
2007-03-07,31.25,31.3,30.83,31.06,12.1951050243615,74900,0.0,1.0
2007-03-06,31.41,31.62,31.1,31.32,12.2971889685449,136400,0.0,1.0
2007-03-05,32.3,32.3,30.5,31.19,12.2461469964532,88700,0.0,1.0
2007-03-02,32.0,32.83,31.83,32.39,12.7173036619147,74000,0.0,1.0
2007-03-01,31.65,32.76,31.3,32.07,12.5916618844583,250900,0.0,1.0
2007-02-28,32.37,32.5,31.79,31.9,12.5249146901846,120800,0.0,1.0
2007-02-27,33.7,33.97,32.3,32.37,12.7094510508237,99900,0.0,1.0
2007-02-26,33.5,34.15,33.5,33.88,13.302323188196,79100,0.0,1.0
2007-02-23,32.38,33.34,32.1,33.28,13.0667448554653,55700,0.0,1.0
2007-02-22,32.8,32.8,32.03,32.45,12.7408614951878,87900,0.0,1.0
2007-02-21,33.03,33.43,32.6,32.82,12.8861348003717,55200,0.0,1.0
2007-02-20,33.29,33.56,33.14,33.27,13.0628185499198,39500,0.0,1.0
2007-02-16,33.26,33.39,32.94,33.24,13.0510396332832,42900,0.0,1.0
2007-02-15,33.43,33.78,33.25,33.26,13.0588922443743,40100,0.0,1.0
2007-02-14,33.75,33.86,33.52,33.53,13.1649024941031,55600,0.0,1.0
2007-02-13,32.75,33.9,32.75,33.72,13.2395022994678,67900,0.0,1.0
2007-02-12,32.7,32.94,32.13,32.61,12.803682383916,124000,0.0,1.0
2007-02-09,31.6,32.15,31.5,31.95,12.5445462179121,45200,0.0,1.0
2007-02-08,31.17,31.61,31.14,31.58,12.3992729127282,71800,0.0,1.0
2007-02-07,31.33,31.51,31.04,31.27,12.2775574408173,64800,0.0,1.0
2007-02-06,31.4,31.53,31.24,31.4,12.328599412909,45700,0.0,1.0
2007-02-05,31.55,31.7,31.35,31.49,12.3639361628186,78400,0.0,1.0
2007-02-02,31.5,31.7,31.4,31.49,12.3639361628186,33700,0.0,1.0
2007-02-01,31.86,31.98,31.03,31.48,12.3600098572731,46200,0.0,1.0
2007-01-31,32.02,32.5,31.84,31.85,12.505283162457,47500,0.0,1.0
2007-01-30,32.14,32.3,31.86,32.0,12.5641777456397,87800,0.0,1.0
2007-01-29,30.55,32.63,30.4,32.14,12.6191460232769,193400,0.0,1.0
2007-01-26,30.02,30.35,29.88,30.3,11.8967058029026,96500,0.0,1.0
2007-01-25,30.0,31.1,29.91,30.4,11.9359688583577,197800,0.0,1.0
2007-01-24,28.24,30.4,28.24,30.0,11.7789166365372,338300,0.0,1.0
2007-01-23,26.5,26.81,26.5,26.69,10.4793095009726,34300,0.0,1.0
2007-01-22,26.75,26.79,26.55,26.55,10.4243412233354,46700,0.0,1.0
2007-01-19,26.7,27.24,26.54,27.0,10.6010249728835,58000,0.0,1.0
2007-01-18,26.6,26.74,26.47,26.72,10.4910884176091,21200,0.0,1.0
2007-01-17,26.71,26.8,26.54,26.66,10.4675305843361,26000,0.0,1.0
2007-01-16,26.85,26.88,26.57,26.8,10.5224988619732,59900,0.0,1.0
2007-01-12,26.5,26.8,26.5,26.8,10.5224988619732,38000,0.0,1.0
2007-01-11,25.34,26.69,25.34,26.42,10.3732992512438,75700,0.0,1.0
2007-01-10,25.8,25.8,25.15,25.35,9.95318455787395,43400,0.0,1.0
2007-01-09,25.9,25.93,25.43,25.65,10.0709737242393,28700,0.0,1.0
2007-01-08,25.7,26.03,25.56,25.98,10.2005418072412,19400,0.0,1.0
2007-01-05,26.49,26.49,25.42,25.81,10.1337946129675,39400,0.0,1.0
2007-01-04,25.41,26.63,25.37,26.59,10.4400464455175,25200,0.0,1.0
2007-01-03,26.6,26.75,25.27,25.41,9.97674239114702,61800,0.0,1.0
2006-12-29,26.8,26.8,26.43,26.51,10.4086360011534,19200,0.0,1.0
2006-12-28,26.8,26.8,26.71,26.8,10.5224988619732,25600,0.0,1.0
2006-12-27,26.75,26.8,26.68,26.8,10.5224988619732,15400,0.0,1.0
2006-12-26,26.0,26.86,26.0,26.71,10.4871621120636,30800,0.0,1.0
2006-12-22,26.86,26.86,25.85,25.89,10.1652050573316,27600,0.0,1.0
2006-12-21,27.01,27.2,26.86,26.86,10.5460566952463,26900,0.0,1.0
2006-12-20,27.46,27.56,26.99,27.02,10.6088775839745,67000,0.0,1.0
2006-12-19,27.73,27.74,27.17,27.52,10.8051928612501,71800,0.0,1.0
2006-12-18,27.55,27.89,27.55,27.81,10.91905572207,39000,0.0,1.0
2006-12-15,27.31,27.57,27.25,27.53,10.8091191667957,45400,0.0,1.0
2006-12-14,27.15,27.35,26.95,27.31,10.7227404447944,144900,0.0,1.0
2006-12-13,26.36,27.13,26.27,27.13,10.6520669449752,41900,0.0,1.0
2006-12-12,26.15,26.76,26.15,26.56,10.4282675288809,86900,0.0,1.0
2006-12-11,26.1,26.17,25.65,26.15,10.2672890015149,64900,0.0,1.0
2006-12-08,25.84,26.35,25.67,26.15,10.2672890015149,26900,0.0,1.0
2006-12-07,25.75,25.97,25.69,25.86,10.1534261406951,7400,0.0,1.0
2006-12-06,25.68,26.23,25.58,25.8,10.129868307422,33400,0.0,1.0
2006-12-05,25.3,25.95,25.24,25.78,10.122015696331,20200,0.0,1.0
2006-12-04,25.62,25.84,25.17,25.23,9.9060688913278,43700,0.0,1.0
2006-12-01,24.42,25.6,24.32,25.6,10.0513421965118,131200,0.0,1.0
2006-11-30,24.68,25.22,24.41,24.42,9.5880381421413,119900,0.0,1.0
2006-11-29,24.25,24.69,24.07,24.69,9.69404839187013,71800,0.0,1.0
2006-11-28,24.1,24.59,24.02,24.16,9.48595419795797,177700,0.0,1.0
2006-11-27,24.0,24.18,23.75,24.17,9.48988050350349,45200,0.0,1.0
2006-11-24,23.99,24.2,23.99,24.11,9.46632267023041,31400,0.0,1.0
2006-11-22,24.46,24.49,24.0,24.01,9.42705961477529,49000,0.0,1.0
2006-11-21,24.2,24.5,24.19,24.46,9.60374336432334,34800,0.0,1.0
2006-11-20,24.35,24.43,24.18,24.25,9.52129094786758,32200,0.0,1.0
2006-11-17,24.8,24.81,23.98,24.39,9.57625922550476,128300,0.0,1.0
2006-11-16,25.42,25.53,25.07,25.1,9.85502691923614,29600,0.0,1.0
2006-11-15,25.0,25.45,25.0,25.42,9.98066869669254,128200,0.0,1.0
2006-11-14,24.45,25.0,24.39,25.0,9.81576386378101,42200,0.0,1.0
2006-11-13,24.15,24.54,24.1,24.49,9.61552228095988,28600,0.0,1.0
2006-11-10,23.56,24.18,23.56,24.17,9.48988050350349,24800,0.0,1.0
2006-11-09,24.11,24.11,23.56,23.6,9.26608108740928,16600,0.0,1.0
2006-11-08,23.85,24.18,23.75,24.11,9.46632267023041,21900,0.0,1.0
2006-11-07,23.88,24.17,23.78,24.01,9.42705961477529,18200,0.0,1.0
2006-11-06,23.7,23.99,23.64,23.99,9.41920700368426,13100,0.0,1.0
2006-11-03,24.06,24.09,23.45,23.59,9.26215478186377,13000,0.0,1.0
2006-11-02,23.65,24.2,23.5,24.01,9.42705961477529,20000,0.0,1.0
2006-11-01,24.05,24.12,23.85,23.85,9.36423872604709,45000,0.0,1.0
2006-10-31,24.53,24.53,23.87,24.02,9.4309859203208,42000,0.0,1.0
2006-10-30,23.79,24.59,23.66,24.53,9.63122750314193,34000,0.0,1.0
2006-10-27,24.0,24.49,23.75,23.82,9.35245980941055,38100,0.0,1.0
2006-10-26,23.73,24.15,23.25,24.08,9.45454375359387,143600,0.0,1.0
2006-10-25,23.4,23.8,23.4,23.5,9.22681803195415,56400,0.0,1.0
2006-10-24,23.75,24.4,23.26,23.39,9.18362867095352,80000,0.0,1.0
2006-10-23,24.62,24.8,24.18,24.25,9.52129094786758,21400,0.0,1.0
2006-10-20,24.53,24.83,24.39,24.8,9.73723775287077,29300,0.0,1.0
2006-10-19,24.35,24.65,24.32,24.48,9.61159597541437,44900,0.0,1.0
2006-10-18,24.49,24.55,24.25,24.42,9.5880381421413,34000,0.0,1.0
2006-10-17,24.48,24.53,24.25,24.41,9.58411183659578,27000,0.0,1.0
2006-10-16,24.8,24.98,24.47,24.55,9.63908011423296,36500,0.0,1.0
2006-10-13,24.98,25.09,24.67,24.8,9.73723775287077,79100,0.0,1.0
2006-10-12,24.79,24.98,24.5,24.97,9.80398494714448,153300,0.0,1.0
2006-10-11,24.8,24.83,24.62,24.79,9.73331144732525,166500,0.0,1.0
2006-10-10,24.9,24.9,24.65,24.8,9.73723775287077,51000,0.0,1.0
2006-10-09,24.58,24.96,24.45,24.88,9.76864819723487,30800,0.0,1.0
2006-10-06,24.89,24.93,24.55,24.58,9.65085903086949,67300,0.0,1.0
2006-10-05,24.0,25.09,23.9,24.92,9.78435341941691,79400,0.0,1.0
2006-10-04,23.63,24.03,23.51,24.0,9.42313330922977,141700,0.0,1.0
2006-10-03,23.69,23.7,23.47,23.62,9.2739336985003,26100,0.0,1.0
2006-10-02,24.28,24.28,23.24,23.69,9.30141783731889,62800,0.0,1.0
2006-09-29,24.78,24.85,24.35,24.42,9.5880381421413,89800,0.0,1.0
2006-09-28,24.48,25.2,24.48,24.8,9.73723775287077,125400,0.0,1.0
2006-09-27,23.75,24.23,23.75,24.23,9.51343833677656,122100,0.0,1.0
2006-09-26,23.83,24.0,23.5,23.79,9.34068089277401,241500,0.0,1.0
2006-09-25,24.18,24.18,23.8,23.83,9.35638611495606,46000,0.0,1.0
2006-09-22,24.25,24.25,23.94,24.16,9.48595419795797,41600,0.0,1.0
2006-09-21,24.5,24.64,24.19,24.32,9.54877508668617,18500,0.0,1.0
2006-09-20,23.48,24.53,23.43,24.45,9.59981705877783,70000,0.0,1.0
2006-09-19,23.4,23.41,23.15,23.39,9.18362867095352,39000,0.0,1.0
2006-09-18,23.5,23.64,23.3,23.4,9.18755497649903,44600,0.0,1.0
2006-09-15,23.6,23.69,23.46,23.56,9.25037586522723,76700,0.0,1.0
2006-09-14,23.71,23.74,23.26,23.5,9.22681803195415,31400,0.0,1.0
2006-09-13,23.96,23.99,23.61,23.81,9.34853350386504,29100,0.0,1.0
2006-09-12,24.0,24.06,23.75,23.86,9.3681650315926,35900,0.0,1.0
2006-09-11,23.92,24.28,23.85,24.06,9.44669114250285,30200,0.0,1.0
2006-09-08,24.07,24.07,23.75,23.95,9.40350178150221,34600,0.0,1.0
2006-09-07,23.0,24.53,22.9,24.06,9.44669114250285,54600,0.0,1.0
2006-09-06,23.01,23.5,22.95,23.09,9.06583950458814,25700,0.0,1.0
2006-09-05,22.13,23.18,22.13,23.06,9.05406058795161,40100,0.0,1.0
2006-09-01,22.63,22.63,22.12,22.17,8.704619394401,44000,0.0,1.0
2006-08-31,22.83,23.01,22.63,22.63,8.88522944949457,28800,0.0,1.0
2006-08-30,22.6,22.9,22.45,22.73,8.9244925049497,34900,0.0,1.0
2006-08-29,22.76,22.76,22.39,22.48,8.82633486631189,23800,0.0,1.0
2006-08-28,22.82,22.95,22.8,22.8,8.95197664376829,33400,0.0,1.0
2006-08-25,22.33,22.65,22.31,22.61,8.87737683840355,17300,0.0,1.0
2006-08-24,22.55,22.55,22.25,22.36,8.77921919976574,10500,0.0,1.0
2006-08-23,23.2,23.32,22.55,22.6,8.87345053285804,59000,0.0,1.0
2006-08-22,23.45,23.57,23.2,23.27,9.13651300440737,8800,0.0,1.0
2006-08-21,23.65,23.65,23.4,23.46,9.2111128097721,13700,0.0,1.0
2006-08-18,23.9,23.96,23.65,23.82,9.35245980941055,18300,0.0,1.0
2006-08-17,23.93,24.17,23.82,23.82,9.35245980941055,18500,0.0,1.0
2006-08-16,24.0,24.19,23.85,23.86,9.3681650315926,28600,0.0,1.0
2006-08-15,24.05,24.3,23.9,24.0,9.42313330922977,16800,0.0,1.0
2006-08-14,23.71,24.01,23.71,23.95,9.40350178150221,47500,0.0,1.0
2006-08-11,23.65,23.65,23.16,23.56,9.25037586522723,15200,0.0,1.0
2006-08-10,23.1,23.75,22.96,23.7,9.3053441428644,21200,0.0,1.0
2006-08-09,24.36,24.4,23.16,23.18,9.10117625449776,20500,0.0,1.0
2006-08-08,24.75,24.96,24.31,24.32,9.54877508668617,45200,0.0,1.0
2006-08-07,24.9,24.9,24.55,24.77,9.72545883623423,43900,0.0,1.0
2006-08-04,25.63,25.63,24.8,24.99,9.8118375582355,65400,0.0,1.0
2006-08-03,25.0,25.6,24.97,25.53,10.0238580576932,32800,0.0,1.0
2006-08-02,25.15,25.37,24.84,25.19,9.89036366914575,42600,0.0,1.0
2006-08-01,25.45,25.45,24.96,25.1,9.85502691923614,105600,0.0,1.0
2006-07-31,26.3,27.46,25.5,25.6,10.0513421965118,151200,0.0,1.0
2006-07-28,25.1,25.54,25.1,25.5,10.0120791410566,12800,0.0,1.0
2006-07-27,25.18,25.4,24.9,25.0,9.81576386378101,22000,0.0,1.0
2006-07-26,26.04,26.1,25.1,25.11,9.85895322478165,40800,0.0,1.0
2006-07-25,25.54,26.31,25.45,26.14,10.2633626959694,43300,0.0,1.0
2006-07-24,25.2,25.59,25.14,25.58,10.0434895854207,64400,0.0,1.0
2006-07-21,25.01,25.1,24.66,25.02,9.82361647487204,49900,0.0,1.0
2006-07-20,24.94,25.3,24.88,25.01,9.81969016932653,45800,0.0,1.0
2006-07-19,23.63,24.99,23.63,24.98,9.80791125268999,90400,0.0,1.0
2006-07-18,23.2,23.65,23.19,23.65,9.28571261513684,21700,0.0,1.0
2006-07-17,23.1,23.35,23.08,23.19,9.10510256004327,28900,0.0,1.0
2006-07-14,23.22,23.34,22.74,23.11,9.07369211567917,42300,0.0,1.0
2006-07-13,23.43,23.76,23.29,23.48,9.21896542086313,52400,0.0,1.0
2006-07-12,23.46,23.67,23.1,23.55,9.24644955968172,60800,0.0,1.0
2006-07-11,23.12,23.48,23.05,23.47,9.21503911531762,51200,0.0,1.0
2006-07-10,23.0,23.24,22.97,23.16,9.09332364340673,42200,0.0,1.0
2006-07-07,22.96,23.3,22.88,23.0,9.03050275467853,72800,0.0,1.0
2006-07-06,23.48,23.5,22.93,23.04,9.04620797686058,83100,0.0,1.0
2006-07-05,23.43,23.53,23.1,23.48,9.21896542086313,54900,0.0,1.0
2006-07-03,24.2,24.4,23.3,23.53,9.23859694859069,173500,0.0,1.0
2006-06-30,25.9,25.9,23.95,23.95,9.40350178150221,765000,0.0,1.0
2006-06-29,25.47,26.0,25.47,25.88,10.1612787517861,91600,0.0,1.0
2006-06-28,26.16,26.16,25.43,25.47,10.0003002244201,106100,0.0,1.0
2006-06-27,25.83,26.73,25.83,26.11,10.2515837793329,118100,0.0,1.0
2006-06-26,25.4,26.13,25.34,26.06,10.2319522516053,36400,0.0,1.0
2006-06-23,24.7,25.89,24.62,25.38,9.96496347451049,86700,0.0,1.0
2006-06-22,24.53,24.85,24.51,24.63,9.67049055859705,35900,0.0,1.0
2006-06-21,23.62,24.6,23.45,24.44,9.59589075323232,49000,0.0,1.0
2006-06-20,23.13,23.78,22.82,23.67,9.29356522622786,62300,0.0,1.0
2006-06-19,23.65,23.9,21.85,22.9,8.99123969922341,105100,0.0,1.0
2006-06-16,22.51,23.6,22.5,23.45,9.20718650422659,90600,0.0,1.0
2006-06-15,22.33,22.59,22.18,22.45,8.81455594967535,185600,0.0,1.0
2006-06-14,23.0,23.0,21.42,22.23,8.72817722767408,230800,0.0,1.0
2006-06-13,23.89,24.01,23.02,23.04,9.04620797686058,301500,0.0,1.0
2006-06-12,24.85,24.85,23.75,24.01,9.42705961477529,55300,0.0,1.0
2006-06-09,25.85,25.91,24.8,24.8,9.73723775287077,145000,0.0,1.0
2006-06-08,25.77,25.82,25.35,25.82,10.137720918513,40600,0.0,1.0
2006-06-07,26.05,26.15,25.65,25.87,10.1573524462406,52700,0.0,1.0
2006-06-06,26.48,26.48,25.97,26.05,10.2280259460598,62300,0.0,1.0
2006-06-05,26.4,26.53,26.19,26.48,10.3968570845169,67400,0.0,1.0
2006-06-02,25.9,26.5,25.8,26.5,10.4047096956079,69500,0.0,1.0
2006-06-01,25.09,26.0,25.02,26.0,10.2083944183323,40100,0.0,1.0
2006-05-31,25.0,25.29,24.95,25.19,9.89036366914575,69000,0.0,1.0
2006-05-30,24.98,25.08,24.78,24.98,9.80791125268999,68500,0.0,1.0
2006-05-26,25.0,25.05,24.94,25.0,9.81576386378101,44200,0.0,1.0
2006-05-25,25.25,25.31,24.91,25.08,9.84717430814511,50200,0.0,1.0
2006-05-24,25.2,25.4,24.89,25.3,9.93355303014639,37600,0.0,1.0
2006-05-23,25.35,25.45,25.22,25.25,9.91392150241882,47300,0.0,1.0
2006-05-22,25.36,25.53,25.06,25.51,10.0160054466021,66100,0.0,1.0
2006-05-19,25.31,25.4,25.05,25.4,9.97281608560151,165700,0.0,1.0
2006-05-18,25.33,25.68,25.33,25.41,9.97674239114702,68800,0.0,1.0
2006-05-17,25.45,25.45,25.25,25.4,9.97281608560151,98200,0.0,1.0
2006-05-16,25.25,25.74,25.24,25.54,10.0277843632387,84600,0.0,1.0
2006-05-15,25.39,25.4,25.14,25.28,9.92570041905536,72200,0.0,1.0
2006-05-12,25.4,25.5,24.94,25.47,10.0003002244201,49300,0.0,1.0
2006-05-11,25.09,25.8,25.0,25.8,10.129868307422,57100,0.0,1.0
2006-05-10,25.05,25.1,24.78,24.99,9.8118375582355,74200,0.0,1.0
2006-05-09,24.88,25.0,24.65,24.92,9.78435341941691,85400,0.0,1.0
2006-05-08,24.5,25.0,24.46,24.86,9.76079558614384,106200,0.0,1.0
2006-05-05,24.5,24.64,24.22,24.55,9.63908011423296,104900,0.0,1.0
2006-05-04,24.52,24.61,24.11,24.58,9.65085903086949,95500,0.0,1.0
2006-05-03,24.75,24.76,24.56,24.62,9.66656425305154,110100,0.0,1.0
2006-05-02,25.15,25.2,24.74,24.75,9.7176062251432,124000,0.0,1.0
2006-05-01,24.73,25.17,24.73,25.14,9.87073214141819,151000,0.0,1.0
2006-04-28,25.39,25.4,24.13,24.73,9.70975361405218,232200,0.0,1.0
2006-04-27,25.76,25.85,25.26,25.39,9.968889780056,52300,0.0,1.0
2006-04-26,25.65,26.0,25.5,25.75,10.1102367796944,145000,0.0,1.0
2006-04-25,25.48,26.2,25.48,25.8,10.129868307422,232500,0.0,1.0
2006-04-24,25.45,25.9,25.3,25.51,10.0160054466021,92400,0.0,1.0
2006-04-21,25.7,26.1,25.21,25.45,9.99244761332907,401800,0.0,1.0
2006-04-20,24.8,25.94,24.73,25.6,10.0513421965118,166400,0.0,1.0
2006-04-19,24.25,25.0,24.25,24.75,9.7176062251432,241600,0.0,1.0
2006-04-18,24.52,24.58,23.98,24.25,9.52129094786758,186400,0.0,1.0
2006-04-17,24.39,24.7,24.39,24.6,9.65871164196052,203100,0.0,1.0
2006-04-13,24.15,24.45,24.01,24.38,9.57233291995924,214700,0.0,1.0
2006-04-12,25.35,25.35,24.07,24.1,9.4623963646849,664800,0.0,1.0
2006-04-11,24.28,24.28,23.95,24.1,9.4623963646849,163800,0.0,1.0
2006-04-10,24.05,24.35,24.01,24.31,9.54484878114066,43800,0.0,1.0
2006-04-07,24.25,24.25,23.9,24.11,9.46632267023041,33700,0.0,1.0
2006-04-06,24.5,24.68,24.05,24.25,9.52129094786758,130100,0.0,1.0
2006-04-05,24.75,24.76,24.63,24.68,9.69012208632462,122200,0.0,1.0
2006-04-04,24.89,24.9,24.7,24.8,9.73723775287077,220200,0.0,1.0
2006-04-03,25.8,25.8,24.8,24.9,9.77650080832589,291800,0.0,1.0
2006-03-31,25.5,25.96,25.5,25.75,10.1102367796944,100100,0.0,1.0
2006-03-30,24.95,25.45,24.95,25.45,9.99244761332907,132400,0.0,1.0
2006-03-29,24.95,25.05,24.75,24.9,9.77650080832589,81900,0.0,1.0
2006-03-28,24.73,24.86,24.55,24.7,9.69797469741564,115400,0.0,1.0
2006-03-27,24.65,25.75,24.45,24.75,9.7176062251432,111700,0.0,1.0
2006-03-24,24.3,24.99,24.24,24.5,9.61944858650539,101300,0.0,1.0
2006-03-23,24.09,24.2,23.99,24.1,9.4623963646849,106200,0.0,1.0
2006-03-22,24.05,24.3,24.0,24.16,9.48595419795797,103000,0.0,1.0
2006-03-21,24.89,24.89,24.0,24.2,9.50165942014002,274700,0.0,1.0
2006-03-20,25.17,25.61,24.75,24.9,9.77650080832589,282800,0.0,1.0
2006-03-17,24.25,25.12,24.15,25.01,9.81969016932653,287000,0.0,1.0
2006-03-16,24.1,24.35,23.89,24.27,9.52914355895861,649100,0.0,1.0
2006-03-15,23.95,24.69,23.45,24.1,9.4623963646849,7251200,0.0,1.0
