,ANDE_Open,ANDE_High,ANDE_Low,ANDE_Close,ANDE_Adj Close,ANDE_Volume,ANDE_Dividend Amount,ANDE_Split Coefficient
2024-10-04,49.3,49.88,49.19,49.84,49.84,103852,0.0,1.0
2024-10-03,48.9,49.26,48.35,48.46,48.46,94460,0.0,1.0
2024-10-02,49.9,50.34,48.75,49.25,49.25,105907,0.0,1.0
2024-10-01,49.81,50.14,48.96,49.9,49.9,122460,0.19,1.0
2024-09-30,50.12,50.49,49.55,50.14,49.9498103413855,130879,0.0,1.0
2024-09-27,50.43,51.15,49.8,50.08,49.8900379317229,93444,0.0,1.0
2024-09-26,49.21,50.53,49.075,50.06,49.8701137951687,165176,0.0,1.0
2024-09-25,50.36,50.36,48.81,48.81,48.624855260531,145769,0.0,1.0
2024-09-24,49.72,50.89,49.0438,50.21,50.0195448193252,172616,0.0,1.0
2024-09-23,49.87,50.3333,49.49,49.75,49.5612896785786,145641,0.0,1.0
2024-09-20,49.92,50.085,49.0938,49.91,49.7206827710122,764019,0.0,1.0
2024-09-19,49.84,50.38,48.9977,50.11,49.9199241365542,138520,0.0,1.0
2024-09-18,49.02,50.64,48.58,49.06,48.8739069674586,132887,0.0,1.0
2024-09-17,48.65,49.69,48.47,49.13,48.9436414453983,125815,0.0,1.0
2024-09-16,48.27,48.5,47.73,48.28,48.0968656418447,131283,0.0,1.0
2024-09-13,47.04,48.13,46.851,47.9,47.7183070473148,169292,0.0,1.0
2024-09-12,46.14,47.0088,45.895,46.38,46.2040726691954,125801,0.0,1.0
2024-09-11,45.75,45.85,44.65,45.71,45.5366140946297,163367,0.0,1.0
2024-09-10,46.71,48.05,45.83,46.16,45.9849071670992,149612,0.0,1.0
2024-09-09,47.73,48.028,46.71,46.82,46.6424036733879,124002,0.0,1.0
2024-09-06,48.99,49.315,47.497,47.8,47.6186863645438,111784,0.0,1.0
2024-09-05,48.58,49.22,48.2878,49.12,48.9336793771212,128961,0.0,1.0
2024-09-04,49.18,49.35,48.52,48.62,48.4355759632661,105261,0.0,1.0
2024-09-03,50.42,50.7102,49.12,49.14,48.9536035136754,117356,0.0,1.0
2024-08-30,50.67,51.07,50.32,50.97,50.7766620083849,144674,0.0,1.0
2024-08-29,50.63,50.91,49.89,50.43,50.2387103214214,102602,0.0,1.0
2024-08-28,50.08,50.73,49.85,50.11,49.9199241365542,106434,0.0,1.0
2024-08-27,50.4,50.64,49.76,50.09,49.9,112548,0.0,1.0
2024-08-26,50.06,51.08,50.06,50.57,50.3781792773009,156753,0.0,1.0
2024-08-23,49.05,50.585,48.99,49.91,49.7206827710122,152395,0.0,1.0
2024-08-22,48.76,49.79,48.24,48.83,48.6447793970852,121105,0.0,1.0
2024-08-21,49.31,49.31,48.62,48.93,48.7444000798563,108657,0.0,1.0
2024-08-20,49.86,49.86,48.72,48.75,48.5650828508684,115831,0.0,1.0
2024-08-19,49.65,50.195,49.305,49.73,49.5413655420244,124856,0.0,1.0
2024-08-16,49.69,50.625,49.33,50.22,50.0295068876023,167981,0.0,1.0
2024-08-15,49.13,49.45,48.44,48.82,48.6348173288081,117941,0.0,1.0
2024-08-14,48.13,48.335,47.34,47.9,47.7183070473148,103738,0.0,1.0
2024-08-13,47.11,48.105,46.09,47.98,47.7980035935316,152432,0.0,1.0
2024-08-12,47.42,47.97,46.55,46.68,46.5029347175085,117101,0.0,1.0
2024-08-09,48.06,48.06,46.63,47.08,46.9014174485925,125215,0.0,1.0
2024-08-08,47.95,48.81,47.66,48.15,47.9673587542424,162323,0.0,1.0
2024-08-07,47.44,48.54,45.55,47.25,47.0707726093033,318119,0.0,1.0
2024-08-06,47.16,47.96,46.24,47.73,47.5489518866041,274836,0.0,1.0
2024-08-05,48.94,48.97,47.25,47.38,47.2002794969056,197192,0.0,1.0
2024-08-02,51.95,52.37,50.985,51.01,50.8165102814933,143668,0.0,1.0
2024-08-01,54.62,55.4299,52.9542,53.22,53.0181273707327,170651,0.0,1.0
2024-07-31,54.92,55.47,53.87,54.53,54.3231583150329,182808,0.0,1.0
2024-07-30,54.31,55.52,53.4601,54.8,54.5921341585147,165530,0.0,1.0
2024-07-29,54.8,55.006,53.34,54.13,53.9246755839489,159375,0.0,1.0
2024-07-26,54.68,55.03,53.69,54.98,54.7714513875025,151787,0.0,1.0
2024-07-25,52.57,54.51,52.57,54.23,54.0242962667199,159994,0.0,1.0
2024-07-24,52.22,52.93,52.045,52.26,52.061768816131,120903,0.0,1.0
2024-07-23,52.05,53.24,51.545,52.5,52.3008584547814,142213,0.0,1.0
2024-07-22,51.81,52.26,51.08,52.06,51.8625274505889,117678,0.0,1.0
2024-07-19,51.86,51.86,51.09,51.44,51.2448792174087,111432,0.0,1.0
2024-07-18,52.24,52.955,51.58,51.71,51.5138550608904,136358,0.0,1.0
2024-07-17,50.03,52.41,49.52,52.24,52.0418446795768,216972,0.0,1.0
2024-07-16,49.19,50.59,49.19,50.13,49.9398482731084,223185,0.0,1.0
2024-07-15,48.86,49.615,48.1501,48.78,48.5949690556997,170712,0.0,1.0
2024-07-12,48.85,49.1471,48.25,48.58,48.3957276901577,134198,0.0,1.0
2024-07-11,47.55,48.815,47.1511,48.21,48.027131163905,172369,0.0,1.0
2024-07-10,46.5,46.96,46.38,46.58,46.4033140347375,168518,0.0,1.0
2024-07-09,47.94,48.1534,46.49,46.62,46.4431623078459,187669,0.0,1.0
2024-07-08,48.01,49.01,48.01,48.21,48.027131163905,179755,0.0,1.0
2024-07-05,48.51,48.51,47.42,47.61,47.4294070672789,96292,0.0,1.0
2024-07-03,49.11,49.33,48.51,48.61,48.425613894989,47395,0.0,1.0
2024-07-02,48.76,49.43,48.65,48.89,48.7045518067479,123816,0.0,1.0
2024-07-01,49.6,50.065,48.3,48.56,48.3758035536035,145797,0.19,1.0
2024-06-28,50.18,50.26,49.33,49.6,49.2192791027433,692492,0.0,1.0
2024-06-27,49.88,50.1452,49.4,49.86,49.4772833883625,104261,0.0,1.0
2024-06-26,49.25,49.96,48.95,49.73,49.3482812455529,165525,0.0,1.0
2024-06-25,49.66,49.69,48.81,49.38,49.0009677841424,120028,0.0,1.0
2024-06-24,49.56,50.58,49.47,49.73,49.3482812455529,227395,0.0,1.0
2024-06-21,48.96,49.91,48.835,49.78,49.3978974543258,793770,0.0,1.0
2024-06-20,48.23,49.96,48.0922,48.76,48.3857267953581,139482,0.0,1.0
2024-06-18,49.02,49.31,48.51,48.52,48.1475689932481,136546,0.0,1.0
2024-06-17,48.13,49.06,47.94,48.85,48.4750359711494,203872,0.0,1.0
2024-06-14,48.62,48.9185,47.92,48.26,47.8895647076288,106340,0.0,1.0
2024-06-13,49.56,49.8399,48.675,48.96,48.5841916304498,103502,0.0,1.0
2024-06-12,50.46,50.98,49.59,49.67,49.2887417950254,132614,0.0,1.0
2024-06-11,49.2,49.72,48.51,49.35,48.9711980588786,128740,0.0,1.0
2024-06-10,49.64,50.05,49.0996,49.55,49.1696628939703,152477,0.0,1.0
2024-06-07,50.41,50.696,49.7,50.07,49.6856714652088,114984,0.0,1.0
2024-06-06,49.63,51.08,49.58,50.52,50.1322173441651,109480,0.0,1.0
2024-06-05,50.7,50.7,49.81,49.87,49.4872066301171,146175,0.0,1.0
2024-06-04,51.02,51.02,49.78,50.35,49.9635222343372,133635,0.0,1.0
2024-06-03,52.44,52.6125,50.47,51.35,50.9558464097957,159456,0.0,1.0
2024-05-31,51.47,52.64,50.85,52.34,51.9382473434997,221118,0.0,1.0
2024-05-30,52.14,52.19,51.455,51.72,51.3230063547154,98041,0.0,1.0
2024-05-29,51.9,52.24,51.6,51.84,51.4420852557704,121152,0.0,1.0
2024-05-28,51.97,52.76,51.09,52.64,52.2359445961372,134301,0.0,1.0
2024-05-24,51.98,52.14,51.15,51.97,51.57108739858,155329,0.0,1.0
2024-05-23,51.9,51.9,50.71,51.48,51.0848485526053,197529,0.0,1.0
2024-05-22,51.25,51.77,50.955,51.76,51.3626993217337,129464,0.0,1.0
2024-05-21,51.23,51.64,50.8667,51.56,51.164234486642,144039,0.0,1.0
2024-05-20,51.22,52.0711,50.95,51.07,50.6779956406673,151278,0.0,1.0
2024-05-17,52.67,52.79,51.13,51.47,51.0749253108507,118196,0.0,1.0
2024-05-16,52.21,52.56,51.595,52.46,52.0573262445547,131481,0.0,1.0
2024-05-15,52.9,52.9,51.59,52.12,51.7199360248988,133498,0.0,1.0
2024-05-14,52.33,52.7742,51.75,52.39,51.9878635522726,122289,0.0,1.0
2024-05-13,53.72,53.95,51.99,52.03,51.6306268491075,174297,0.0,1.0
2024-05-10,52.72,53.53,52.48,53.4,52.9901109694857,233288,0.0,1.0
2024-05-09,51.18,53.67,51.18,52.85,52.4443326729835,240829,0.0,1.0
2024-05-08,52.14,54.095,48.55,51.45,51.0550788273416,376581,0.0,1.0
2024-05-07,56.45,57.15,56.07,56.14,55.7090792102421,196215,0.0,1.0
2024-05-06,57.0,57.3929,56.32,56.52,56.0861623969163,128836,0.0,1.0
2024-05-03,56.51,56.7541,55.71,56.51,56.0762391551617,106681,0.0,1.0
2024-05-02,55.64,56.335,55.41,56.02,55.5900003091871,108013,0.0,1.0
2024-05-01,54.65,55.73,54.5,54.96,54.538136683201,121316,0.0,1.0
2024-04-30,57.07,57.07,54.72,54.94,54.5182901996918,208798,0.0,1.0
2024-04-29,57.18,57.78,56.99,57.27,56.8304055285102,100178,0.0,1.0
2024-04-26,56.59,57.39,55.9481,56.91,56.4731688253451,152469,0.0,1.0
2024-04-25,56.9,57.0,55.47,56.6,56.165548330953,183204,0.0,1.0
2024-04-24,60.12,60.12,56.89,57.38,56.9395611878107,287061,0.0,1.0
2024-04-23,58.95,61.46,58.63,60.41,59.94630343945,299564,0.0,1.0
2024-04-22,58.5,60.18,57.95,58.95,58.4975101432806,238540,0.0,1.0
2024-04-19,56.11,58.35,56.11,58.23,57.7830367369504,175034,0.0,1.0
2024-04-18,56.72,57.52,56.19,56.4,55.9670834958613,140968,0.0,1.0
2024-04-17,57.43,58.11,56.615,56.68,56.2449342649897,143355,0.0,1.0
2024-04-16,57.15,57.29,56.3,57.25,56.8105590450011,115065,0.0,1.0
2024-04-15,57.86,58.17,56.451,57.38,56.9395611878107,153848,0.0,1.0
2024-04-12,58.46,58.7568,56.7762,57.51,57.0685633306203,231088,0.0,1.0
2024-04-11,57.7,58.49,56.9601,58.48,58.0311177808151,174166,0.0,1.0
2024-04-10,56.45,57.31,55.9,57.3,56.860175253774,173500,0.0,1.0
2024-04-09,58.37,58.76,56.97,57.34,56.8998682207923,103809,0.0,1.0
2024-04-08,57.72,58.25,57.28,58.06,57.6143416271225,102078,0.0,1.0
2024-04-05,57.19,57.51,56.3904,57.44,56.9991006383382,108559,0.0,1.0
2024-04-04,56.77,58.09,56.035,57.05,56.6120942099093,234898,0.0,1.0
2024-04-03,56.17,56.2509,55.5577,56.15,55.7190024519967,116842,0.0,1.0
2024-04-02,56.11,56.41,55.555,56.21,55.7785419025242,167974,0.0,1.0
2024-04-01,57.33,57.33,56.17,56.42,55.9869299793705,131139,0.0,1.0
2024-03-28,57.49,57.82,57.025,57.37,56.9296379460561,144288,0.19,1.0
2024-03-27,57.13,57.61,57.01,57.32,56.692266279846,122161,0.0,1.0
2024-03-26,57.12,57.12,56.14,56.5,55.8812464202948,112563,0.0,1.0
2024-03-25,56.37,57.08,55.0506,56.62,55.9999322533998,100064,0.0,1.0
2024-03-22,56.35,56.35,55.81,56.02,55.4065030878746,83664,0.0,1.0
2024-03-21,56.25,56.715,55.6948,56.4,55.7823415593739,158266,0.0,1.0
2024-03-20,54.89,56.18,54.3893,55.98,55.3669411435062,122754,0.0,1.0
2024-03-19,53.2,55.28,53.2,54.93,54.328440103837,189586,0.0,1.0
2024-03-18,53.23,53.69,52.73,53.18,52.5976050377217,202725,0.0,1.0
2024-03-15,52.99,53.931,52.99,53.38,52.7954147595635,990465,0.0,1.0
2024-03-14,54.61,54.61,52.96,53.25,52.6668384403663,161709,0.0,1.0
2024-03-13,53.96,54.74,53.47,54.46,53.8635872575089,200515,0.0,1.0
2024-03-12,54.33,54.5,53.79,54.07,53.4778582999175,194103,0.0,1.0
2024-03-11,54.5,54.71,53.52,54.23,53.6361060773909,162374,0.0,1.0
2024-03-08,54.96,55.675,54.5,54.86,54.2592067011924,203153,0.0,1.0
2024-03-07,53.54,54.72,53.2044,53.94,53.3492819807204,175149,0.0,1.0
2024-03-06,54.0,54.23,52.67,53.09,52.5085906628929,178707,0.0,1.0
2024-03-05,54.52,55.02,53.34,53.36,52.7756337873793,142575,0.0,1.0
2024-03-04,55.41,55.54,53.995,54.63,54.0317255210744,143683,0.0,1.0
2024-03-01,55.41,55.96,54.18,55.46,54.8526358667177,156227,0.0,1.0
2024-02-29,55.15,55.57,54.66,55.28,54.6746071170601,139973,0.0,1.0
2024-02-28,53.99,55.05,53.7826,54.63,54.0317255210744,158859,0.0,1.0
2024-02-27,53.29,54.22,52.84,54.17,53.5767631608384,186233,0.0,1.0
2024-02-26,52.34,52.98,52.05,52.84,52.2613285105908,169626,0.0,1.0
2024-02-23,52.5,53.4,51.84,52.75,52.172314135762,199341,0.0,1.0
2024-02-22,56.05,56.27,51.3,52.04,51.4700896232237,322608,0.0,1.0
2024-02-21,54.49,56.57,50.45,56.25,55.6339842679926,249921,0.0,1.0
2024-02-20,53.42,54.48,53.13,53.3,52.7162908708268,185844,0.0,1.0
2024-02-16,54.6,54.7,53.71,54.23,53.6361060773909,154267,0.0,1.0
2024-02-15,52.84,54.7,52.77,54.58,53.982273090614,177868,0.0,1.0
2024-02-14,52.28,52.835,51.42,52.76,52.182204621854,129125,0.0,1.0
2024-02-13,52.7,53.085,51.18,51.6,51.0349082351719,228777,0.0,1.0
2024-02-12,52.21,54.395,52.19,54.03,53.4382963555492,167774,0.0,1.0
2024-02-09,52.21,52.5,51.48,52.25,51.6777898311576,157612,0.0,1.0
2024-02-08,51.41,52.42,51.14,52.33,51.7569137198943,155665,0.0,1.0
2024-02-07,51.36,51.94,50.9,51.62,51.0546892073561,156371,0.0,1.0
2024-02-06,50.9,51.6699,50.8518,51.37,50.8074270550539,136537,0.0,1.0
2024-02-05,51.77,51.99,50.82,51.26,50.6986317080409,134576,0.0,1.0
2024-02-02,52.81,53.09,52.18,52.29,51.7173517755259,130343,0.0,1.0
2024-02-01,53.04,53.54,52.02,52.99,52.4096858019721,160651,0.0,1.0
2024-01-31,54.23,54.35,52.625,52.71,52.1327521913936,160933,0.0,1.0
2024-01-30,52.62,54.41,52.44,54.33,53.7350109383118,135869,0.0,1.0
2024-01-29,52.71,52.9,51.92,52.71,52.1327521913936,129394,0.0,1.0
2024-01-26,52.48,52.93,51.715,52.55,51.9745044139202,129737,0.0,1.0
2024-01-25,52.48,52.7199,51.03,52.07,51.4997610815,152268,0.0,1.0
2024-01-24,52.61,52.945,51.41,51.81,51.2426084431057,109171,0.0,1.0
2024-01-23,53.16,53.6,51.79,52.07,51.4997610815,172380,0.0,1.0
2024-01-22,52.57,53.59,52.17,52.48,51.9052710112756,233351,0.0,1.0
2024-01-19,52.23,53.02,51.31,52.81,52.2316570523145,181504,0.0,1.0
2024-01-18,51.8,52.0261,51.355,52.02,51.4503086510396,167993,0.0,1.0
2024-01-17,51.48,52.37,51.3,51.65,51.0843606656323,218130,0.0,1.0
2024-01-16,52.42,52.82,51.74,52.05,51.4799801093158,203751,0.0,1.0
2024-01-12,53.25,53.25,52.025,52.5,51.9250519834598,196501,0.0,1.0
2024-01-11,53.65,53.693,52.145,52.5,51.9250519834598,284394,0.0,1.0
2024-01-10,53.38,53.966,52.75,53.7,53.1119103145103,155640,0.0,1.0
2024-01-09,54.48,54.48,52.23,53.37,52.7855242734714,186321,0.0,1.0
2024-01-08,55.19,55.19,54.17,55.16,54.5559212839551,177335,0.0,1.0
2024-01-05,56.09,56.47,54.72,54.93,54.328440103837,279240,0.0,1.0
2024-01-04,56.6,56.6,55.8194,56.15,55.5350794070717,203709,0.0,1.0
2024-01-03,57.6,57.75,55.6,56.38,55.7625605871897,304292,0.0,1.0
2024-01-02,57.05,58.35,56.4701,57.64,57.0087618347928,395535,0.0,1.0
2023-12-29,58.21,58.58,57.21,57.54,56.9098569738719,162948,0.19,1.0
2023-12-28,58.15,58.7,57.87,58.42,57.5900544675835,189215,0.0,1.0
2023-12-27,58.04,58.84,57.59,58.57,57.7379234879556,140233,0.0,1.0
2023-12-26,56.91,58.1,56.576,58.01,57.1858791452331,131945,0.0,1.0
2023-12-22,56.08,56.72,55.9436,56.43,55.6283254639805,157364,0.0,1.0
2023-12-21,55.45,56.0926,55.16,55.82,55.0269914478006,164901,0.0,1.0
2023-12-20,55.95,56.77,55.07,55.12,54.3369360193975,239724,0.0,1.0
2023-12-19,55.09,56.46,55.05,56.22,55.4213088354595,216673,0.0,1.0
2023-12-18,55.01,55.39,54.3351,54.95,54.1693511296425,270525,0.0,1.0
2023-12-15,54.75,55.24,53.89,54.74,53.9623345011216,623835,0.0,1.0
2023-12-14,54.61,55.22,53.5,54.4,53.6271647216115,217503,0.0,1.0
2023-12-13,52.85,54.23,51.91,54.17,53.4004322237076,228744,0.0,1.0
2023-12-12,52.89,53.23,52.2,52.83,52.0794689750503,148825,0.0,1.0
2023-12-11,52.84,53.35,52.28,53.07,52.3160594076456,198440,0.0,1.0
2023-12-08,51.9,53.04,51.2895,53.04,52.2864856035712,183162,0.0,1.0
2023-12-07,51.42,52.1207,50.3401,52.06,51.3204080038069,160247,0.0,1.0
2023-12-06,52.61,53.06,50.61,51.23,50.5021994244146,146209,0.0,1.0
2023-12-05,52.04,53.12,51.605,52.61,51.8625944118379,171833,0.0,1.0
2023-12-04,50.69,52.2,50.5,52.2,51.4584190894875,166720,0.0,1.0
2023-12-01,49.98,51.039,49.6722,50.82,50.0980241020643,173805,0.0,1.0
2023-11-30,49.67,49.92,49.14,49.86,49.1516623716829,143350,0.0,1.0
2023-11-29,49.9,50.0199,48.56,49.35,48.6489077024178,168253,0.0,1.0
2023-11-28,50.61,50.6911,49.74,49.74,49.0333671553852,127859,0.0,1.0
2023-11-27,50.96,50.9663,50.22,50.39,49.6741329103309,116420,0.0,1.0
2023-11-24,51.68,52.32,51.035,51.16,50.4331938815743,55203,0.0,1.0
2023-11-22,52.18,52.3,51.45,51.81,51.0739596365201,132275,0.0,1.0
2023-11-21,51.42,52.29,50.85,51.95,51.2119707222007,187407,0.0,1.0
2023-11-20,51.01,51.7099,50.09,51.52,50.7880795304674,160592,0.0,1.0
2023-11-17,51.33,51.56,50.59,50.89,50.1670296449046,167914,0.0,1.0
2023-11-16,51.63,51.63,50.11,50.82,50.0980241020643,180510,0.0,1.0
2023-11-15,52.3,53.6,51.54,52.17,51.4288452854131,191977,0.0,1.0
2023-11-14,50.98,52.65,50.74,52.65,51.9020261506038,220252,0.0,1.0
2023-11-13,49.15,50.33,48.91,49.89,49.1812361757573,206046,0.0,1.0
2023-11-10,48.24,50.0,47.7,49.23,48.5306124861201,204305,0.0,1.0
2023-11-09,46.64,47.8568,46.2209,47.67,46.9927746742504,243183,0.0,1.0
2023-11-08,50.01,50.01,45.07,46.22,45.5633741439868,317904,0.0,1.0
2023-11-07,53.22,53.22,51.93,52.09,51.3499818078813,184868,0.0,1.0
2023-11-06,52.71,53.48,52.55,53.42,52.6610871218472,198842,0.0,1.0
2023-11-03,52.59,53.29,52.31,52.77,52.0203213669014,209350,0.0,1.0
2023-11-02,51.25,52.22,50.9501,51.98,51.2415445262751,132412,0.0,1.0
2023-11-01,50.0,50.8999,49.54,50.74,50.0191606245325,114397,0.0,1.0
2023-10-31,49.74,50.3,49.505,50.13,49.4178266083527,111499,0.0,1.0
2023-10-30,49.79,50.02,49.195,49.61,48.9052140043961,123690,0.0,1.0
2023-10-27,49.34,49.53,48.7,49.31,48.6094759636519,100358,0.0,1.0
2023-10-26,49.45,50.07,49.055,49.5,48.7967767227899,110345,0.0,1.0
2023-10-25,48.75,49.35,48.48,49.19,48.4911807473542,147618,0.0,1.0
2023-10-24,48.79,49.2,48.26,49.03,48.3334537922907,197664,0.0,1.0
2023-10-23,49.09,49.69,48.56,48.81,48.1165792290783,194675,0.0,1.0
2023-10-20,51.32,51.32,49.18,49.26,48.5601862901945,213057,0.0,1.0
2023-10-19,52.18,52.5,51.37,51.49,50.7585057263929,195241,0.0,1.0
2023-10-18,52.25,52.6399,51.97,52.18,51.4387032201046,103528,0.0,1.0
2023-10-17,51.48,53.08,51.48,52.52,51.7738729996146,188797,0.0,1.0
2023-10-16,50.99,51.87,50.99,51.47,50.73878985701,90394,0.0,1.0
2023-10-13,51.02,51.03,50.17,50.51,49.7924281266286,86109,0.0,1.0
2023-10-12,51.9,51.9,49.95,50.7,49.9797288857666,109757,0.0,1.0
2023-10-11,51.93,51.93,51.35,51.88,51.1429651793604,96045,0.0,1.0
2023-10-10,51.65,52.28,51.64,51.73,50.9950961589883,139548,0.0,1.0
2023-10-09,49.87,51.7599,49.87,51.37,50.6402105100953,108311,0.0,1.0
2023-10-06,49.91,50.32,49.26,49.82,49.112230632917,171998,0.0,1.0
2023-10-05,50.33,50.68,49.7,50.11,49.3981107389697,135542,0.0,1.0
2023-10-04,49.88,50.72,49.04,50.52,49.8022860613201,185512,0.0,1.0
2023-10-03,50.44,50.9599,49.81,49.91,49.2009520451402,231579,0.0,1.0
2023-10-02,51.58,51.58,49.66,50.72,49.9994447551495,285135,0.0,1.0
2023-09-29,52.5,52.5,50.7,51.51,50.7782215957759,167200,0.185,1.0
2023-09-28,52.13,52.9,52.13,52.46,51.5296548005494,177318,0.0,1.0
2023-09-27,50.97,52.173,50.97,51.95,51.0286993307004,117471,0.0,1.0
2023-09-26,51.0,51.235,50.4,50.71,49.8106899530282,337683,0.0,1.0
2023-09-25,51.35,51.85,50.9668,51.2,50.2920001103342,190552,0.0,1.0
2023-09-22,52.05,52.53,51.2701,51.36,50.449162610679,154476,0.0,1.0
2023-09-21,51.11,52.1199,50.82,52.01,51.0876352683297,167417,0.0,1.0
2023-09-20,51.24,51.68,50.99,51.15,50.2428868289764,152800,0.0,1.0
2023-09-19,50.78,51.42,50.31,51.0,50.0955469849032,178278,0.0,1.0
2023-09-18,50.55,51.1899,50.41,50.58,49.6829954214981,144722,0.0,1.0
2023-09-15,50.2,50.55,49.415,50.5,49.6044141713257,761795,0.0,1.0
2023-09-14,49.57,50.637,49.57,50.37,49.4767196397955,154409,0.0,1.0
2023-09-13,49.84,49.84,48.5,49.05,48.180129011951,154370,0.0,1.0
2023-09-12,50.06,50.445,49.75,49.84,48.9561188574034,116669,0.0,1.0
2023-09-11,50.45,50.94,49.739,50.0,49.1132813577482,158966,0.0,1.0
2023-09-08,50.44,50.73,50.16,50.34,49.4472516709809,133902,0.0,1.0
2023-09-07,50.6,50.78,49.85,50.5,49.6044141713257,156530,0.0,1.0
2023-09-06,50.27,50.7861,49.86,50.4,49.5061876086102,172569,0.0,1.0
2023-09-05,51.69,52.01,50.02,50.18,49.2900891706361,208827,0.0,1.0
2023-09-01,51.58,52.75,51.58,52.09,51.1662165185021,206929,0.0,1.0
2023-08-31,51.88,52.02,51.29,51.36,50.449162610679,454867,0.0,1.0
2023-08-30,52.3,52.69,51.8,51.89,50.9697633930711,157544,0.0,1.0
2023-08-29,51.95,52.39,51.2,52.35,51.4216055815624,170445,0.0,1.0
2023-08-28,51.51,52.24,51.51,51.93,51.0090540181573,140099,0.0,1.0
2023-08-25,51.26,51.4,50.34,51.31,50.4000493293212,217230,0.0,1.0
2023-08-24,51.43,51.595,50.82,51.3,50.3902266730497,182610,0.0,1.0
2023-08-23,50.56,51.515,50.1,51.4,50.4884532357652,165466,0.0,1.0
2023-08-22,51.0,51.37,50.12,50.72,49.8205126092998,193571,0.0,1.0
2023-08-21,51.95,52.18,50.58,50.95,50.0464337035454,209021,0.0,1.0
2023-08-18,49.81,51.79,49.81,51.69,50.7733102676401,199704,0.0,1.0
2023-08-17,49.83,51.11,49.53,50.23,49.3392024519939,369709,0.0,1.0
2023-08-16,50.04,50.46,49.22,49.59,48.7105524506147,354961,0.0,1.0
2023-08-15,51.01,51.15,49.75,49.9,49.0150547950327,269948,0.0,1.0
2023-08-14,52.16,52.16,51.2,51.38,50.4688079232221,228675,0.0,1.0
2023-08-11,52.43,52.605,51.87,52.34,51.4117829252908,200583,0.0,1.0
2023-08-10,52.65,53.24,51.64,52.4,51.4707188629201,423544,0.0,1.0
2023-08-09,52.43,52.75,51.87,52.5,51.5689454256356,296825,0.0,1.0
2023-08-08,51.67,52.29,50.67,52.2,51.2742657374891,228579,0.0,1.0
2023-08-07,52.62,53.45,51.95,52.11,51.1858618310452,321012,0.0,1.0
2023-08-04,52.71,53.37,52.1,53.01,52.0699008954847,343964,0.0,1.0
2023-08-03,50.8,52.8,50.06,52.71,51.7752212073382,308058,0.0,1.0
2023-08-02,49.97,52.03,46.98,49.9,49.0150547950327,399845,0.0,1.0
2023-08-01,48.6,49.87,47.9806,49.75,48.8677149509595,209556,0.0,1.0
2023-07-31,49.79,49.88,48.68,48.82,47.9542079177054,207044,0.0,1.0
2023-07-28,49.74,49.97,49.41,49.55,48.6712618255285,128819,0.0,1.0
2023-07-27,49.0,49.515,48.72,49.24,48.3667594811104,149273,0.0,1.0
2023-07-26,48.67,48.93,48.49,48.88,48.0131438553347,116854,0.0,1.0
2023-07-25,48.36,48.9419,48.26,48.65,47.787222761089,118740,0.0,1.0
2023-07-24,47.65,48.99,47.575,48.35,47.4925430729425,200448,0.0,1.0
2023-07-21,48.75,48.75,47.52,47.77,46.9228290091926,172391,0.0,1.0
2023-07-20,48.47,48.74,47.825,48.31,47.4532524478563,156807,0.0,1.0
2023-07-19,48.58,48.63,47.71,48.2,47.3452032288693,175279,0.0,1.0
2023-07-18,47.8,48.84,47.77,48.38,47.5220110417572,155205,0.0,1.0
2023-07-17,46.77,48.09,46.61,47.8,46.9522969780073,155652,0.0,1.0
2023-07-14,47.45,47.45,46.3303,46.65,45.8226915067791,106657,0.0,1.0
2023-07-13,46.96,47.455,46.525,47.41,46.5692133834169,120234,0.0,1.0
2023-07-12,47.7,48.0,46.79,46.93,46.0977258823825,157882,0.0,1.0
2023-07-11,46.91,47.61,46.53,46.97,46.1370165074687,93237,0.0,1.0
2023-07-10,46.49,47.38,46.02,46.51,45.6851743189774,166296,0.0,1.0
2023-07-07,45.86,47.26,45.805,46.68,45.8521594755937,144417,0.0,1.0
2023-07-06,47.08,47.712,44.85,45.59,44.7814899419948,297838,0.0,1.0
2023-07-05,47.87,48.0,46.965,47.53,46.6870852586755,257674,0.0,1.0
2023-07-03,46.35,47.89,45.89,47.87,47.0210555719081,145751,0.0,1.0
2023-06-30,45.75,46.63,45.49,46.15,45.3315586932016,175687,0.185,1.0
2023-06-29,45.62,46.78,45.41,45.7,44.7103103977406,158643,0.0,1.0
2023-06-28,45.15,45.69,44.63,45.56,44.5733422696075,132204,0.0,1.0
2023-06-27,44.26,45.28,44.235,45.2,44.2211385115509,115191,0.0,1.0
2023-06-26,45.18,45.54,42.95,44.44,43.4775972445425,238292,0.0,1.0
2023-06-23,44.44,45.4,44.055,45.24,44.2602722624461,391293,0.0,1.0
2023-06-22,45.6,45.6,44.41,44.93,43.9569856930085,208062,0.0,1.0
2023-06-21,44.7,45.16,44.32,44.97,43.9961194439037,211924,0.0,1.0
2023-06-20,44.95,45.19,43.94,44.73,43.7613169385326,334633,0.0,1.0
2023-06-16,44.58,45.73,43.82,44.95,43.9765525684561,1827813,0.0,1.0
2023-06-15,44.34,44.83,44.1,44.32,43.360195991857,255961,0.0,1.0
2023-06-14,45.58,45.7,44.15,44.54,43.5754316217805,405007,0.0,1.0
2023-06-13,45.0,45.809,44.92,45.34,44.3581066396841,307520,0.0,1.0
2023-06-12,43.61,45.35,43.61,45.02,44.0450366325226,273870,0.0,1.0
2023-06-09,43.85,44.59,43.35,44.57,43.6047819349519,232929,0.0,1.0
2023-06-08,43.27,43.89,42.75,43.88,42.9297247320101,260427,0.0,1.0
2023-06-07,42.57,43.825,42.16,43.41,42.4699031589917,249820,0.0,1.0
2023-06-06,40.98,42.37,40.905,42.22,41.3056740698602,337334,0.0,1.0
2023-06-05,41.03,41.51,40.4,40.98,40.0925277921097,238559,0.0,1.0
2023-06-02,39.82,41.44,39.82,41.33,40.4349481124425,283426,0.0,1.0
2023-06-01,38.99,39.765,38.53,39.35,38.4978274431312,192791,0.0,1.0
2023-05-31,40.32,40.6,38.89,39.01,38.1651905605222,228723,0.0,1.0
2023-05-30,40.89,41.19,39.36,40.54,39.6620565322627,111899,0.0,1.0
2023-05-26,40.57,41.212,40.13,41.07,40.1805787316238,129339,0.0,1.0
2023-05-25,40.5,40.65,39.46,40.57,39.6914068454341,164304,0.0,1.0
2023-05-24,41.19,41.35,40.38,40.77,39.88707559991,156763,0.0,1.0
2023-05-23,40.6,41.94,40.38,41.3,40.4055977992711,232630,0.0,1.0
2023-05-22,40.0,41.39,39.59,40.74,39.8577252867386,346259,0.0,1.0
2023-05-19,38.9,39.96,38.16,39.9,39.0359165179399,402313,0.0,1.0
2023-05-18,37.79,38.44,37.49,38.4,37.5684008593707,173303,0.0,1.0
2023-05-17,37.4,38.08,37.08,37.92,37.0987958486286,284399,0.0,1.0
2023-05-16,37.81,38.13,37.11,37.18,36.3748214570678,324434,0.0,1.0
2023-05-15,37.77,38.31,37.415,38.0,37.1770633504189,195403,0.0,1.0
2023-05-12,37.36,37.89,37.0619,37.62,36.8052927169147,205752,0.0,1.0
2023-05-11,35.69,37.44,35.69,37.29,36.4824392720295,286495,0.0,1.0
2023-05-10,37.0,37.0,35.97,36.22,35.4356114355835,337698,0.0,1.0
2023-05-09,36.92,37.0,36.26,36.56,35.7682483181925,194860,0.0,1.0
2023-05-08,37.66,38.03,37.05,37.12,36.316120830725,214785,0.0,1.0
2023-05-05,37.28,37.765,37.15,37.48,36.6683245887816,359789,0.0,1.0
2023-05-04,39.76,39.82,36.51,36.77,35.9737005103922,544328,0.0,1.0
2023-05-03,39.56,40.89,36.55,39.85,38.9869993293209,622630,0.0,1.0
2023-05-02,44.34,44.34,43.3075,43.88,42.9297247320101,222709,0.0,1.0
2023-05-01,44.7,45.49,44.52,44.74,43.7711003762564,188466,0.0,1.0
2023-04-28,43.89,44.82,43.89,44.7,43.7319666253612,297530,0.0,1.0
2023-04-27,44.25,44.84,43.72,44.08,43.1253934864859,317619,0.0,1.0
2023-04-26,43.17,44.28,43.17,44.02,43.0666928601432,300464,0.0,1.0
2023-04-25,43.6,43.985,42.76,43.48,42.5383872230583,335170,0.0,1.0
2023-04-24,43.67,44.5,43.52,44.06,43.1058266110384,161915,0.0,1.0
2023-04-21,43.84,44.42,43.67,44.2,43.2427947391715,180469,0.0,1.0
2023-04-20,43.74,43.95,43.305,43.82,42.8710241056673,200971,0.0,1.0
2023-04-19,43.26,43.97,42.73,43.96,43.0079922338004,268550,0.0,1.0
2023-04-18,42.13,43.26,42.13,43.24,42.3035847176872,231532,0.0,1.0
2023-04-17,41.44,42.14,41.29,42.13,41.217623130346,124940,0.0,1.0
2023-04-14,41.3,41.6,41.12,41.49,40.5914831160232,104064,0.0,1.0
2023-04-13,41.23,41.25,40.745,41.22,40.3273302974807,133976,0.0,1.0
2023-04-12,41.03,41.51,40.64,41.13,40.2392793579666,100201,0.0,1.0
2023-04-11,40.26,41.23,40.1,40.8,39.9164259130814,145083,0.0,1.0
2023-04-10,39.47,40.2,39.36,40.13,39.2609355855871,201007,0.0,1.0
2023-04-06,39.67,39.67,39.05,39.34,38.4880440054074,143083,0.0,1.0
2023-04-05,40.48,40.74,39.13,39.51,38.6543624467119,176210,0.0,1.0
2023-04-04,41.67,41.86,40.15,40.61,39.7305405963293,226323,0.0,1.0
2023-04-03,41.56,42.0,41.29,41.73,40.8262856213942,316941,0.0,1.0
2023-03-31,40.98,41.64,40.75,41.32,40.4251646747187,317366,0.185,1.0
2023-03-30,41.85,42.0199,40.53,40.81,39.7482464853697,146154,0.0,1.0
2023-03-29,42.07,42.07,41.31,41.58,40.498213400188,177578,0.0,1.0
2023-03-28,40.67,42.21,40.53,41.63,40.5469125505009,169107,0.0,1.0
2023-03-27,40.58,40.95,40.115,40.78,39.719026995182,155658,0.0,1.0
2023-03-24,38.6,40.03,38.5,40.03,38.9885397404888,161529,0.0,1.0
2023-03-23,39.8,40.45,38.87,39.21,38.1898736753577,247523,0.0,1.0
2023-03-22,40.28,40.826,39.58,39.59,38.5599872177355,224516,0.0,1.0
2023-03-21,40.02,40.36,39.49,40.29,39.2417753221158,362577,0.0,1.0
2023-03-20,38.5,39.97,38.02,39.17,38.1509143551074,459200,0.0,1.0
2023-03-17,39.36,39.54,37.44,38.15,37.1574516887247,1053309,0.0,1.0
2023-03-16,38.92,39.73,38.04,39.68,38.6476456882987,257010,0.0,1.0
2023-03-15,39.96,40.44,38.52,39.59,38.5599872177355,342573,0.0,1.0
2023-03-14,41.06,42.0,40.33,41.02,39.9527829166838,273853,0.0,1.0
2023-03-13,41.05,41.33,39.74,40.02,38.9787999104263,272225,0.0,1.0
2023-03-10,43.2,43.255,41.3161,41.72,40.634571021064,228165,0.0,1.0
2023-03-09,44.47,44.56,43.34,43.41,42.2806023016393,171930,0.0,1.0
2023-03-08,44.0,44.49,43.51,44.46,43.3032844582097,182777,0.0,1.0
2023-03-07,44.48,44.48,43.34,43.91,42.767593804768,266197,0.0,1.0
2023-03-06,45.82,45.89,44.13,44.35,43.1961463275213,266626,0.0,1.0
2023-03-03,46.31,46.48,45.7333,46.32,45.1148928498487,234115,0.0,1.0
2023-03-02,45.75,46.48,45.5001,46.4,45.1928114903493,313774,0.0,1.0
2023-03-01,45.63,46.06,45.36,46.04,44.8421776080966,235190,0.0,1.0
2023-02-28,45.26,46.13,44.975,45.63,44.442844575531,592035,0.0,1.0
2023-02-27,45.62,45.99,44.755,45.28,44.1019505233408,192705,0.0,1.0
2023-02-24,44.04,45.45,43.69,45.44,44.2577878043421,290613,0.0,1.0
2023-02-23,44.27,45.04,43.83,44.24,43.089008196833,249731,0.0,1.0
2023-02-22,44.71,44.9,43.86,44.16,43.0110895563324,324773,0.0,1.0
2023-02-21,44.78,44.925,43.88,44.42,43.2643251379594,289336,0.0,1.0
2023-02-17,44.78,45.25,44.01,45.21,44.0337717129028,286052,0.0,1.0
2023-02-16,43.48,45.72,42.75,44.74,43.5759996999618,508474,0.0,1.0
2023-02-15,39.17,43.88,38.8954,43.58,42.4461794127031,542996,0.0,1.0
2023-02-14,38.32,38.6499,37.6,37.9,36.9139559371603,242209,0.0,1.0
2023-02-13,38.19,38.38,37.8,38.33,37.332768629851,132410,0.0,1.0
2023-02-10,37.35,38.18,37.32,38.06,37.0697932181615,98563,0.0,1.0
2023-02-09,38.17,38.51,37.14,37.24,36.2711271530303,140014,0.0,1.0
2023-02-08,38.22,38.445,37.85,37.95,36.9626550874732,211661,0.0,1.0
2023-02-07,38.37,38.7,38.065,38.49,37.4886059108522,158757,0.0,1.0
2023-02-06,37.83,38.66,37.825,38.63,37.6249635317283,162094,0.0,1.0
2023-02-03,37.64,38.2,37.31,37.86,36.87499661691,198558,0.0,1.0
2023-02-02,37.15,37.74,36.8547,37.64,36.6607203555333,139190,0.0,1.0
2023-02-01,36.61,37.52,36.435,37.22,36.2516474929052,184761,0.0,1.0
2023-01-31,35.89,37.0,35.85,36.78,35.8230949701519,168626,0.0,1.0
2023-01-30,36.11,36.37,35.56,35.73,34.8004128135815,131349,0.0,1.0
2023-01-27,36.84,37.095,36.0844,36.09,35.1510466958342,103671,0.0,1.0
2023-01-26,36.58,36.97,35.95,36.96,35.9984119112782,111114,0.0,1.0
2023-01-25,35.94,36.49,35.46,36.47,35.521160238212,149728,0.0,1.0
2023-01-24,35.71,36.185,35.56,35.83,34.8978111142072,82482,0.0,1.0
2023-01-23,35.82,36.34,35.579,35.86,34.9270306043949,97470,0.0,1.0
2023-01-20,36.08,36.22,35.22,35.8,34.8685916240195,135389,0.0,1.0
2023-01-19,35.73,36.18,35.5,35.72,34.7906729835189,108044,0.0,1.0
2023-01-18,36.68,37.16,35.75,35.75,34.8198924737066,137696,0.0,1.0
2023-01-17,35.95,36.81,35.76,36.61,35.6575178590881,144210,0.0,1.0
2023-01-13,35.35,36.2,35.2509,36.04,35.1023475455213,110939,0.0,1.0
2023-01-12,34.95,35.56,34.685,35.39,34.4692585914539,112464,0.0,1.0
2023-01-11,34.45,35.24,34.45,34.83,33.9238281079497,166544,0.0,1.0
2023-01-10,34.24,34.4788,34.0,34.26,33.3686577943829,191398,0.0,1.0
2023-01-09,34.65,34.65,33.94,34.07,33.183601023194,143422,0.0,1.0
2023-01-06,33.92,34.75,33.92,34.53,33.6316332060724,181905,0.0,1.0
2023-01-05,33.85,34.04,33.44,33.47,32.5992112194394,143106,0.0,1.0
2023-01-04,33.95,34.37,33.58,33.97,33.0862027225682,250006,0.0,1.0
2023-01-03,35.26,35.29,33.93,33.97,33.0862027225682,176396,0.0,1.0
2022-12-30,35.08,35.5,34.6257,34.99,34.0796653889509,141887,0.185,1.0
2022-12-29,35.11,35.92,35.11,35.44,34.3364134011207,142043,0.0,1.0
2022-12-28,36.63,36.83,35.06,35.07,33.9779350445063,156166,0.0,1.0
2022-12-27,36.29,36.64,36.055,36.64,35.4990459090593,147159,0.0,1.0
2022-12-23,35.53,36.08,35.39,36.02,34.8983524466243,114986,0.0,1.0
2022-12-22,35.78,35.935,34.98,35.53,34.4236108392161,289078,0.0,1.0
2022-12-21,35.66,36.03,35.1,36.03,34.9080410508572,205915,0.0,1.0
2022-12-20,35.2,35.7,34.99,35.36,34.2589045672581,178134,0.0,1.0
2022-12-19,34.06,35.22,34.04,35.1,34.0070008572047,233642,0.0,1.0
2022-12-16,33.6,34.7,33.2,33.98,32.9218771831287,1527105,0.0,1.0
2022-12-15,34.23,34.49,33.91,33.96,32.902499974663,268096,0.0,1.0
2022-12-14,34.68,35.51,34.6,34.62,33.5419478540293,358052,0.0,1.0
2022-12-13,35.78,36.39,35.0,35.02,33.9294920233421,245198,0.0,1.0
2022-12-12,35.38,35.44,34.635,35.42,34.317036192655,259416,0.0,1.0
2022-12-09,35.28,35.76,34.99,35.3,34.2007729418612,140777,0.0,1.0
2022-12-08,35.66,36.2,35.09,35.41,34.3073475884222,159876,0.0,1.0
2022-12-07,35.55,36.1139,35.26,35.33,34.2298387545596,226747,0.0,1.0
2022-12-06,35.01,35.5,34.86,35.48,34.3751678180519,164767,0.0,1.0
2022-12-05,36.34,36.41,34.8,35.06,33.9682464402734,168806,0.0,1.0
2022-12-02,36.69,37.2,36.27,36.41,35.2762080117044,154804,0.0,1.0
2022-12-01,38.62,38.69,37.06,37.07,35.9156558910706,203904,0.0,1.0
2022-11-30,37.94,38.6,36.79,38.5,37.3011262963642,235165,0.0,1.0
2022-11-29,37.69,38.05,37.36,37.62,36.4485291238758,400126,0.0,1.0
2022-11-28,36.99,37.93,36.99,37.4,36.2353798307538,175524,0.0,1.0
2022-11-25,37.66,38.07,37.39,37.42,36.2547570392194,93666,0.0,1.0
2022-11-23,38.1,38.36,37.62,37.96,36.7779416677918,79968,0.0,1.0
2022-11-22,37.5,38.15,37.5,38.09,36.9038935228185,109460,0.0,1.0
2022-11-21,36.6,37.54,36.53,37.52,36.3516430815476,116906,0.0,1.0
2022-11-18,38.09,38.09,36.56,36.83,35.6831293894829,168703,0.0,1.0
2022-11-17,36.69,37.655,36.21,37.56,36.3903974984789,147902,0.0,1.0
2022-11-16,37.78,37.85,36.9,37.21,36.0512963503301,134550,0.0,1.0
2022-11-15,37.88,38.32,37.11,38.11,36.9232707312841,209966,0.0,1.0
2022-11-14,36.8,38.37,36.8,37.44,36.274134247685,179199,0.0,1.0
2022-11-11,37.35,37.49,36.57,37.26,36.0997393714942,171261,0.0,1.0
2022-11-10,36.37,37.715,36.23,36.97,35.8187698487424,207181,0.0,1.0
2022-11-09,37.41,37.41,35.03,35.4,34.2976589841894,194613,0.0,1.0
2022-11-08,38.45,38.69,37.52,37.83,36.6519898127651,157867,0.0,1.0
2022-11-07,37.42,38.46,37.42,38.3,37.1073542117077,191098,0.0,1.0
2022-11-04,36.81,38.0,36.67,37.4,36.2353798307538,226765,0.0,1.0
2022-11-03,36.01,36.89,36.01,36.71,35.566866138689,229142,0.0,1.0
2022-11-02,35.58,37.49,35.17,36.53,35.3924712624983,482287,0.0,1.0
2022-11-01,35.8,36.055,35.01,35.07,33.9779350445063,223952,0.0,1.0
2022-10-31,35.05,35.595,34.79,35.27,34.1717071291627,250155,0.0,1.0
2022-10-28,34.59,35.27,33.86,34.98,33.8907376064109,296292,0.0,1.0
2022-10-27,36.06,36.12,34.5,34.52,33.4450618117011,277420,0.0,1.0
2022-10-26,36.0,36.65,35.63,35.83,34.7142689662007,252268,0.0,1.0
2022-10-25,34.97,35.73,34.71,35.7,34.588317111174,159189,0.0,1.0
2022-10-24,35.53,35.7,34.71,35.1,34.0070008572047,151487,0.0,1.0
2022-10-21,34.28,35.3,34.03,35.26,34.1620185249299,209768,0.0,1.0
2022-10-20,34.2,34.64,33.755,34.02,32.96063160006,151667,0.0,1.0
2022-10-19,33.64,34.21,33.5605,34.17,33.1059606635523,111088,0.0,1.0
2022-10-18,34.47,34.645,33.425,33.85,32.795925328102,172008,0.0,1.0
2022-10-17,33.84,34.415,33.56,34.0,32.9412543915943,152644,0.0,1.0
2022-10-14,34.61,34.85,32.93,33.25,32.2146090741327,211480,0.0,1.0
2022-10-13,32.05,34.66,31.91,34.57,33.4935048328652,268592,0.0,1.0
2022-10-12,32.87,33.04,32.16,32.65,31.6332928201634,162464,0.0,1.0
2022-10-11,32.75,33.59,32.535,32.92,31.8948851344496,226948,0.0,1.0
2022-10-10,32.11,32.85,31.76,32.55,31.5364067778351,153689,0.0,1.0
2022-10-07,31.98,32.28,31.605,31.85,30.8582044815376,388073,0.0,1.0
2022-10-06,32.44,32.93,32.1,32.18,31.1779284212207,150921,0.0,1.0
2022-10-05,32.75,33.28,31.51,32.73,31.7108016540259,174574,0.0,1.0
2022-10-04,32.4,33.505,32.4,33.13,32.0983458233388,191602,0.0,1.0
2022-10-03,31.31,32.2212,31.295,32.0,31.0035335450299,166809,0.0,1.0
2022-09-30,30.44,31.85,30.44,31.03,30.0637389344462,416180,0.18,1.0
2022-09-29,31.43,31.47,30.28,30.72,29.5917353433575,180312,0.0,1.0
2022-09-28,31.32,31.98,31.13,31.71,30.5453752518837,182266,0.0,1.0
2022-09-27,30.63,31.57,30.43,31.41,30.2563934614212,293336,0.0,1.0
2022-09-26,30.35,31.125,30.0,30.34,29.225691742105,274859,0.0,1.0
2022-09-23,31.35,31.35,29.995,30.4,29.2834881001975,279747,0.0,1.0
2022-09-22,32.48,32.812,31.91,31.96,30.7861934106024,134982,0.0,1.0
2022-09-21,33.25,33.57,32.56,32.57,31.3737897178761,129238,0.0,1.0
2022-09-20,33.03,33.03,32.315,32.97,31.7590987718261,144063,0.0,1.0
2022-09-19,32.14,33.53,32.14,33.41,32.182938731171,177457,0.0,1.0
2022-09-16,32.45,32.88,32.05,32.46,31.2678297280399,384469,0.0,1.0
2022-09-15,33.14,33.39,32.41,32.54,31.3448915388299,188543,0.0,1.0
2022-09-14,34.12,34.595,32.83,33.35,32.1251423730786,280690,0.0,1.0
2022-09-13,34.58,35.185,33.98,34.06,32.8090659438397,172623,0.0,1.0
2022-09-12,35.9,35.93,35.11,35.24,33.9457276529921,193979,0.0,1.0
2022-09-09,34.86,35.56,34.47,35.55,34.2443421698034,160889,0.0,1.0
2022-09-08,34.54,34.57,34.02,34.49,33.223273176836,148984,0.0,1.0
2022-09-07,34.01,34.77,33.69,34.7,33.4255604301597,231896,0.0,1.0
2022-09-06,36.47,36.47,33.96,34.23,32.9728222917685,425301,0.0,1.0
2022-09-02,37.54,37.6737,36.1,36.35,35.0149602777033,196345,0.0,1.0
2022-09-01,36.81,37.2851,36.45,37.2,35.833742017347,255475,0.0,1.0
2022-08-31,37.17,37.56,36.44,37.03,35.6699856694183,186507,0.0,1.0
2022-08-30,40.3,40.35,37.0473,37.2,35.833742017347,274524,0.0,1.0
2022-08-29,39.71,40.92,39.54,40.51,39.022174438783,193510,0.0,1.0
2022-08-26,40.44,40.51,39.71,40.12,38.6464981111817,179937,0.0,1.0
2022-08-25,39.42,40.5883,39.42,40.23,38.752458101018,166273,0.0,1.0
2022-08-24,40.1,40.23,39.11,39.42,37.9722072667693,175199,0.0,1.0
2022-08-23,38.81,40.28,38.81,40.17,38.6946617429255,426236,0.0,1.0
2022-08-22,38.52,39.06,38.32,38.7,37.2786509696594,215603,0.0,1.0
2022-08-19,38.76,38.89,38.24,38.82,37.3942436858444,181546,0.0,1.0
2022-08-18,38.25,39.18,38.06,39.01,37.5772654864706,144160,0.0,1.0
2022-08-17,38.59,38.67,37.66,38.14,36.7392182941294,149182,0.0,1.0
2022-08-16,38.09,38.904,38.05,38.79,37.3653455067981,202353,0.0,1.0
2022-08-15,39.0,39.0,37.6845,38.15,36.7488510204782,203927,0.0,1.0
2022-08-12,38.63,39.32,38.45,39.24,37.7988181924918,162360,0.0,1.0
2022-08-11,38.15,39.0,38.07,38.56,37.1437928007769,179366,0.0,1.0
2022-08-10,37.81,38.24,37.18,37.87,36.4791346827132,269676,0.0,1.0
2022-08-09,37.84,38.52,37.47,37.78,36.3924401455744,277648,0.0,1.0
2022-08-08,38.25,38.975,37.63,37.9,36.5080328617594,234666,0.0,1.0
2022-08-05,38.0,38.83,37.59,37.95,36.5561964935032,279254,0.0,1.0
2022-08-04,41.4,41.5,38.12,38.16,36.7584837468269,373802,0.0,1.0
2022-08-03,39.25,42.665,38.76,41.06,39.5519743879642,652995,0.0,1.0
2022-08-02,35.91,37.06,35.5,36.74,35.3906366053045,387562,0.0,1.0
2022-08-01,35.95,36.4,35.18,36.0,34.6778148554971,255508,0.0,1.0
2022-07-29,35.21,36.21,34.87,36.17,34.8415712034258,264928,0.0,1.0
2022-07-28,35.0,35.39,34.165,35.2,33.9071967475972,173124,0.0,1.0
2022-07-27,33.32,35.1,33.0,34.92,33.6374804098322,314553,0.0,1.0
2022-07-26,33.01,33.71,32.69,33.59,32.3563278054485,278940,0.0,1.0
2022-07-25,32.23,32.97,32.15,32.8,31.5953424238973,140171,0.0,1.0
2022-07-22,32.37,32.53,31.72,32.0,30.8247243159974,145748,0.0,1.0
2022-07-21,32.28,32.325,31.33,32.24,31.0559097483674,153900,0.0,1.0
2022-07-20,31.92,32.72,31.83,32.65,31.4508515286661,217403,0.0,1.0
2022-07-19,31.3,32.1,31.3,31.98,30.8054588632999,220562,0.0,1.0
2022-07-18,31.33,31.92,30.8114,31.01,29.8710844074712,244076,0.0,1.0
2022-07-15,30.42,30.96,29.81,30.94,29.80365532303,226845,0.0,1.0
2022-07-14,30.12,30.2485,29.35,29.72,28.6284627084826,160371,0.0,1.0
2022-07-13,30.15,31.085,30.055,30.72,29.5917353433575,358623,0.0,1.0
2022-07-12,30.6,30.82,30.0497,30.42,29.302753552895,164523,0.0,1.0
2022-07-11,30.46,31.1,30.37,30.6,29.4761426271725,185538,0.0,1.0
2022-07-08,31.28,31.56,30.51,30.76,29.6302662487525,153682,0.0,1.0
2022-07-07,31.03,31.62,30.86,31.1,29.95777894461,293459,0.0,1.0
2022-07-06,31.11,31.41,30.06,30.53,29.4087135427313,281670,0.0,1.0
2022-07-05,32.44,32.75,30.885,31.26,30.11190256619,345412,0.0,1.0
2022-07-01,32.78,33.06,31.82,32.97,31.7590987718261,207733,0.0,1.0
2022-06-30,32.16,33.28,32.01,32.99,31.7783642245236,265009,0.18,1.0
2022-06-29,33.21,33.31,32.32,32.81,31.4334678989032,226707,0.0,1.0
2022-06-28,33.58,34.4899,32.81,33.05,31.6633987826501,207382,0.0,1.0
2022-06-27,32.78,33.62,32.46,33.19,31.7975251315025,293388,0.0,1.0
2022-06-24,32.11,32.9,32.0,32.45,31.0885715732828,749986,0.0,1.0
2022-06-23,33.5,33.6249,31.47,32.15,30.8011579685991,432669,0.0,1.0
2022-06-22,34.22,34.87,33.435,33.49,32.0849387361862,282206,0.0,1.0
2022-06-21,34.23,35.54,34.0484,34.97,33.5028458526256,281403,0.0,1.0
2022-06-17,35.74,35.84,33.75,33.81,32.3915132478487,775206,0.0,1.0
2022-06-16,36.13,36.395,35.1686,35.38,33.8956444456932,260246,0.0,1.0
2022-06-15,36.72,37.23,36.12,36.62,35.0836206783857,404871,0.0,1.0
2022-06-14,36.13,36.67,35.515,36.38,34.8536897946388,229943,0.0,1.0
2022-06-13,36.32,36.88,35.59,35.82,34.3171843992293,229782,0.0,1.0
2022-06-10,37.75,38.16,36.89,37.28,35.7159306086898,180143,0.0,1.0
2022-06-09,38.65,38.95,37.82,37.86,36.2715969110782,191638,0.0,1.0
2022-06-08,39.48,39.48,38.64,38.65,37.0284527367451,179729,0.0,1.0
2022-06-07,39.64,40.35,39.23,39.6,37.9385958182434,270224,0.0,1.0
2022-06-06,39.39,40.1791,39.23,39.9,38.2260094229271,352049,0.0,1.0
2022-06-03,38.58,39.09,38.19,38.94,37.3062858879393,238863,0.0,1.0
2022-06-02,37.45,39.2,37.18,38.57,36.9518091088295,298480,0.0,1.0
2022-06-01,37.69,37.86,36.145,37.35,35.7829937831159,418858,0.0,1.0
2022-05-31,37.35,38.5928,37.19,37.61,36.0320855738418,402005,0.0,1.0
2022-05-27,37.06,37.35,36.42,37.19,35.6297065272847,240427,0.0,1.0
2022-05-26,37.18,37.59,36.78,37.14,35.5818042598374,208497,0.0,1.0
2022-05-25,36.51,37.18,35.47,36.79,35.2464883877064,326838,0.0,1.0
2022-05-24,36.8,37.63,35.38,36.51,34.9782356900017,352299,0.0,1.0
2022-05-23,35.25,37.6871,35.19,37.37,35.8021546900949,412428,0.0,1.0
2022-05-20,38.27,38.43,34.64,35.0,33.5315872130939,622098,0.0,1.0
2022-05-19,37.08,38.48,36.36,38.17,36.5685909692513,509189,0.0,1.0
2022-05-18,38.11,38.36,36.72,37.32,35.7542524226476,424451,0.0,1.0
2022-05-17,38.56,39.11,38.125,38.61,36.9901309227873,318444,0.0,1.0
2022-05-16,38.29,39.39,37.82,38.27,36.6643955041458,415282,0.0,1.0
2022-05-13,37.71,39.18,37.71,38.27,36.6643955041458,448238,0.0,1.0
2022-05-12,36.23,37.63,36.23,37.43,35.8596374110316,432895,0.0,1.0
2022-05-11,37.31,37.75,36.09,36.37,34.8441093411493,540015,0.0,1.0
2022-05-10,38.75,39.68,36.88,37.22,35.658447887753,591877,0.0,1.0
2022-05-09,37.61,39.04,37.35,38.41,36.7985218529982,657618,0.0,1.0
2022-05-06,40.4,40.83,38.3,38.73,37.1050963646608,1235455,0.0,1.0
2022-05-05,38.005,41.13,37.55,40.79,39.0786697834886,1664391,0.0,1.0
2022-05-04,43.78,44.57,33.5,38.2,36.5973323297197,3499127,0.0,1.0
2022-05-03,51.11,52.3,50.49,52.21,50.0195476684467,400911,0.0,1.0
2022-05-02,50.32,51.98,49.97,51.42,49.2626918427797,377253,0.0,1.0
2022-04-29,50.63,51.56,49.8373,50.23,48.1226178775345,299366,0.0,1.0
2022-04-28,52.91,53.21,50.27,50.79,48.659123272944,269630,0.0,1.0
2022-04-27,50.77,53.06,50.07,52.14,49.9524844940205,513372,0.0,1.0
2022-04-26,52.18,52.48,50.51,50.52,48.4004510287287,379155,0.0,1.0
2022-04-25,51.61,52.66,50.22,51.66,49.4926227265266,613572,0.0,1.0
2022-04-22,55.63,55.63,52.1,52.61,50.4027658080249,626071,0.0,1.0
2022-04-21,58.04,59.0,55.4,55.65,53.3152236688193,579842,0.0,1.0
2022-04-20,56.74,58.375,56.46,58.03,55.5953715993097,361709,0.0,1.0
2022-04-19,56.29,56.76,54.845,56.26,53.8996313316761,481946,0.0,1.0
2022-04-18,58.31,58.53,56.09,56.46,54.0912404014652,581977,0.0,1.0
2022-04-14,57.18,58.94,57.1374,58.39,55.9402679249301,609205,0.0,1.0
2022-04-13,56.38,57.86,55.8,57.56,55.1450902853053,567441,0.0,1.0
2022-04-12,55.13,57.23,55.01,56.05,53.6984418083975,667249,0.0,1.0
2022-04-11,54.6,55.67,53.92,54.51,52.2230519710214,575317,0.0,1.0
2022-04-08,52.86,54.53,52.8598,54.0,51.7344488430592,595710,0.0,1.0
2022-04-07,50.19,52.81,50.19,52.69,50.4794094359405,605548,0.0,1.0
2022-04-06,49.34,51.23,49.03,50.2,48.0938765170661,645242,0.0,1.0
2022-04-05,49.62,50.5052,49.335,49.47,47.3945034123359,335840,0.0,1.0
2022-04-04,50.25,50.3699,48.8999,49.56,47.480727493741,428417,0.0,1.0
2022-04-01,50.38,50.98,49.51,50.0,47.902267447277,451835,0.0,1.0
2022-03-31,50.65,51.98,50.19,50.26,48.1513592380029,582495,0.18,1.0
2022-03-30,51.44,51.8758,50.91,51.24,48.9150604154494,199567,0.0,1.0
2022-03-29,51.73,52.2069,50.15,51.14,48.8195977682686,657769,0.0,1.0
2022-03-28,55.0,55.1351,52.34,52.84,50.4424627703424,599691,0.0,1.0
2022-03-25,52.36,55.38,52.01,55.21,52.7049275085277,536108,0.0,1.0
2022-03-24,49.79,52.07,49.24,51.78,49.4305587102258,739460,0.0,1.0
2022-03-23,48.5,49.64,48.27,49.44,47.1967327661947,409787,0.0,1.0
2022-03-22,47.56,48.4099,47.05,48.22,46.0320884705888,330230,0.0,1.0
2022-03-21,45.95,48.3699,45.95,47.36,45.2111097048338,400872,0.0,1.0
2022-03-18,45.1,45.47,44.41,44.98,42.9390987019304,926036,0.0,1.0
2022-03-17,43.6,45.6825,43.3827,45.06,43.015468819675,310072,0.0,1.0
2022-03-16,43.1,43.67,42.51,43.62,41.6408067002713,286014,0.0,1.0
2022-03-15,43.8,44.03,42.29,42.79,40.8484667286706,225923,0.0,1.0
2022-03-14,44.21,44.589,43.02,43.73,41.7458156121702,347627,0.0,1.0
2022-03-11,43.98,44.215,43.13,43.9,41.9081021123776,300240,0.0,1.0
2022-03-10,43.24,44.06,42.85,43.94,41.9462871712499,417816,0.0,1.0
2022-03-09,44.74,44.981,43.14,43.8,41.8126394651968,522115,0.0,1.0
2022-03-08,46.84,46.99,43.83,44.15,42.1467587303296,755482,0.0,1.0
2022-03-07,50.4,50.4,46.5,46.58,44.4665010568234,521580,0.0,1.0
2022-03-04,48.13,48.4,47.08,48.28,46.0893660588973,264959,0.0,1.0
2022-03-03,47.74,48.435,46.88,48.23,46.0416347353069,482734,0.0,1.0
2022-03-02,46.0,48.0,45.84,47.9,45.7266079996102,562738,0.0,1.0
2022-03-01,45.6,46.0,43.135,44.56,42.538155583771,603958,0.0,1.0
2022-02-28,43.73,45.73,43.5701,45.6,43.5309671144514,568946,0.0,1.0
2022-02-25,42.6,44.4,42.6,43.88,41.8890095829414,409022,0.0,1.0
2022-02-24,40.91,42.65,40.89,42.47,40.5429862576919,418610,0.0,1.0
2022-02-23,40.33,41.83,39.8502,41.57,39.6838224330646,514173,0.0,1.0
2022-02-22,39.14,40.17,38.68,39.84,38.0323186368365,406976,0.0,1.0
2022-02-18,39.54,39.54,38.03,39.12,37.3449875771347,171936,0.0,1.0
2022-02-17,39.78,39.8899,38.12,38.47,36.7244803704594,226472,0.0,1.0
2022-02-16,40.97,41.45,38.4,39.88,38.0705036957089,413315,0.0,1.0
2022-02-15,38.99,40.0841,38.255,40.0,38.1850588723258,653550,0.0,1.0
2022-02-14,38.6,38.92,38.1069,38.78,37.0204145767199,252078,0.0,1.0
2022-02-11,37.91,38.7,37.5284,38.5,36.7531191646136,98881,0.0,1.0
2022-02-10,37.74,38.54,37.5,37.73,36.0180567813213,188121,0.0,1.0
2022-02-09,38.5,39.22,37.78,38.03,36.3044447228638,121568,0.0,1.0
2022-02-08,36.85,38.56,36.56,38.38,36.6385639879966,227852,0.0,1.0
2022-02-07,37.465,37.465,36.2519,36.72,35.0538840447951,157641,0.0,1.0
2022-02-04,37.18,37.36,36.2,36.71,35.044337780077,92505,0.0,1.0
2022-02-03,37.78,38.2457,37.045,37.19,35.5025584865449,129480,0.0,1.0
2022-02-02,37.79,38.23,37.4,37.9,36.1803432815287,192587,0.0,1.0
2022-02-01,38.11,38.32,37.51,38.04,36.3139909875819,155224,0.0,1.0
2022-01-31,37.93,38.9933,37.69,38.1,36.3712685758903,129006,0.0,1.0
2022-01-28,38.03,38.35,37.31,38.35,36.6099251938424,158200,0.0,1.0
2022-01-27,38.345,39.0346,37.67,37.9,36.1803432815287,129710,0.0,1.0
2022-01-26,37.99,38.87,37.38,37.82,36.1039731637841,173995,0.0,1.0
2022-01-25,37.95,38.25,36.7255,37.79,36.0753343696298,170643,0.0,1.0
2022-01-24,37.05,38.45,36.474,38.19,36.4571849583531,200944,0.0,1.0
2022-01-21,36.71,38.57,36.68,37.4,35.7030300456246,301632,0.0,1.0
2022-01-20,37.62,37.845,36.93,36.97,35.2925406627471,328385,0.0,1.0
2022-01-19,38.68,38.69,37.4001,37.51,35.8080389575235,150469,0.0,1.0
2022-01-18,38.92,39.15,38.395,38.53,36.7817579587678,153328,0.0,1.0
2022-01-14,39.09,39.43,38.3,39.28,37.497727812624,189758,0.0,1.0
2022-01-13,39.55,40.0,39.29,39.48,37.6886531069856,132843,0.0,1.0
2022-01-12,39.44,40.29,38.86,39.39,37.6027367245229,352823,0.0,1.0
2022-01-11,39.15,39.21,38.02,39.18,37.4022651654431,128485,0.0,1.0
2022-01-10,39.705,39.78,38.77,38.98,37.2113398710815,139624,0.0,1.0
2022-01-07,39.28,39.78,38.92,39.5,37.7077456364217,182281,0.0,1.0
2022-01-06,39.03,39.72,38.9,39.2,37.4213576948793,152448,0.0,1.0
2022-01-05,39.66,39.9,39.015,39.06,37.2877099888262,243091,0.0,1.0
2022-01-04,39.29,39.81,39.13,39.43,37.6409217833952,408574,0.0,1.0
2022-01-03,38.87,39.7,38.71,39.24,37.4595427537516,111343,0.0,1.0
2021-12-31,38.38,38.89,38.21,38.71,36.9535907236933,137738,0.18,1.0
2021-12-30,39.25,39.555,38.51,38.58,36.65902623091,99610,0.0,1.0
2021-12-29,39.13,39.69,38.91,39.04,37.0961219298788,111514,0.0,1.0
2021-12-28,39.24,39.7099,38.94,39.13,37.1816406535901,129251,0.0,1.0
2021-12-27,38.22,39.075,37.7,38.95,37.0106032061675,151361,0.0,1.0
2021-12-23,38.1,38.45,38.05,38.11,36.2124284515287,137766,0.0,1.0
2021-12-22,37.81,38.23,37.49,38.0,36.1079055669927,132530,0.0,1.0
2021-12-21,37.64,38.0,37.42,37.97,36.0793993257556,147446,0.0,1.0
2021-12-20,36.72,37.42,35.955,37.36,35.4997724206012,184976,0.0,1.0
2021-12-17,36.29,38.18,35.94,37.43,35.5662869834878,797813,0.0,1.0
2021-12-16,36.83,37.0,35.8166,36.16,34.3595227711173,164390,0.0,1.0
2021-12-15,35.24,36.37,34.77,36.32,34.5115560577151,592102,0.0,1.0
2021-12-14,34.87,35.45,34.45,35.13,33.3808084886435,183524,0.0,1.0
2021-12-13,34.65,35.2,34.45,34.92,33.1812647999838,141366,0.0,1.0
2021-12-10,35.02,35.17,34.58,34.95,33.2097710412209,103406,0.0,1.0
2021-12-09,34.64,34.84,34.3,34.67,32.9437127896747,98726,0.0,1.0
2021-12-08,35.27,35.62,34.55,34.75,33.0197294329736,103267,0.0,1.0
2021-12-07,35.09,35.9,35.04,35.17,33.418816810293,121125,0.0,1.0
2021-12-06,34.03,35.44,33.92,34.85,33.1147502370973,204176,0.0,1.0
2021-12-03,34.21,34.3458,33.22,33.47,31.8034631401907,126236,0.0,1.0
2021-12-02,33.41,34.37,33.28,34.13,32.4306004474069,123656,0.0,1.0
2021-12-01,34.7,34.94,33.1,33.1,31.4518861649331,153400,0.0,1.0
2021-11-30,35.0,35.2,33.37,33.98,32.2880692412214,251977,0.0,1.0
2021-11-29,36.02,36.03,34.94,35.08,33.3332980865817,123936,0.0,1.0
2021-11-26,35.7,36.04,34.6671,35.19,33.4378209711177,113498,0.0,1.0
2021-11-24,37.08,37.28,36.63,36.75,34.9201455154469,65694,0.0,1.0
2021-11-23,37.21,37.45,37.07,37.25,35.3952495360652,114828,0.0,1.0
2021-11-22,36.96,37.485,36.5235,37.1,35.2527183298797,103617,0.0,1.0
2021-11-19,36.47,37.27,36.42,36.56,34.7396059876119,121654,0.0,1.0
2021-11-18,36.7,37.415,36.63,37.29,35.4332578577147,379169,0.0,1.0
2021-11-17,37.02,37.12,36.5,36.74,34.9106434350345,122118,0.0,1.0
2021-11-16,37.37,37.5,37.0,37.3,35.442759938127,105866,0.0,1.0
2021-11-15,37.79,37.82,36.62,37.35,35.4902703401889,153764,0.0,1.0
2021-11-12,38.46,38.4884,37.62,37.69,35.8133410742093,143593,0.0,1.0
2021-11-11,38.21,38.75,38.0,38.46,36.5450012659616,135339,0.0,1.0
2021-11-10,38.46,38.58,37.88,38.24,36.3359554968895,149695,0.0,1.0
2021-11-09,37.45,38.47,37.4288,38.37,36.4594825422503,182343,0.0,1.0
2021-11-08,37.94,38.37,37.21,37.75,35.8703535566835,250828,0.0,1.0
2021-11-05,37.3,38.24,37.12,37.42,35.5567849030754,225880,0.0,1.0
2021-11-04,36.24,37.15,36.0,37.03,35.1862037669932,511749,0.0,1.0
2021-11-03,36.0,36.0,34.9208,35.14,33.3903105690559,288905,0.0,1.0
2021-11-02,33.52,34.85,33.52,34.19,32.4876129298811,143711,0.0,1.0
2021-11-01,34.555,35.03,34.3,34.86,33.1242523175096,169617,0.0,1.0
2021-10-29,33.96,34.11,33.59,34.06,32.3640858845203,97777,0.0,1.0
2021-10-28,33.22,33.965,33.22,33.86,32.174044276273,89588,0.0,1.0
2021-10-27,33.9,34.13,32.92,33.06,31.4138778432837,129290,0.0,1.0
2021-10-26,34.38,34.47,33.725,33.92,32.2310567587472,181926,0.0,1.0
2021-10-25,32.84,34.47,32.78,34.35,32.6396462164789,291706,0.0,1.0
2021-10-22,32.08,32.72,31.89,32.5,30.8817613401911,193481,0.0,1.0
2021-10-21,32.06,32.14,31.56,31.96,30.3686489979233,124315,0.0,1.0
2021-10-20,31.605,32.19,31.55,32.05,30.4541677216346,117241,0.0,1.0
2021-10-19,31.2,31.36,30.36,31.31,29.7510137711195,117737,0.0,1.0
2021-10-18,31.505,31.8499,30.89,31.0,29.4564492783362,53965,0.0,1.0
2021-10-15,31.94,32.0,31.14,31.23,29.6749971278206,104283,0.0,1.0
2021-10-14,31.02,31.67,30.87,31.29,29.7320096102948,74587,0.0,1.0
2021-10-13,31.74,31.74,30.29,30.7,29.1713868659652,194396,0.0,1.0
2021-10-12,31.99,32.05,31.55,31.79,30.2071136309131,181675,0.0,1.0
2021-10-11,32.0,32.44,31.76,31.88,30.2926323546244,133434,0.0,1.0
2021-10-08,31.86,32.0,31.58,31.92,30.3306406762739,90561,0.0,1.0
2021-10-07,31.82,32.0,31.33,31.72,30.1405990680265,165423,0.0,1.0
2021-10-06,31.34,31.79,30.85,31.53,29.9600595401916,108462,0.0,1.0
2021-10-05,31.5,31.895,31.2596,31.81,30.2261177917378,92370,0.0,1.0
2021-10-04,31.58,31.965,31.21,31.47,29.9030470577174,110057,0.0,1.0
2021-10-01,30.91,31.99,30.75,31.49,29.9220512185421,109776,0.0,1.0
2021-09-30,31.17,31.573,30.75,30.83,29.2949139113259,85022,0.175,1.0
2021-09-29,31.22,31.99,30.5377,31.34,29.6114369289132,85656,0.0,1.0
2021-09-28,31.22,31.75,30.94,31.01,29.299638135469,152437,0.0,1.0
2021-09-27,30.35,31.75,30.35,31.14,29.4224679631895,137988,0.0,1.0
2021-09-24,29.62,30.56,29.62,30.16,28.496520031143,134158,0.0,1.0
2021-09-23,29.01,29.85,29.01,29.82,28.1752727894126,104556,0.0,1.0
2021-09-22,29.1,29.3,28.76,28.79,27.2020826159353,73856,0.0,1.0
2021-09-21,28.75,28.97,28.47,28.77,27.1831857193629,100124,0.0,1.0
2021-09-20,28.75,28.89,28.155,28.6,27.0225620984977,132121,0.0,1.0
2021-09-17,29.0,29.42,28.57,29.31,27.6934019268171,532832,0.0,1.0
2021-09-16,29.4,29.6371,28.13,29.11,27.5044329610933,122080,0.0,1.0
2021-09-15,28.7,29.44,28.59,29.38,27.7595410648204,110848,0.0,1.0
2021-09-14,29.88,29.88,28.67,28.8,27.2115310642215,139101,0.0,1.0
2021-09-13,29.7,29.81,29.22,29.73,28.090236754837,99141,0.0,1.0
2021-09-10,30.11,30.1595,29.47,29.56,27.9296131339718,100518,0.0,1.0
2021-09-09,29.78,30.79,29.5067,29.79,28.1469274445541,135990,0.0,1.0
2021-09-08,30.15,30.3281,29.76,29.89,28.241411927416,96399,0.0,1.0
2021-09-07,30.04,30.52,29.9,30.23,28.5626591691464,97974,0.0,1.0
2021-09-03,30.19,30.325,29.73,30.13,28.4681746862845,88481,0.0,1.0
2021-09-02,30.01,30.79,29.8,30.24,28.5721076174325,102680,0.0,1.0
2021-09-01,30.59,30.61,29.7526,29.91,28.2603088239883,97755,0.0,1.0
2021-08-31,30.25,30.53,29.893,30.38,28.7043858934392,258535,0.0,1.0
2021-08-30,30.86,30.86,30.275,30.37,28.694937445153,80047,0.0,1.0
2021-08-27,30.05,30.86,30.05,30.68,28.9878393420248,140350,0.0,1.0
2021-08-26,30.84,30.89,30.03,30.08,28.4209324448535,119684,0.0,1.0
2021-08-25,30.82,31.23,30.75,30.92,29.2146021008933,140643,0.0,1.0
2021-08-24,30.92,31.06,29.83,30.84,29.1390145146038,226219,0.0,1.0
2021-08-23,30.5,31.07,30.0,30.97,29.2618443423243,199481,0.0,1.0
2021-08-20,29.63,30.5362,29.56,30.36,28.6854889968668,430412,0.0,1.0
2021-08-19,29.99,30.72,29.65,29.9,28.2508603757021,198173,0.0,1.0
2021-08-18,30.33,31.23,30.33,30.45,28.7705250314425,306540,0.0,1.0
2021-08-17,29.61,31.2658,29.0,29.46,27.8351286511099,346643,0.0,1.0
2021-08-16,28.7,28.77,28.2407,28.4,26.8335931327739,90666,0.0,1.0
2021-08-13,29.49,29.49,28.87,29.03,27.4288453748038,80344,0.0,1.0
2021-08-12,29.87,29.87,29.01,29.4,27.7784379613927,127202,0.0,1.0
2021-08-11,28.88,29.75,28.65,29.72,28.0807883065508,149148,0.0,1.0
2021-08-10,27.56,28.9,27.28,28.7,27.1170465813596,126341,0.0,1.0
2021-08-09,28.12,28.205,27.53,27.56,26.0399234767342,94615,0.0,1.0
2021-08-06,27.59,27.95,27.5,27.78,26.2477893390303,93434,0.0,1.0
2021-08-05,26.69,27.79,26.6,27.2,25.6997793384314,113360,0.0,1.0
2021-08-04,29.11,29.11,26.15,26.67,25.1990115792634,300408,0.0,1.0
2021-08-03,26.64,27.19,25.78,26.83,25.3501867518424,230524,0.0,1.0
2021-08-02,26.75,27.8362,26.32,26.37,24.9155581306778,87221,0.0,1.0
2021-07-30,26.57,27.19,26.49,26.7,25.227356924122,85626,0.0,1.0
2021-07-29,26.69,27.1,26.48,26.74,25.2651507172667,70328,0.0,1.0
2021-07-28,26.18,26.655,25.85,26.35,24.8966612341054,88174,0.0,1.0
2021-07-27,26.08,26.3,25.765,26.0,24.5659655440888,77753,0.0,1.0
2021-07-26,25.95,26.49,25.8,26.32,24.8683158892468,63054,0.0,1.0
2021-07-23,25.63,26.02,25.2,25.71,24.2919605437894,112822,0.0,1.0
2021-07-22,26.66,26.66,25.53,25.61,24.1974760609275,127074,0.0,1.0
2021-07-21,27.06,27.68,26.58,26.65,25.180114682691,129729,0.0,1.0
2021-07-20,26.01,27.4,25.99,26.78,25.3029445104115,167844,0.0,1.0
2021-07-19,26.0,26.24,25.2,26.0,24.5659655440888,162038,0.0,1.0
2021-07-16,27.95,28.06,26.48,26.53,25.0667333032568,154123,0.0,1.0
2021-07-15,27.49,27.9233,27.05,27.64,26.1155110630237,151950,0.0,1.0
2021-07-14,28.33,28.6752,27.7,27.81,26.2761346838889,89504,0.0,1.0
2021-07-13,28.6,29.055,27.97,28.05,26.5028974427574,146035,0.0,1.0
2021-07-12,28.98,29.09,28.72,28.86,27.2682217539386,80459,0.0,1.0
2021-07-09,28.59,29.1799,28.42,28.95,27.3532577885143,106975,0.0,1.0
2021-07-08,28.0,28.54,27.43,28.06,26.5123458910436,173038,0.0,1.0
2021-07-07,28.94,29.48,28.399,28.75,27.1642888227905,169453,0.0,1.0
2021-07-06,29.74,29.74,28.55,29.08,27.4760876162347,149985,0.0,1.0
2021-07-02,30.89,30.89,29.86,29.89,28.241411927416,126872,0.175,1.0
2021-07-01,31.15,31.23,30.53,31.17,29.2793883178964,128256,0.0,1.0
2021-06-30,29.99,30.61,29.76,30.53,28.6782074220525,108044,0.0,1.0
2021-06-29,30.26,30.44,29.66,29.97,28.1521741381891,88442,0.0,1.0
2021-06-28,30.79,30.79,29.7,30.13,28.3024693621501,142907,0.0,1.0
2021-06-25,30.79,31.1899,30.42,30.79,28.9224371609891,972890,0.0,1.0
2021-06-24,30.38,30.83,30.02,30.8,28.9318306124867,124738,0.0,1.0
2021-06-23,30.34,30.7199,29.96,30.33,28.4903383921013,118194,0.0,1.0
2021-06-22,30.22,30.56,29.57,30.22,28.3870104256281,84077,0.0,1.0
2021-06-21,29.48,30.475,29.48,30.3,28.4621580376086,222977,0.0,1.0
2021-06-18,30.27,30.34,29.19,29.32,27.5415997908477,440519,0.0,1.0
2021-06-17,32.33,32.33,30.11,30.6,28.7439615825355,259571,0.0,1.0
2021-06-16,32.45,32.45,31.31,31.53,29.6175525718086,142594,0.0,1.0
2021-06-15,32.57,32.62,31.9,32.61,30.6320453335451,81960,0.0,1.0
2021-06-14,32.57,32.725,32.29,32.5,30.528717367072,114542,0.0,1.0
2021-06-11,32.94,32.96,32.0,32.42,30.4535697550915,97080,0.0,1.0
2021-06-10,33.78,33.85,32.34,32.72,30.7353733000183,194914,0.0,1.0
2021-06-09,34.2,34.41,33.5,33.52,31.4868494198231,136368,0.0,1.0
2021-06-08,33.53,34.37,33.5,34.26,32.1819648306426,96687,0.0,1.0
2021-06-07,33.75,34.1,33.5001,33.7,31.6559315467792,144263,0.0,1.0
2021-06-04,33.0,33.87,32.89,33.46,31.4304887108378,193058,0.0,1.0
2021-06-03,31.99,32.98,31.76,32.88,30.8856685239793,193783,0.0,1.0
2021-06-02,32.12,32.12,31.2465,31.83,29.8993561167354,73189,0.0,1.0
2021-06-01,31.29,32.0662,31.0875,31.9,29.9651102772183,137516,0.0,1.0
2021-05-28,30.99,31.11,30.29,31.08,29.1948472544184,78567,0.0,1.0
2021-05-27,30.98,31.37,30.845,31.01,29.1290930939354,140512,0.0,1.0
2021-05-26,30.97,31.03,30.03,30.64,28.7815353885257,103143,0.0,1.0
2021-05-25,31.18,31.72,30.43,30.44,28.5936663585745,139849,0.0,1.0
2021-05-24,30.49,31.19,30.21,31.1,29.2136341574135,114403,0.0,1.0
2021-05-21,30.36,30.69,30.0598,30.38,28.5373056495891,114136,0.0,1.0
2021-05-20,30.13,30.13,29.4501,29.99,28.1709610411842,148975,0.0,1.0
2021-05-19,29.94,30.37,29.53,30.24,28.4057973286233,115498,0.0,1.0
2021-05-18,31.12,31.46,30.53,30.53,28.6782074220525,126188,0.0,1.0
2021-05-17,31.44,31.92,30.5,31.02,29.138486545433,108114,0.0,1.0
2021-05-14,31.12,31.95,29.58,31.62,29.7020936352866,75597,0.0,1.0
2021-05-13,30.479,31.58,30.479,31.42,29.5142246053354,113179,0.0,1.0
2021-05-12,31.61,31.765,30.54,30.71,28.8472895490086,114096,0.0,1.0
2021-05-11,30.88,32.0,30.737,31.67,29.7490608927744,146329,0.0,1.0
2021-05-10,31.02,32.0,30.78,31.4,29.4954377023403,230658,0.0,1.0
2021-05-07,30.95,31.152,30.01,30.86,28.988191321472,174370,0.0,1.0
2021-05-06,30.0,31.07,29.86,31.03,29.1478799969306,152611,0.0,1.0
2021-05-05,30.56,31.2114,29.0,29.55,27.7576491752916,168824,0.0,1.0
2021-05-04,29.81,30.52,29.71,30.2,28.368223522633,195755,0.0,1.0
2021-05-03,28.97,30.42,28.97,30.11,28.283682459155,230645,0.0,1.0
2021-04-30,28.42,29.015,28.42,28.72,26.9779927009941,117266,0.0,1.0
2021-04-29,29.05,29.23,28.28,28.79,27.043746861477,52406,0.0,1.0
2021-04-28,29.1,29.405,28.585,28.85,27.1001075704623,86122,0.0,1.0
2021-04-27,28.35,29.29,28.195,29.06,27.2973700519111,207472,0.0,1.0
2021-04-26,28.02,28.9,28.02,28.22,26.508320126116,103371,0.0,1.0
2021-04-23,27.55,28.15,27.47,28.0,26.3016641931697,133490,0.0,1.0
2021-04-22,27.8,28.04,27.27,27.37,25.7098767488234,82024,0.0,1.0
2021-04-21,27.25,28.09,27.18,27.87,26.1795493237014,108395,0.0,1.0
2021-04-20,28.07,28.28,26.9092,27.23,25.5783684278575,103068,0.0,1.0
2021-04-19,28.81,29.0741,28.18,28.18,26.4707463201258,134321,0.0,1.0
2021-04-16,28.37,29.0,27.84,28.79,27.043746861477,155877,0.0,1.0
2021-04-15,28.4,28.4,27.52,28.07,26.3674183536526,77376,0.0,1.0
2021-04-14,27.6,28.5,27.51,28.04,26.3392379991599,84342,0.0,1.0
2021-04-13,27.89,28.0,27.22,27.45,25.7850243608039,95020,0.0,1.0
2021-04-12,27.85,27.97,27.23,27.9,26.2077296781941,120939,0.0,1.0
2021-04-09,27.27,28.17,27.27,27.75,26.0668279057307,92950,0.0,1.0
2021-04-08,27.35,27.77,26.98,27.73,26.0480410027356,116592,0.0,1.0
2021-04-07,28.01,28.46,26.99,27.24,25.5877618793551,122479,0.0,1.0
2021-04-06,28.34,28.34,27.9,27.95,26.2546969356819,108288,0.0,1.0
2021-04-05,27.98,28.54,27.43,28.0,26.3016641931697,133833,0.0,1.0
2021-04-01,27.38,27.86,26.89,27.58,25.9071392302721,91188,0.0,1.0
2021-03-31,27.86,28.35,27.36,27.38,25.7192702003209,258571,0.175,1.0
2021-03-30,27.73,28.23,27.6,27.9,26.0412861037545,146246,0.0,1.0
2021-03-29,28.68,28.91,27.25,27.59,25.7519384803794,174024,0.0,1.0
2021-03-26,28.27,29.22,28.16,28.91,26.983999328299,125338,0.0,1.0
2021-03-25,26.95,28.1,26.85,27.81,25.9572819550327,143853,0.0,1.0
2021-03-24,27.41,28.25,27.14,27.19,25.3785867082826,187232,0.0,1.0
2021-03-23,28.02,28.34,27.1,27.2,25.387920502585,133272,0.0,1.0
2021-03-22,28.62,29.07,28.06,28.46,26.56397858469,113289,0.0,1.0
2021-03-19,28.57,29.275,27.82,28.76,26.8439924137627,714486,0.0,1.0
2021-03-18,28.7,29.77,28.29,28.57,26.6666503220167,135762,0.0,1.0
2021-03-17,28.21,28.92,27.94,28.91,26.983999328299,133943,0.0,1.0
2021-03-16,28.58,28.94,28.0,28.33,26.4426392587586,106901,0.0,1.0
2021-03-15,30.35,30.35,28.66,28.82,26.8999951795772,147482,0.0,1.0
2021-03-12,30.37,30.83,29.8,30.41,28.3840684736621,126479,0.0,1.0
2021-03-11,29.83,30.21,29.36,30.17,28.160057410404,189191,0.0,1.0
2021-03-10,29.31,29.9,29.18,29.75,27.7680380497023,165519,0.0,1.0
2021-03-09,29.73,29.73,28.41,29.1,27.161341420045,177676,0.0,1.0
2021-03-08,28.21,29.59,28.21,29.51,27.5440269864442,227152,0.0,1.0
2021-03-05,26.27,27.87,25.9,27.87,26.0132847208472,245740,0.0,1.0
2021-03-04,26.15,26.75,25.07,25.82,24.0998568888509,234585,0.0,1.0
2021-03-03,26.44,27.0,26.14,26.2,24.4545410723429,205922,0.0,1.0
2021-03-02,26.75,27.17,25.665,26.23,24.4825424552502,156462,0.0,1.0
2021-03-01,26.76,26.91,26.21,26.8,25.0145687304882,155103,0.0,1.0
2021-02-26,27.01,27.16,25.56,26.14,24.3985383065284,194020,0.0,1.0
2021-02-25,27.94,28.24,27.09,27.1,25.2945825595608,168329,0.0,1.0
2021-02-24,26.74,28.17,26.57,27.84,25.9852833379399,200248,0.0,1.0
2021-02-23,26.77,26.92,25.72,26.5,24.7345549014155,167852,0.0,1.0
2021-02-22,25.69,26.93,25.66,26.89,25.0985728792099,157988,0.0,1.0
2021-02-19,24.91,25.65,24.91,25.63,23.9225147971049,130334,0.0,1.0
2021-02-18,26.61,27.0,24.5338,24.63,22.9891353668628,272358,0.0,1.0
2021-02-17,27.9,29.29,27.285,27.44,25.6119315658431,318403,0.0,1.0
2021-02-16,27.36,27.765,26.51,26.57,24.7998914615325,139023,0.0,1.0
2021-02-12,26.76,27.43,26.44,26.86,25.0705714963027,134880,0.0,1.0
2021-02-11,26.68,27.1,26.4125,27.09,25.2852487652584,145848,0.0,1.0
2021-02-10,27.03,27.46,26.29,26.48,24.7158873128107,180317,0.0,1.0
2021-02-09,26.5,27.65,25.93,26.89,25.0985728792099,255704,0.0,1.0
2021-02-08,26.1,26.63,25.89,26.54,24.7718900786252,116571,0.0,1.0
2021-02-05,25.29,25.88,25.29,25.82,24.0998568888509,120332,0.0,1.0
2021-02-04,24.76,25.55,24.23,25.26,23.5771644079153,113814,0.0,1.0
2021-02-03,24.27,24.79,23.98,24.74,23.0918071041894,99964,0.0,1.0
2021-02-02,23.87,24.34,23.28,24.28,22.6624525662781,122473,0.0,1.0
2021-02-01,23.45,23.76,22.85,23.51,21.9437504049917,75788,0.0,1.0
2021-01-29,24.35,24.53,22.96,23.0,21.4677268955682,215236,0.0,1.0
2021-01-28,24.73,24.73,23.71,24.43,22.8024594808144,229085,0.0,1.0
2021-01-27,24.97,25.65,24.0267,24.34,22.7184553320926,223672,0.0,1.0
2021-01-26,25.33,25.85,25.0,25.73,24.0158527401291,103408,0.0,1.0
2021-01-25,25.26,25.67,24.65,25.18,23.502494053496,90780,0.0,1.0
2021-01-22,24.3,25.31,24.25,25.25,23.5678306136129,125875,0.0,1.0
2021-01-21,25.4,25.4,24.81,24.9,23.2411478130282,115848,0.0,1.0
2021-01-20,25.92,26.22,25.15,25.39,23.6985037338468,142880,0.0,1.0
2021-01-19,25.14,25.97,24.8978,25.71,23.9971851515243,193917,0.0,1.0
2021-01-15,24.99,25.63,24.05,24.61,22.970467778258,159108,0.0,1.0
2021-01-14,24.82,25.89,24.73,25.36,23.6705023509395,163580,0.0,1.0
2021-01-13,24.66,24.97,24.34,24.55,22.9144650124434,114642,0.0,1.0
2021-01-12,24.01,24.9,23.66,24.66,23.0171367497701,185251,0.0,1.0
2021-01-11,24.08,24.08,22.45,23.8,22.2144304397619,250455,0.0,1.0
2021-01-08,25.71,25.75,24.85,25.18,23.502494053496,147285,0.0,1.0
2021-01-07,24.95,25.615,24.21,25.55,23.8478444426855,199769,0.0,1.0
2021-01-06,25.24,26.01,24.5137,24.92,23.259815401633,367500,0.0,1.0
2021-01-05,24.06,25.2,24.06,24.78,23.1291422813991,275926,0.0,1.0
2021-01-04,24.73,25.32,23.69,24.19,22.5784484175563,216817,0.0,1.0
2020-12-31,24.32,24.94,23.9607,24.51,22.8771298352338,161244,0.175,1.0
2020-12-30,24.08,24.75,24.07,24.44,22.6500730473208,119047,0.0,1.0
2020-12-29,23.65,24.24,23.65,24.0,22.242297591477,112722,0.0,1.0
2020-12-28,23.99,24.36,23.81,24.08,22.3164385834486,137691,0.0,1.0
2020-12-24,24.22,24.5,23.35,23.81,22.0662127355445,65193,0.0,1.0
2020-12-23,23.52,24.44,23.38,24.15,22.3813119514237,122561,0.0,1.0
2020-12-22,22.6,23.67,22.29,23.32,21.6120991597185,186846,0.0,1.0
2020-12-21,21.5,22.79,21.35,22.65,20.9911683519564,417054,0.0,1.0
2020-12-18,23.16,23.62,21.81,21.89,20.2868289282263,767775,0.0,1.0
2020-12-17,23.44,23.85,22.87,23.05,21.3618733118144,169405,0.0,1.0
2020-12-16,24.48,24.63,23.14,23.69,21.9550012475871,205205,0.0,1.0
2020-12-15,22.82,24.78,22.82,24.51,22.7149464152959,244496,0.0,1.0
2020-12-14,23.42,23.43,22.55,22.73,21.065309343928,155990,0.0,1.0
2020-12-11,23.14,23.285,22.84,23.0,21.3155351918321,116113,0.0,1.0
2020-12-10,23.44,23.72,22.03,23.47,21.7511135196652,102916,0.0,1.0
2020-12-09,24.47,24.76,23.03,23.55,21.8252545116368,224303,0.0,1.0
2020-12-08,23.61,24.29,23.6,24.11,22.3442414554379,120697,0.0,1.0
2020-12-07,24.345,24.345,23.505,23.73,21.9920717435729,91906,0.0,1.0
2020-12-04,23.23,24.16,22.315,24.02,22.2608328394699,161839,0.0,1.0
2020-12-03,23.42,23.46,22.75,23.12,21.4267466797895,93491,0.0,1.0
2020-12-02,23.45,23.81,23.02,23.44,21.7233106476759,142319,0.0,1.0
2020-12-01,23.11,23.79,22.8531,23.49,21.7696487676581,251830,0.0,1.0
2020-11-30,23.07,23.39,22.57,22.73,21.065309343928,214095,0.0,1.0
2020-11-27,23.03,23.45,22.5513,23.3,21.5935639117256,83228,0.0,1.0
2020-11-25,23.2,23.895,22.58,23.18,21.4823524237682,135222,0.0,1.0
2020-11-24,22.82,23.4,22.45,23.19,21.4916200477647,176790,0.0,1.0
2020-11-23,21.73,22.71,21.479,22.34,20.7038720080665,128507,0.0,1.0
2020-11-20,21.68,21.68,21.07,21.36,19.7956448564145,114800,0.0,1.0
2020-11-19,21.35,22.05,20.63,21.96,20.3517022962015,99163,0.0,1.0
2020-11-18,22.06,22.116,21.41,21.52,19.9439268403577,128707,0.0,1.0
2020-11-17,22.39,22.47,21.69,21.93,20.3238994242121,102205,0.0,1.0
2020-11-16,22.54,23.38,22.11,22.74,21.0745769679245,231705,0.0,1.0
2020-11-13,20.54,22.16,20.48,22.08,20.4629137841589,253688,0.0,1.0
2020-11-12,21.49,21.63,20.32,20.41,18.9152205767519,179700,0.0,1.0
2020-11-11,21.63,21.76,20.595,21.7,20.1107440722938,190076,0.0,1.0
2020-11-10,20.24,21.69,19.76,21.54,19.9624620883506,248259,0.0,1.0
2020-11-09,18.82,20.89,18.82,19.95,18.4889098729153,412550,0.0,1.0
2020-11-06,18.87,19.14,18.11,18.18,16.8485404255438,211157,0.0,1.0
2020-11-05,18.51,19.01,18.235,18.88,17.4972741052952,313230,0.0,1.0
2020-11-04,21.75,22.325,18.0197,18.64,17.2748511293805,834185,0.0,1.0
2020-11-03,22.98,23.0,21.92,22.43,20.7872806240346,191896,0.0,1.0
2020-11-02,21.98,22.43,21.67,22.38,20.7409425040523,177967,0.0,1.0
2020-10-30,22.345,22.345,21.51,21.69,20.1014764482974,145286,0.0,1.0
2020-10-29,21.95,22.28,21.56,21.985,20.3748713561926,175515,0.0,1.0
2020-10-28,22.61,22.935,22.05,22.09,20.4721814081553,190710,0.0,1.0
2020-10-27,23.29,23.29,22.91,23.1,21.4082114317966,124089,0.0,1.0
2020-10-26,23.54,23.54,22.9548,23.26,21.5564934157398,195728,0.0,1.0
2020-10-23,23.99,24.22,23.395,23.845,22.0986494195321,159988,0.0,1.0
2020-10-22,22.97,24.0,22.7701,23.9,22.1496213515125,210567,0.0,1.0
2020-10-21,23.09,23.4299,22.71,22.94,21.2599294478534,112338,0.0,1.0
2020-10-20,22.86,23.31,22.7255,23.02,21.334070439825,217355,0.0,1.0
2020-10-19,23.19,23.48,22.51,22.58,20.9262949839813,245232,0.0,1.0
2020-10-16,22.6,23.23,22.3001,23.15,21.4545495517789,295516,0.0,1.0
2020-10-15,21.97,22.7,21.41,22.63,20.9726331039635,351197,0.0,1.0
2020-10-14,20.2,21.9575,20.16,21.75,20.157082192276,840077,0.0,1.0
2020-10-13,19.79,20.32,19.77,20.17,18.6927976008371,136127,0.0,1.0
2020-10-12,19.66,20.05,19.53,19.88,18.4240365049401,168435,0.0,1.0
2020-10-09,19.85,20.12,19.28,19.61,18.173810657036,146823,0.0,1.0
2020-10-08,19.95,20.16,19.42,19.75,18.3035573929863,141453,0.0,1.0
2020-10-07,19.4,20.04,19.4,19.72,18.2757545209969,271986,0.0,1.0
2020-10-06,20.0,20.23,19.625,19.64,18.2016135290254,255772,0.0,1.0
2020-10-05,19.63,19.93,19.55,19.79,18.3406278889721,145816,0.0,1.0
2020-10-02,18.65,19.52,18.55,19.44,18.0162610490964,180411,0.0,1.0
2020-10-01,19.23,19.64,18.8992,19.09,17.6918942092207,147532,0.0,1.0
2020-09-30,19.47,19.85,19.07,19.17,17.7660352011923,204262,0.175,1.0
2020-09-29,20.04,20.2,19.48,19.64,18.0369569062505,131127,0.0,1.0
2020-09-28,19.79,20.39,19.664,20.01,18.3767570108998,440297,0.0,1.0
2020-09-25,19.47,19.75,19.245,19.57,17.9726703999655,158863,0.0,1.0
2020-09-24,18.84,19.91,18.72,19.58,17.9818541865776,373081,0.0,1.0
2020-09-23,18.52,18.99,17.92,17.96,16.4940807554103,221929,0.0,1.0
2020-09-22,18.87,19.075,18.51,18.56,17.045107952139,246931,0.0,1.0
2020-09-21,19.57,19.69,18.45,18.66,17.1369458182604,400411,0.0,1.0
2020-09-18,19.76,20.65,19.6,20.06,18.4226759439605,1191961,0.0,1.0
2020-09-17,19.6,19.87,19.3,19.59,17.9910379731898,205736,0.0,1.0
2020-09-16,19.14,19.9,18.99,19.6,18.0002217598019,362936,0.0,1.0
2020-09-15,19.24,19.35,18.85,18.94,17.3940918434004,306375,0.0,1.0
2020-09-14,17.57,19.49,17.56,19.2,17.6328702953162,647905,0.0,1.0
2020-09-11,16.76,16.82,16.45,16.59,15.2359019895466,149405,0.0,1.0
2020-09-10,17.14,17.165,16.52,16.76,15.3920263619531,160577,0.0,1.0
2020-09-09,16.86,17.23,16.36,17.02,15.6308048138688,225919,0.0,1.0
2020-09-08,18.01,18.01,16.72,16.74,15.3736587887288,243181,0.0,1.0
2020-09-04,18.31,18.48,17.77,18.09,16.6134699813682,158878,0.0,1.0
2020-09-03,17.87,18.37,17.83,17.98,16.5124483286346,184671,0.0,1.0
2020-09-02,17.95,18.175,17.61,17.81,16.3563239562282,182350,0.0,1.0
2020-09-01,17.66,17.85,17.3035,17.81,16.3563239562282,133934,0.0,1.0
2020-08-31,17.89,18.025,17.41,17.73,16.282853663331,193046,0.0,1.0
2020-08-28,17.75,18.05,17.6,17.97,16.5032645420225,111869,0.0,1.0
2020-08-27,17.53,17.96,17.49,17.67,16.2277509436582,120808,0.0,1.0
2020-08-26,18.19,18.24,17.35,17.43,16.0073400649667,146562,0.0,1.0
2020-08-25,17.92,18.15,17.67,17.84,16.3838753160646,114100,0.0,1.0
2020-08-24,17.29,17.86,17.1,17.85,16.3930591026768,117160,0.0,1.0
2020-08-21,17.01,17.24,16.61,17.08,15.6859075335417,138010,0.0,1.0
2020-08-20,17.6,17.73,16.99,17.07,15.6767237469295,108695,0.0,1.0
2020-08-19,17.97,18.155,17.75,17.84,16.3838753160646,114882,0.0,1.0
2020-08-18,18.02,18.02,17.41,17.82,16.3655077428403,137749,0.0,1.0
2020-08-17,17.72,18.09,17.42,18.02,16.5491834750832,217519,0.0,1.0
2020-08-14,17.19,17.89,17.19,17.73,16.282853663331,159421,0.0,1.0
2020-08-13,17.52,17.83,17.16,17.27,15.8603994791724,100444,0.0,1.0
2020-08-12,17.69,17.94,17.35,17.63,16.1910157972096,187957,0.0,1.0
2020-08-11,17.7,18.13,17.16,17.35,15.9338697720696,204582,0.0,1.0
2020-08-10,17.27,17.705,17.03,17.61,16.1726482239853,234005,0.0,1.0
2020-08-07,16.85,17.38,16.5,17.11,15.7134588933781,229058,0.0,1.0
2020-08-06,16.73,17.59,16.575,16.995,15.6078453473385,292981,0.0,1.0
2020-08-05,15.84,16.9,15.63,16.31,14.9787559644066,351626,0.0,1.0
2020-08-04,14.56,15.43,14.56,15.29,14.0420097299679,223652,0.0,1.0
2020-08-03,14.34,14.77,14.13,14.6,13.40832845373,118368,0.0,1.0
2020-07-31,14.33,14.59,13.81,14.22,13.0593445624685,181988,0.0,1.0
2020-07-30,14.5,15.025,14.42,14.46,13.27975544116,157585,0.0,1.0
2020-07-29,14.26,14.72,14.1,14.66,13.4634311734029,141855,0.0,1.0
2020-07-28,14.24,14.64,14.1,14.33,13.1603662152021,92983,0.0,1.0
2020-07-27,14.08,14.38,13.825,14.35,13.1787337884264,99832,0.0,1.0
2020-07-24,14.21,14.275,13.96,14.105,12.9537310164289,96302,0.0,1.0
2020-07-23,13.74,14.27,13.74,14.22,13.0593445624685,177373,0.0,1.0
2020-07-22,13.81,13.91,13.55,13.79,12.6644417381464,76369,0.0,1.0
2020-07-21,13.59,14.04,13.59,13.81,12.6828093113706,87856,0.0,1.0
2020-07-20,14.02,14.04,13.23,13.5,12.3981119263942,161945,0.0,1.0
2020-07-17,14.04,14.31,13.97,14.11,12.958322909735,137807,0.0,1.0
2020-07-16,13.9,14.2,13.75,14.04,12.89403640345,100304,0.0,1.0
2020-07-15,13.75,14.22,13.73,13.96,12.8205661105528,158854,0.0,1.0
2020-07-14,13.28,13.57,13.12,13.39,12.2970902736606,114082,0.0,1.0
2020-07-13,13.26,13.5,12.92,13.25,12.1685172610906,148932,0.0,1.0
2020-07-10,12.5,13.19,12.5,13.15,12.0766793949692,225458,0.0,1.0
2020-07-09,12.84,12.84,12.27,12.46,11.4429981187312,156257,0.0,1.0
2020-07-08,13.19,13.24,12.62,12.82,11.7736144367684,213815,0.0,1.0
2020-07-07,13.39,13.39,12.98,13.22,12.1409659012542,151428,0.0,1.0
2020-07-06,13.81,14.0,13.38,13.54,12.4348470728428,134817,0.0,1.0
2020-07-02,13.54,13.9,13.33,13.54,12.4348470728428,152032,0.175,1.0
2020-07-01,13.76,14.08,13.38,13.39,12.1401824502636,178082,0.0,1.0
2020-06-30,13.5,13.83,13.31,13.76,12.4756467898153,127907,0.0,1.0
2020-06-29,13.21,14.19,13.21,13.55,12.2852481106102,184183,0.0,1.0
2020-06-26,13.2,13.28,12.57,13.02,11.8047181107118,390648,0.0,1.0
2020-06-25,12.92,13.31,12.63,13.28,12.0404498087752,196561,0.0,1.0
2020-06-24,13.3,13.3,12.56,13.0,11.7865849031685,233184,0.0,1.0
2020-06-23,13.82,13.85,13.12,13.48,12.2217818842086,186748,0.0,1.0
2020-06-22,14.08,14.08,13.32,13.62,12.3487143370119,169780,0.0,1.0
2020-06-19,14.48,14.68,13.92,14.27,12.9380435821703,478765,0.0,1.0
2020-06-18,13.85,14.67,13.85,14.26,12.9289769783987,137043,0.0,1.0
2020-06-17,14.54,14.7,13.9,14.09,12.7748447142803,177020,0.0,1.0
2020-06-16,14.82,15.08,14.31,14.6,13.2372415066354,215242,0.0,1.0
2020-06-15,13.28,14.41,13.26,14.23,12.9017771670837,159068,0.0,1.0
2020-06-12,14.21,14.55,13.4,13.77,12.4847133935869,199478,0.0,1.0
2020-06-11,14.36,14.75,13.56,13.6,12.3305811294686,375007,0.0,1.0
2020-06-10,15.22,15.38,14.69,14.96,13.5636392424154,269003,0.0,1.0
2020-06-09,15.2,15.39,14.85,15.21,13.7903043367071,229281,0.0,1.0
2020-06-08,15.06,15.68,14.97,15.47,14.0260360347705,361499,0.0,1.0
2020-06-05,14.8,15.32,14.6,14.73,13.3551073556671,298497,0.0,1.0
2020-06-04,13.48,14.47,13.45,14.23,12.9017771670837,222102,0.0,1.0
2020-06-03,13.76,14.05,13.54,13.62,12.3487143370119,213544,0.0,1.0
2020-06-02,13.09,13.6,13.04,13.47,12.2127152804369,234443,0.0,1.0
2020-06-01,13.04,13.35,12.82,13.01,11.7956515069402,269827,0.0,1.0
2020-05-29,12.89,13.21,12.61,12.96,11.7503184880818,307566,0.0,1.0
2020-05-28,14.26,14.26,12.96,13.05,11.8319179220268,224573,0.0,1.0
2020-05-27,13.18,14.2,13.03,14.07,12.756711506737,397239,0.0,1.0
2020-05-26,12.46,12.99,12.33,12.86,11.6596524503651,415055,0.0,1.0
2020-05-22,12.5,12.54,11.52,12.05,10.92525754486,398807,0.0,1.0
2020-05-21,11.42,12.65,11.34,12.4,11.2425886768684,978001,0.0,1.0
2020-05-20,11.58,11.79,11.33,11.42,10.3540615072449,485093,0.0,1.0
2020-05-19,11.67,11.67,11.27,11.32,10.2633954695283,247591,0.0,1.0
2020-05-18,11.82,12.0,11.36,11.65,10.5625933939933,501573,0.0,1.0
2020-05-15,11.64,12.14,11.05,11.34,10.2815286770716,515027,0.0,1.0
2020-05-14,11.97,12.39,11.19,12.33,11.1791224504667,462929,0.0,1.0
2020-05-13,12.8,13.2,12.12,12.25,11.1065896202934,556184,0.0,1.0
2020-05-12,13.67,13.69,12.85,12.88,11.6777856579085,293020,0.0,1.0
2020-05-11,14.69,14.76,13.5,13.62,12.3487143370119,230565,0.0,1.0
2020-05-08,13.12,14.72,13.1,14.6,13.2372415066354,367716,0.0,1.0
2020-05-07,13.38,13.5,12.8,12.96,11.7503184880818,365453,0.0,1.0
2020-05-06,14.56,15.0,12.34,13.23,11.9951167899169,570617,0.0,1.0
2020-05-05,15.83,16.15,15.29,15.46,14.0169694309988,167868,0.0,1.0
2020-05-04,16.34,16.79,15.48,15.69,14.2255013177472,182344,0.0,1.0
2020-05-01,16.67,17.0,15.8,16.13,14.6244318837006,231924,0.0,1.0
2020-04-30,18.19,18.19,16.94,16.97,15.3860266005207,209292,0.0,1.0
2020-04-29,17.58,18.73,17.16,18.49,16.7641503738143,195191,0.0,1.0
2020-04-28,16.67,17.29,16.5,17.11,15.5129590533241,187087,0.0,1.0
2020-04-27,15.57,16.35,15.3,16.3,14.778564147819,145440,0.0,1.0
2020-04-24,15.0,15.42,14.66,15.28,13.8537705631088,123158,0.0,1.0
2020-04-23,13.76,15.14,13.76,15.02,13.6180388650454,231228,0.0,1.0
2020-04-22,14.47,14.47,13.63,13.78,12.4937799973586,124024,0.0,1.0
2020-04-21,14.51,15.17,13.8,14.05,12.7385782991936,182493,0.0,1.0
2020-04-20,15.59,15.84,14.62,14.82,13.4367067896121,145271,0.0,1.0
2020-04-17,15.53,15.99,15.37,15.74,14.2708343366055,214823,0.0,1.0
2020-04-16,15.34,15.46,14.5,15.2,13.7812377329355,241967,0.0,1.0
2020-04-15,17.07,17.07,15.16,15.32,13.8900369781955,179055,0.0,1.0
2020-04-14,17.45,17.71,16.82,17.43,15.8030903740175,134689,0.0,1.0
2020-04-13,17.77,17.77,16.87,16.89,15.3134937703474,130910,0.0,1.0
2020-04-09,17.37,18.48,17.37,17.78,16.1204215060258,237146,0.0,1.0
2020-04-08,17.89,18.1,17.06,17.21,15.6036250910408,247535,0.0,1.0
2020-04-07,18.63,18.84,17.61,17.82,16.1566879211125,294535,0.0,1.0
2020-04-06,17.8,18.4,17.69,18.25,16.5465518832942,199256,0.0,1.0
2020-04-03,16.81,17.49,16.43,17.12,15.5220256570957,183036,0.0,1.0
2020-04-02,17.76,18.22,16.4,16.92,15.3406935816624,322012,0.0,1.0
2020-04-01,18.43,18.62,17.45,17.83,16.1657545248842,282065,0.0,1.0
2020-03-31,17.89,18.86,17.87,18.75,16.9998820718776,286974,0.175,1.0
2020-03-30,17.95,18.41,16.95,18.13,16.2857522833893,213864,0.0,1.0
2020-03-27,17.59,17.99,17.02,17.74,15.9354244626214,173480,0.0,1.0
2020-03-26,16.7,18.58,16.7,17.73,15.9264416979863,237291,0.0,1.0
2020-03-25,18.51,19.12,16.41,16.62,14.9293548234931,242630,0.0,1.0
2020-03-24,18.64,18.88,16.7,18.3,16.4384592821855,286689,0.0,1.0
2020-03-23,17.54,18.33,16.35,17.95,16.1240625199579,303571,0.0,1.0
2020-03-20,16.72,17.97,16.54,17.36,15.5940794064886,509961,0.0,1.0
2020-03-19,19.66,20.63,16.58,16.75,15.046130763749,432192,0.0,1.0
2020-03-18,17.88,19.99,16.43,19.47,17.4894427444892,361524,0.0,1.0
2020-03-17,16.09,18.4,14.97,18.36,16.492355869996,328944,0.0,1.0
2020-03-16,10.0,16.98,10.0,15.66,14.067009418526,315224,0.0,1.0
2020-03-13,15.44,17.24,14.07,17.08,15.3425619967065,383177,0.0,1.0
2020-03-12,15.2,15.83,14.39,14.63,13.1417846611133,317878,0.0,1.0
2020-03-11,16.34,16.79,15.86,16.21,14.561061473455,182666,0.0,1.0
2020-03-10,17.77,17.77,15.92,16.8,15.0910445869244,203593,0.0,1.0
2020-03-09,17.99,18.64,17.11,17.14,15.3964585845169,230748,0.0,1.0
2020-03-06,18.09,19.29,18.08,19.2,17.2469080993422,235911,0.0,1.0
2020-03-05,18.17,18.91,18.15,18.73,16.8247181614937,237094,0.0,1.0
2020-03-04,18.38,18.91,18.02,18.84,16.9235285724795,150274,0.0,1.0
2020-03-03,18.88,19.45,17.96,18.17,16.3216833419295,207569,0.0,1.0
2020-03-02,18.48,19.18,18.21,19.06,17.1211493944511,134049,0.0,1.0
2020-02-28,18.25,18.74,18.07,18.37,16.501338634631,268691,0.0,1.0
2020-02-27,18.55,19.15,18.17,18.35,16.4833731053609,264651,0.0,1.0
2020-02-26,19.2,19.41,18.77,18.92,16.9953906895601,213940,0.0,1.0
2020-02-25,19.47,19.54,18.95,19.05,17.1121666298161,213473,0.0,1.0
2020-02-24,19.61,19.61,18.83,19.46,17.4804599798541,242449,0.0,1.0
2020-02-21,20.65,20.72,19.97,20.26,18.19908115066,121316,0.0,1.0
2020-02-20,20.14,21.14,20.04,20.78,18.6661849116839,148718,0.0,1.0
2020-02-19,20.46,20.62,20.11,20.27,18.2080639152951,204108,0.0,1.0
2020-02-18,20.74,21.19,20.26,20.51,18.4236502665369,214210,0.0,1.0
2020-02-14,21.51,21.51,20.25,20.77,18.6572021470488,266375,0.0,1.0
2020-02-13,24.54,24.71,21.14,21.4,19.2231163190585,375758,0.0,1.0
2020-02-12,24.55,24.59,23.69,24.06,21.6125317119882,148292,0.0,1.0
2020-02-11,23.89,24.41,23.89,24.27,21.8011697693247,91458,0.0,1.0
2020-02-10,24.01,24.25,23.64,23.91,21.4777902424621,135918,0.0,1.0
2020-02-07,24.3,24.3,23.62,24.13,21.6754110644337,91399,0.0,1.0
2020-02-06,24.53,24.69,24.26,24.41,21.9269284742158,117445,0.0,1.0
2020-02-05,23.44,24.4,23.325,24.34,21.8640491217702,143532,0.0,1.0
2020-02-04,22.87,23.51,22.83,23.12,20.7681518362912,142288,0.0,1.0
2020-02-03,22.8,22.81,22.12,22.49,20.2022376642815,252793,0.0,1.0
2020-01-31,22.76,23.09,22.43,22.62,20.3190136045375,146586,0.0,1.0
2020-01-30,22.76,22.95,22.44,22.93,20.5974793082248,71559,0.0,1.0
2020-01-29,23.25,23.3,22.84,22.95,20.6154448374949,91938,0.0,1.0
2020-01-28,23.45,23.59,23.23,23.23,20.866962247277,73008,0.0,1.0
2020-01-27,23.46,23.8,23.3,23.3,20.9298415997225,78486,0.0,1.0
2020-01-24,24.78,24.93,23.72,23.9,21.468807477827,120388,0.0,1.0
2020-01-23,24.31,24.78,23.56,24.68,22.1694631193628,205736,0.0,1.0
2020-01-22,24.55,24.55,24.16,24.35,21.8730318864053,69945,0.0,1.0
2020-01-21,25.04,25.04,24.5,24.52,22.0257388852016,103656,0.0,1.0
2020-01-17,25.36,25.54,25.02,25.09,22.5377564694008,126329,0.0,1.0
2020-01-16,25.32,25.88,25.22,25.24,22.6724979389269,115756,0.0,1.0
2020-01-15,24.66,25.13,24.66,25.1,22.5467392340359,105345,0.0,1.0
2020-01-14,24.48,25.04,24.34,24.81,22.2862390596187,108326,0.0,1.0
2020-01-13,24.3,24.67,24.05,24.65,22.1425148254575,106465,0.0,1.0
2020-01-10,24.8,24.94,24.19,24.25,21.7832042400546,151579,0.0,1.0
2020-01-09,25.18,25.33,24.85,24.93,22.3940322352396,174169,0.0,1.0
2020-01-08,25.08,25.29,24.75,25.14,22.5826702925762,149353,0.0,1.0
2020-01-07,25.4,25.57,25.12,25.28,22.7084289974672,184382,0.0,1.0
2020-01-06,24.89,25.51,24.55,25.36,22.7802911145478,174119,0.0,1.0
2020-01-03,24.69,25.09,24.54,25.01,22.4658943523202,169847,0.0,1.0
2020-01-02,25.58,25.58,24.56,25.0,22.4569115876851,159277,0.0,1.0
2019-12-31,25.09,25.51,24.96,25.28,22.7084289974672,145686,0.175,1.0
2019-12-30,24.9,25.4,24.44,25.27,22.543390326694,333288,0.0,1.0
2019-12-27,25.14,25.14,24.66,24.74,22.0705768374519,93848,0.0,1.0
2019-12-26,25.21,25.24,24.79,25.08,22.3738911513053,47459,0.0,1.0
2019-12-24,25.07,25.32,25.03,25.16,22.4452592251532,35257,0.0,1.0
2019-12-23,25.52,25.61,24.93,25.03,22.3292861051504,188388,0.0,1.0
2019-12-20,25.91,25.91,25.44,25.66,22.8913096867023,718498,0.0,1.0
2019-12-19,25.68,25.93,25.56,25.8,23.0162038159361,189654,0.0,1.0
2019-12-18,25.49,25.78,24.94,25.66,22.8913096867023,206944,0.0,1.0
2019-12-17,24.59,25.66,24.59,25.52,22.7664155574686,268417,0.0,1.0
2019-12-16,24.49,25.44,24.48,24.75,22.0794978466829,338219,0.0,1.0
2019-12-13,24.42,24.49,23.88,24.19,21.5799213297479,156548,0.0,1.0
2019-12-12,23.2,24.48,23.01,24.37,21.7404994959055,490132,0.0,1.0
2019-12-11,23.17,23.39,23.06,23.15,20.6521363697256,178987,0.0,1.0
2019-12-10,23.51,23.62,22.94,23.15,20.6521363697256,191334,0.0,1.0
2019-12-09,23.81,24.02,23.53,23.56,21.0178977481959,195885,0.0,1.0
2019-12-06,24.29,24.4,23.77,23.88,21.3033700435874,276211,0.0,1.0
2019-12-05,24.14,24.34,23.5,24.01,21.4193431635902,302259,0.0,1.0
2019-12-04,23.36,24.28,23.14,23.97,21.3836591266662,329989,0.0,1.0
2019-12-03,23.13,23.44,22.77,23.22,20.7145834343425,166563,0.0,1.0
2019-12-02,23.13,23.84,23.09,23.46,20.9286876558861,319362,0.0,1.0
2019-11-29,23.66,23.66,23.1,23.1,20.6075313235707,157265,0.0,1.0
2019-11-27,23.37,23.86,23.14,23.72,21.1606338958916,172006,0.0,1.0
2019-11-26,24.02,24.05,23.07,23.28,20.7681094897284,186992,0.0,1.0
2019-11-25,23.5,24.12,23.41,24.05,21.4550272005141,216583,0.0,1.0
2019-11-22,23.21,23.59,23.11,23.57,21.0268187574269,211633,0.0,1.0
2019-11-21,22.74,23.1,22.42,23.07,20.5807682958778,203923,0.0,1.0
2019-11-20,22.7,23.01,22.4,22.66,20.2150069174075,294712,0.0,1.0
2019-11-19,23.26,23.63,22.83,22.93,20.455874166644,204439,0.0,1.0
2019-11-18,23.14,23.47,22.81,23.18,20.6788993974186,232709,0.0,1.0
2019-11-15,23.48,23.94,23.0,23.15,20.6521363697256,209390,0.0,1.0
2019-11-14,22.86,23.43,22.73,23.28,20.7681094897284,278912,0.0,1.0
2019-11-13,23.05,23.05,22.59,22.86,20.3934271020271,230372,0.0,1.0
2019-11-12,22.05,23.3,22.05,23.19,20.6878204066496,381343,0.0,1.0
2019-11-11,20.98,21.98,20.89,21.97,19.5994572804696,331301,0.0,1.0
2019-11-08,21.11,21.23,20.79,21.09,18.8144084681431,217082,0.0,1.0
2019-11-07,21.41,21.94,21.11,21.23,18.9393025973769,275798,0.0,1.0
2019-11-06,20.19,23.2,20.14,21.37,19.0641967266106,521084,0.0,1.0
2019-11-05,19.47,19.94,19.28,19.56,17.4494940558027,214270,0.0,1.0
2019-11-04,19.23,19.66,19.16,19.32,17.2353898342591,206799,0.0,1.0
2019-11-01,18.5,19.16,18.43,19.07,17.0123646034846,263504,0.0,1.0
2019-10-31,18.55,18.63,18.1,18.42,16.4324990034707,186128,0.0,1.0
2019-10-30,18.86,18.9,18.42,18.58,16.5752351511664,138660,0.0,1.0
2019-10-29,18.73,19.1,18.48,18.9,16.8607074465578,242031,0.0,1.0
2019-10-28,18.49,19.08,18.33,18.73,16.7090502896311,179248,0.0,1.0
2019-10-25,18.12,18.48,17.84,18.43,16.4414200127016,171349,0.0,1.0
2019-10-24,18.36,18.55,17.82,18.13,16.1737897357722,163826,0.0,1.0
2019-10-23,18.43,18.69,18.26,18.37,16.3878939573158,166978,0.0,1.0
2019-10-22,17.99,18.52,17.4,18.37,16.3878939573158,294113,0.0,1.0
2019-10-21,18.0,18.25,17.87,17.9,15.9686065234595,163187,0.0,1.0
2019-10-18,18.27,18.36,17.81,17.84,15.9150804680737,209415,0.0,1.0
2019-10-17,18.31,18.42,18.08,18.38,16.3968149665467,318281,0.0,1.0
2019-10-16,18.26,18.96,18.22,18.31,16.3343679019299,271494,0.0,1.0
2019-10-15,18.12,18.5,17.91,18.35,16.3700519388538,422499,0.0,1.0
2019-10-14,18.43,18.57,18.04,18.22,16.254078818851,276039,0.0,1.0
2019-10-11,18.4,18.96,18.21,18.64,16.6287612065523,285863,0.0,1.0
2019-10-10,18.53,18.76,18.02,18.07,16.1202636803863,280047,0.0,1.0
2019-10-09,19.09,19.14,18.17,18.52,16.5217090957805,444052,0.0,1.0
2019-10-08,20.22,20.22,18.92,19.13,17.0658906588705,550802,0.0,1.0
2019-10-07,20.61,20.71,20.1,20.56,18.341594978901,334650,0.0,1.0
2019-10-04,21.42,21.43,20.45,20.61,18.3862000250559,231233,0.0,1.0
2019-10-03,21.57,21.75,20.79,21.3,19.0017496619938,230588,0.0,1.0
2019-10-02,21.33,21.83,20.8,21.59,19.2604589296923,318686,0.0,1.0
2019-10-01,22.59,22.77,21.33,21.5,19.1801698466134,234963,0.0,1.0
2019-09-30,22.71,22.83,21.74,22.43,20.0098237050948,280371,0.17,1.0
2019-09-27,23.24,23.33,22.09,22.67,20.0718010351549,278281,0.0,1.0
2019-09-26,23.82,23.94,22.94,23.19,20.5322040584579,267738,0.0,1.0
2019-09-25,23.42,24.0,23.04,23.81,21.0811461247039,313721,0.0,1.0
2019-09-24,24.5,24.69,23.07,23.38,20.7004282400494,620215,0.0,1.0
2019-09-23,25.91,26.09,25.37,25.72,22.7722418449132,227428,0.0,1.0
2019-09-20,26.83,27.02,26.15,26.22,23.2149370596277,1696655,0.0,1.0
2019-09-19,27.39,27.4,26.73,26.84,23.7638791258737,190550,0.0,1.0
2019-09-18,27.94,27.94,26.68,27.33,24.1977204362939,249148,0.0,1.0
2019-09-17,28.22,28.46,27.74,27.99,24.782078119717,214701,0.0,1.0
2019-09-16,27.59,28.82,27.53,28.19,24.9591562056028,232571,0.0,1.0
2019-09-13,27.15,27.98,27.15,27.77,24.5872922252426,278539,0.0,1.0
2019-09-12,26.57,27.19,26.0,27.12,24.0117884461138,306209,0.0,1.0
2019-09-11,25.82,26.59,25.29,26.54,23.498261997045,241272,0.0,1.0
2019-09-10,23.22,25.63,23.13,25.63,22.6925567062646,418329,0.0,1.0
2019-09-09,22.14,23.37,22.12,23.16,20.5056423455751,606750,0.0,1.0
2019-09-06,22.31,22.56,21.86,22.03,19.5051511603203,351683,0.0,1.0
2019-09-05,22.69,23.03,22.1,22.35,19.7884760977376,581860,0.0,1.0
2019-09-04,22.6,23.0,22.25,22.37,19.8061839063262,462619,0.0,1.0
2019-09-03,22.73,22.88,22.05,22.36,19.7973300020319,276686,0.0,1.0
2019-08-30,23.08,23.2,22.79,22.92,20.2931486425121,146790,0.0,1.0
2019-08-29,23.15,23.28,22.96,22.97,20.3374181639836,79262,0.0,1.0
2019-08-28,22.87,23.36,22.74,22.86,20.2400252167464,146253,0.0,1.0
2019-08-27,23.68,23.68,22.6,22.87,20.2488791210407,171398,0.0,1.0
2019-08-26,23.22,23.56,23.12,23.46,20.7712594744038,193692,0.0,1.0
2019-08-23,24.16,24.16,22.92,22.97,20.3374181639836,159502,0.0,1.0
2019-08-22,24.77,24.82,24.3,24.32,21.5326952437127,85730,0.0,1.0
2019-08-21,24.7,24.96,24.2,24.72,21.8868514154843,119756,0.0,1.0
2019-08-20,24.49,24.78,24.18,24.53,21.7186272338928,121954,0.0,1.0
2019-08-19,25.33,25.33,24.5,24.59,21.7717506596585,160758,0.0,1.0
2019-08-16,24.47,25.03,24.43,24.98,22.1170529271358,101258,0.0,1.0
2019-08-15,24.12,24.55,23.93,24.37,21.5769647651841,142279,0.0,1.0
2019-08-14,24.53,24.53,23.88,23.99,21.2405164020011,199412,0.0,1.0
2019-08-13,25.01,25.82,24.88,24.96,22.0993451185472,309560,0.0,1.0
2019-08-12,25.42,25.6,24.98,25.08,22.2055919700787,171565,0.0,1.0
2019-08-09,26.17,26.48,25.12,25.52,22.5951637590275,144200,0.0,1.0
2019-08-08,25.35,26.46,25.21,26.34,23.3211839111592,183998,0.0,1.0
2019-08-07,27.35,27.49,24.48,25.4,22.488916907496,208289,0.0,1.0
2019-08-06,24.79,25.56,24.01,24.65,21.8248740854242,95724,0.0,1.0
2019-08-05,25.32,25.32,24.29,24.64,21.81602018113,93962,0.0,1.0
2019-08-02,26.26,26.3,25.19,25.69,22.7456801320304,113187,0.0,1.0
2019-08-01,26.88,27.27,26.28,26.35,23.3300378154535,85061,0.0,1.0
2019-07-31,26.83,27.34,26.68,26.85,23.772733030168,150698,0.0,1.0
2019-07-30,26.4,26.9,26.23,26.67,23.6133627528708,128050,0.0,1.0
2019-07-29,26.81,27.02,26.3,26.58,23.5336776142222,66518,0.0,1.0
2019-07-26,26.51,26.84,26.5,26.82,23.7461713172851,92180,0.0,1.0
2019-07-25,26.71,26.85,26.35,26.43,23.4008690498078,66267,0.0,1.0
2019-07-24,26.18,26.72,26.13,26.68,23.6222166571651,102224,0.0,1.0
2019-07-23,26.22,26.41,25.9,26.18,23.1795214424506,79800,0.0,1.0
2019-07-22,26.36,26.51,25.91,25.99,23.0112972608591,86393,0.0,1.0
2019-07-19,25.66,26.61,25.66,26.36,23.3388917197478,151640,0.0,1.0
2019-07-18,26.13,26.22,25.69,25.8,22.8430730792676,224074,0.0,1.0
2019-07-17,26.86,26.86,25.78,26.12,23.1263980166848,253037,0.0,1.0
2019-07-16,26.92,27.22,26.9,26.93,23.8435642645223,110923,0.0,1.0
2019-07-15,27.41,27.49,26.72,26.95,23.8612720731109,118312,0.0,1.0
2019-07-12,26.98,27.42,26.87,27.26,24.1357431062339,111955,0.0,1.0
2019-07-11,26.93,27.0,26.36,26.89,23.8081486473451,105374,0.0,1.0
2019-07-10,27.07,27.14,26.64,26.97,23.8789798816995,114546,0.0,1.0
2019-07-09,27.04,27.04,26.67,26.93,23.8435642645223,85152,0.0,1.0
2019-07-08,27.21,27.29,27.06,27.15,24.0383501589967,84062,0.0,1.0
2019-07-05,27.0,27.3,26.7,27.27,24.1445970105282,69661,0.0,1.0
2019-07-03,26.81,27.12,26.62,27.06,23.9586650203481,55403,0.0,1.0
2019-07-02,27.34,27.44,26.38,26.74,23.6753400829308,138245,0.0,1.0
2019-07-01,27.24,27.77,26.95,27.23,24.109181393351,134656,0.0,1.0
2019-06-28,26.9,27.5,26.88,27.24,24.1180352976453,751527,0.17,1.0
2019-06-27,27.11,27.6,26.77,27.08,23.8276685830075,134706,0.0,1.0
2019-06-26,27.47,27.74,27.28,27.33,24.047643366824,112929,0.0,1.0
2019-06-25,26.97,27.7,26.82,27.57,24.2588191592879,114115,0.0,1.0
2019-06-24,27.59,27.72,26.85,27.01,23.7660756435388,121439,0.0,1.0
2019-06-21,27.78,28.05,27.27,27.68,24.3556080641671,245468,0.0,1.0
2019-06-20,28.09,28.2,27.71,27.88,24.5315878912204,118068,0.0,1.0
2019-06-19,27.97,27.97,27.6,27.94,24.5843818393363,83395,0.0,1.0
2019-06-18,27.48,28.23,27.48,28.03,24.6635727615103,57088,0.0,1.0
2019-06-17,27.41,27.69,27.21,27.45,24.1532312630559,99777,0.0,1.0
2019-06-14,27.4,27.55,27.16,27.46,24.1620302544086,86396,0.0,1.0
2019-06-13,27.11,27.62,27.11,27.46,24.1620302544086,102311,0.0,1.0
2019-06-12,27.35,27.35,26.85,27.02,23.7748746348915,71906,0.0,1.0
2019-06-11,27.33,27.73,27.17,27.37,24.0828393322346,137855,0.0,1.0
2019-06-10,26.66,27.215,26.66,27.18,23.9156584965341,148537,0.0,1.0
2019-06-07,26.44,26.73,26.09,26.69,23.4845079202537,196290,0.0,1.0
2019-06-06,27.32,28.06,26.45,26.47,23.2909301104951,184408,0.0,1.0
2019-06-05,27.78,28.01,27.31,27.45,24.1532312630559,117166,0.0,1.0
2019-06-04,27.05,27.725,27.02,27.66,24.3380100814618,247946,0.0,1.0
2019-06-03,27.12,27.33,26.27,26.8,23.5812968251329,149807,0.0,1.0
2019-05-31,26.9,27.2,26.62,27.17,23.9068595051814,166323,0.0,1.0
2019-05-30,27.12,27.47,27.09,27.28,24.0036484100607,103993,0.0,1.0
2019-05-29,26.93,27.31,26.6,27.15,23.8892615224761,193580,0.0,1.0
2019-05-28,27.67,27.74,26.86,26.96,23.7220806867755,130766,0.0,1.0
2019-05-24,27.44,27.67,27.3,27.61,24.2940151246985,77610,0.0,1.0
2019-05-23,28.14,28.38,27.05,27.25,23.9772514360027,123502,0.0,1.0
2019-05-22,28.1,28.57,27.75,28.45,25.0331303983221,160706,0.0,1.0
2019-05-21,29.05,29.05,28.24,28.26,24.8659495626215,117971,0.0,1.0
2019-05-20,29.0,29.46,28.79,28.93,25.4554819832498,90355,0.0,1.0
2019-05-17,29.87,30.15,29.13,29.15,25.6490597930084,77090,0.0,1.0
2019-05-16,29.99,30.5,29.98,30.16,26.5377579196272,130055,0.0,1.0
2019-05-15,29.38,30.14,29.38,29.98,26.3793760752793,121423,0.0,1.0
2019-05-14,29.37,29.74,29.05,29.54,25.9922204557622,141372,0.0,1.0
2019-05-13,29.27,29.38,28.73,29.25,25.737049706535,231012,0.0,1.0
2019-05-10,29.21,29.64,28.95,29.59,26.0362154125255,119971,0.0,1.0
2019-05-09,29.46,29.66,29.1,29.2,25.6930547497717,135956,0.0,1.0
2019-05-08,28.73,29.71,28.24,29.53,25.9834214644095,367699,0.0,1.0
2019-05-07,30.69,32.13,28.82,29.2,25.6930547497717,281334,0.0,1.0
2019-05-06,32.24,33.04,32.24,32.86,28.9134855848458,108709,0.0,1.0
2019-05-03,31.95,32.71,31.85,32.68,28.7551037404979,88877,0.0,1.0
2019-05-02,32.52,32.72,31.68,31.78,27.9631945187584,92985,0.0,1.0
2019-05-01,32.71,32.96,32.46,32.53,28.623118870208,183121,0.0,1.0
2019-04-30,33.2,33.44,32.55,32.7,28.7727017232032,144152,0.0,1.0
2019-04-29,32.66,33.28,32.66,33.22,29.2302492735416,77215,0.0,1.0
2019-04-26,32.14,32.74,32.07,32.69,28.7639027318506,63817,0.0,1.0
2019-04-25,32.73,32.98,32.12,32.23,28.3591491296281,45665,0.0,1.0
2019-04-24,33.1,33.2,32.71,32.83,28.8870886107878,59732,0.0,1.0
2019-04-23,32.62,33.25,32.39,33.01,29.0454704551357,54076,0.0,1.0
2019-04-22,32.74,33.11,32.41,32.58,28.6671138269713,52465,0.0,1.0
2019-04-18,32.71,33.11,32.63,32.85,28.9046865934932,90367,0.0,1.0
2019-04-17,32.92,33.17,32.68,32.81,28.8694906280825,65511,0.0,1.0
2019-04-16,32.68,32.85,32.53,32.85,28.9046865934932,72060,0.0,1.0
2019-04-15,33.04,33.09,32.57,32.59,28.675912818324,62762,0.0,1.0
2019-04-12,33.2,33.3,32.89,32.96,29.0014754983724,47083,0.0,1.0
2019-04-11,33.08,33.55,33.01,33.09,29.115862385957,46152,0.0,1.0
2019-04-10,32.5,33.3,32.3,33.1,29.1246613773097,140892,0.0,1.0
2019-04-09,32.83,33.05,32.42,32.53,28.623118870208,99794,0.0,1.0
2019-04-08,32.66,32.87,32.06,32.84,28.8958876021405,105490,0.0,1.0
2019-04-05,32.55,32.89,32.15,32.67,28.7463047491453,198333,0.0,1.0
2019-04-04,32.05,32.61,32.05,32.55,28.6407168529133,71737,0.0,1.0
2019-04-03,32.25,32.53,31.95,32.03,28.1831693025749,81928,0.0,1.0
2019-04-02,32.52,32.57,31.99,32.09,28.2359632506909,66967,0.0,1.0
2019-04-01,32.42,32.87,32.38,32.54,28.6319178615607,57129,0.0,1.0
2019-03-29,32.79,32.87,31.97,32.23,28.3591491296281,126600,0.17,1.0
2019-03-28,32.77,32.95,32.49,32.86,28.7617790246784,68984,0.0,1.0
2019-03-27,32.82,32.86,32.31,32.64,28.5692169009587,68026,0.0,1.0
2019-03-26,32.97,33.21,32.72,32.8,28.7092620818458,67933,0.0,1.0
2019-03-25,32.65,32.95,32.39,32.86,28.7617790246784,69479,0.0,1.0
2019-03-22,33.85,33.96,32.64,32.64,28.5692169009587,93630,0.0,1.0
2019-03-21,33.33,34.1,33.33,33.95,29.7158368194715,154568,0.0,1.0
2019-03-20,33.9,34.09,33.4,33.55,29.3657238672538,132034,0.0,1.0
2019-03-19,34.36,34.6,33.91,33.97,29.7333424670823,139910,0.0,1.0
2019-03-18,34.57,34.88,34.12,34.35,30.0659497716891,157228,0.0,1.0
2019-03-15,35.18,35.6,34.47,34.56,30.2497590716034,368277,0.0,1.0
2019-03-14,35.33,35.55,35.1,35.16,30.7749284999298,133196,0.0,1.0
2019-03-13,34.99,35.72,34.86,35.38,30.9674906236495,137316,0.0,1.0
2019-03-12,35.5,35.54,34.8,34.85,30.5035909619611,85439,0.0,1.0
2019-03-11,34.65,35.52,34.65,35.48,31.0550188617039,86005,0.0,1.0
2019-03-08,34.34,34.68,34.32,34.64,30.3197816620469,103413,0.0,1.0
2019-03-07,35.25,35.28,34.48,34.51,30.2059949525761,119468,0.0,1.0
2019-03-06,36.07,36.07,35.11,35.13,30.7486700285135,110415,0.0,1.0
2019-03-05,36.75,36.75,36.14,36.15,31.6414580566684,67184,0.0,1.0
2019-03-04,37.05,37.56,36.84,36.87,32.2716613706602,122335,0.0,1.0
2019-03-01,37.17,37.39,36.98,37.19,32.5517517324343,144424,0.0,1.0
2019-02-28,36.94,36.99,36.6,36.96,32.3504367849091,106643,0.0,1.0
2019-02-27,37.07,37.31,36.6,37.04,32.4204593753527,93649,0.0,1.0
2019-02-26,37.15,37.32,36.86,37.23,32.586763027656,114662,0.0,1.0
2019-02-25,37.06,38.18,36.56,37.16,32.525493261018,82032,0.0,1.0
2019-02-22,36.89,37.48,35.45,36.98,32.36794243252,104112,0.0,1.0
2019-02-21,36.96,36.96,36.05,36.88,32.2804141944656,80603,0.0,1.0
2019-02-20,36.65,37.4,36.25,37.08,32.4554706705744,177588,0.0,1.0
2019-02-19,36.03,36.94,35.825,36.71,32.1316161897731,150388,0.0,1.0
2019-02-15,37.52,37.66,36.26,36.35,31.8165145327773,127766,0.0,1.0
2019-02-14,37.43,38.23,36.99,37.58,32.8931118608465,280010,0.0,1.0
2019-02-13,34.76,35.42,34.71,35.37,30.9587377998441,148074,0.0,1.0
2019-02-12,34.64,35.17,34.53,34.75,30.4160627239067,97550,0.0,1.0
2019-02-11,34.23,35.1,33.89,34.64,30.3197816620469,92373,0.0,1.0
2019-02-08,34.54,35.35,34.17,34.24,29.9696687098293,95885,0.0,1.0
2019-02-07,34.91,34.95,34.24,34.6,30.2847703668251,130838,0.0,1.0
2019-02-06,35.0,35.29,34.99,35.11,30.7311643809026,57676,0.0,1.0
2019-02-05,35.22,35.5,34.54,34.99,30.6261304952373,94939,0.0,1.0
2019-02-04,34.89,35.24,34.58,35.24,30.8449510903733,96463,0.0,1.0
2019-02-01,35.17,35.28,34.7,34.85,30.5035909619611,59719,0.0,1.0
2019-01-31,34.6,35.24,34.54,35.05,30.6786474380699,69494,0.0,1.0
2019-01-30,34.69,34.94,34.11,34.7,30.3722986048795,51235,0.0,1.0
2019-01-29,34.6,34.84,34.38,34.55,30.2410062477979,43268,0.0,1.0
2019-01-28,34.52,34.66,34.23,34.55,30.2410062477979,57509,0.0,1.0
2019-01-25,34.9,35.2,34.6,34.76,30.4248155477122,61816,0.0,1.0
2019-01-24,34.12,34.81,34.12,34.78,30.4423211953231,49510,0.0,1.0
2019-01-23,34.01,34.34,33.39,34.26,29.9871743574401,127104,0.0,1.0
2019-01-22,33.93,33.98,33.38,33.87,29.6458142290279,192181,0.0,1.0
2019-01-18,34.08,34.4,33.95,34.08,29.8296235289422,58079,0.0,1.0
2019-01-17,34.02,34.39,33.7,34.08,29.8296235289422,73777,0.0,1.0
2019-01-16,33.49,34.16,33.49,34.15,29.8908932955803,62203,0.0,1.0
2019-01-15,33.57,33.58,33.03,33.48,29.3044541006157,50237,0.0,1.0
2019-01-14,33.71,34.22,33.5,33.57,29.3832295148647,82153,0.0,1.0
2019-01-11,34.44,34.57,33.63,34.01,29.7683537623041,79386,0.0,1.0
2019-01-10,34.14,34.73,33.93,34.45,30.1534780097435,125654,0.0,1.0
2019-01-09,33.58,34.31,33.34,34.15,29.8908932955803,82558,0.0,1.0
2019-01-08,33.0,33.8,32.77,33.54,29.3569710434484,183878,0.0,1.0
2019-01-07,32.05,32.99,31.84,32.62,28.5517112533478,199027,0.0,1.0
2019-01-04,31.35,32.28,31.28,32.21,28.1928454773248,100050,0.0,1.0
2019-01-03,30.94,31.36,30.5,30.9,27.046225558812,110145,0.0,1.0
2019-01-02,29.51,31.05,29.1,30.99,27.125000973061,137006,0.0,1.0
2018-12-31,29.48,29.93,28.975,29.89,26.1621903544625,77258,0.17,1.0
2018-12-28,29.46,29.95,29.23,29.59,25.7531341513156,80618,0.0,1.0
2018-12-27,28.92,29.5,28.16,29.47,25.648694269661,88750,0.0,1.0
2018-12-26,27.8,29.28,27.62,29.22,25.4311111828807,111432,0.0,1.0
2018-12-24,28.06,28.7,27.68,27.68,24.0907993683141,62444,0.0,1.0
2018-12-21,28.76,28.82,27.89,28.09,24.4476356306338,460205,0.0,1.0
2018-12-20,29.3,29.59,28.6,28.8,25.0655715970898,80249,0.0,1.0
2018-12-19,29.82,30.39,29.27,29.39,25.5790676818913,73307,0.0,1.0
2018-12-18,30.07,30.55,29.7,29.83,25.9620139146246,97549,0.0,1.0
2018-12-17,30.43,30.79,29.6,30.03,26.1360803840489,176807,0.0,1.0
2018-12-14,30.55,31.21,30.45,30.53,26.5712465576095,71004,0.0,1.0
2018-12-13,31.4,31.75,30.67,30.83,26.8323462617458,71227,0.0,1.0
2018-12-12,31.34,31.9,30.8,31.4,27.3284356996049,76219,0.0,1.0
2018-12-11,31.16,32.82,30.28,31.01,26.9890060842276,74294,0.0,1.0
2018-12-10,31.06,31.13,30.04,30.96,26.9454894668716,79858,0.0,1.0
2018-12-07,31.47,31.92,30.73,30.92,26.9106761729867,75720,0.0,1.0
2018-12-06,31.41,31.64,30.24,31.46,27.3806556404322,148505,0.0,1.0
2018-12-04,33.55,34.03,31.63,31.81,27.6852719619246,111950,0.0,1.0
2018-12-03,33.45,34.17,33.09,33.56,29.2083535693866,117090,0.0,1.0
2018-11-30,33.23,33.34,32.93,33.06,28.773187395826,143265,0.0,1.0
2018-11-29,33.79,34.03,33.33,33.39,29.060397070376,62040,0.0,1.0
2018-11-28,33.09,34.11,32.99,33.9,29.5042665674078,63312,0.0,1.0
2018-11-27,32.95,33.18,32.85,33.11,28.8167040131821,112351,0.0,1.0
2018-11-26,33.07,33.21,32.3,32.98,28.7035608080563,57204,0.0,1.0
2018-11-23,32.57,33.31,32.57,32.97,28.6948574845851,38276,0.0,1.0
2018-11-21,32.2,32.82,31.78,32.57,28.3467245457367,64697,0.0,1.0
2018-11-20,32.29,32.99,32.08,32.11,27.9463716660609,111909,0.0,1.0
2018-11-19,33.03,33.17,32.53,32.6,28.3728345161503,88988,0.0,1.0
2018-11-16,32.91,33.33,32.55,32.96,28.6861541611139,115990,0.0,1.0
2018-11-15,32.87,33.3,32.53,33.12,28.8254073366533,101885,0.0,1.0
2018-11-14,32.99,33.65,32.86,32.99,28.7122641315276,170280,0.0,1.0
2018-11-13,32.66,33.67,32.5,32.98,28.7035608080563,116881,0.0,1.0
2018-11-12,32.99,32.99,32.3,32.67,28.4337577804488,81943,0.0,1.0
2018-11-09,34.3,34.3,32.91,32.98,28.7035608080563,132268,0.0,1.0
2018-11-08,32.88,34.61,32.37,34.31,29.8611028297275,139144,0.0,1.0
2018-11-07,32.22,33.11,32.01,32.9,28.6339342202866,144414,0.0,1.0
2018-11-06,35.34,35.48,32.15,32.6,28.3728345161503,457032,0.0,1.0
2018-11-05,36.65,37.08,36.18,37.0,32.2022968434835,159608,0.0,1.0
2018-11-02,36.09,36.66,36.04,36.66,31.9063838454623,84127,0.0,1.0
2018-11-01,36.09,36.54,36.05,36.1,31.4189977310744,75618,0.0,1.0
2018-10-31,36.76,36.76,35.83,36.0,31.3319644963623,92432,0.0,1.0
2018-10-30,35.47,36.6,35.23,36.55,31.8106472872789,91940,0.0,1.0
2018-10-29,35.71,36.33,35.26,35.48,30.8793916758593,71088,0.0,1.0
2018-10-26,34.95,36.12,34.69,35.41,30.8184684115608,106269,0.0,1.0
2018-10-25,34.79,35.46,34.16,35.35,30.7662484707335,100043,0.0,1.0
2018-10-24,35.75,36.11,34.77,34.82,30.3049723267593,64847,0.0,1.0
2018-10-23,35.58,36.28,35.11,35.67,31.0447548218123,101363,0.0,1.0
2018-10-22,36.09,36.09,35.51,35.9,31.2449312616502,143186,0.0,1.0
2018-10-19,35.93,36.29,35.51,35.96,31.2971512024774,113590,0.0,1.0
2018-10-18,35.12,36.24,35.12,35.98,31.3145578494199,130386,0.0,1.0
2018-10-17,35.17,35.37,34.45,35.1,30.5486653839532,113504,0.0,1.0
2018-10-16,34.09,37.39,34.09,35.34,30.7575451472623,159390,0.0,1.0
2018-10-15,34.51,34.82,34.03,34.07,29.6522230664184,105534,0.0,1.0
2018-10-12,35.71,36.34,34.58,34.68,30.1831257981623,98393,0.0,1.0
2018-10-11,35.65,35.93,34.97,35.29,30.7140285299063,142455,0.0,1.0
2018-10-10,37.36,37.59,35.61,35.65,31.0273481748699,131184,0.0,1.0
2018-10-09,37.37,38.13,36.73,37.37,32.5243198119183,130735,0.0,1.0
2018-10-08,36.66,37.59,36.66,37.54,32.6722763109289,112895,0.0,1.0
2018-10-05,37.14,37.14,36.34,36.67,31.9150871689335,161684,0.0,1.0
2018-10-04,37.23,37.31,36.72,37.06,32.2545167843107,82608,0.0,1.0
2018-10-03,37.12,37.7,36.53,37.45,32.593946399688,104588,0.0,1.0
2018-10-02,37.03,37.35,36.66,37.07,32.2632201077819,87680,0.0,1.0
2018-10-01,37.71,38.26,37.04,37.14,32.3241433720804,68855,0.0,1.0
2018-09-28,37.1,38.2,37.1,37.65,32.7680128691122,67580,0.165,1.0
2018-09-27,37.55,37.95,37.0,37.25,32.2784207159707,167300,0.0,1.0
2018-09-26,37.85,37.95,37.4,37.65,32.6250346296992,84398,0.0,1.0
2018-09-25,38.55,38.55,37.85,37.9,32.8416683257795,129924,0.0,1.0
2018-09-24,38.6,38.6,38.1,38.45,33.3182624571563,73592,0.0,1.0
2018-09-21,38.9,39.0,38.4,38.6,33.4482426748045,243252,0.0,1.0
2018-09-20,38.5,39.15,38.0,38.95,33.751529849317,89124,0.0,1.0
2018-09-19,38.55,38.92,38.3,38.45,33.3182624571563,141919,0.0,1.0
2018-09-18,38.9,39.1,38.5,38.65,33.4915694140206,76639,0.0,1.0
2018-09-17,39.1,39.2,38.8,38.85,33.6648763708848,100643,0.0,1.0
2018-09-14,38.85,39.53,38.8,39.15,33.9248368061812,131718,0.0,1.0
2018-09-13,39.1,39.2,38.7,38.9,33.7082031101009,95487,0.0,1.0
2018-09-12,38.9,39.35,38.45,39.0,33.794856588533,105631,0.0,1.0
2018-09-11,39.0,39.3,38.25,38.95,33.751529849317,101655,0.0,1.0
2018-09-10,40.3,40.38,38.9,38.95,33.751529849317,127495,0.0,1.0
2018-09-07,39.95,40.25,39.8,40.2,34.8346983297187,105969,0.0,1.0
2018-09-06,40.15,40.35,39.9,40.1,34.7480448512865,85941,0.0,1.0
2018-09-05,40.05,40.45,39.8,40.05,34.7047181120705,209046,0.0,1.0
2018-09-04,40.8,40.9,39.95,40.1,34.7480448512865,114485,0.0,1.0
2018-08-31,40.55,41.0,40.4,40.85,35.3979459395276,73245,0.0,1.0
2018-08-30,40.5,40.6,40.05,40.45,35.051332025799,79319,0.0,1.0
2018-08-29,40.5,40.85,40.35,40.55,35.1379855042311,51694,0.0,1.0
2018-08-28,40.6,41.1,40.5,40.7,35.2679657218794,56144,0.0,1.0
2018-08-27,40.7,40.95,40.3,40.5,35.0946587650151,69917,0.0,1.0
2018-08-24,40.5,40.65,40.2,40.55,35.1379855042311,83115,0.0,1.0
2018-08-23,41.35,41.35,40.3,40.45,35.051332025799,60801,0.0,1.0
2018-08-22,41.15,41.5,40.85,41.45,35.9178668101204,96666,0.0,1.0
2018-08-21,40.95,41.6,40.95,41.25,35.7445598532561,127237,0.0,1.0
2018-08-20,40.75,41.03,40.5,40.9,35.4412726787436,117610,0.0,1.0
2018-08-17,39.85,40.8,39.65,40.65,35.2246389826633,374190,0.0,1.0
2018-08-16,39.45,40.2,39.45,40.0,34.6613913728544,206873,0.0,1.0
2018-08-15,39.3,39.55,38.95,39.4,34.1414705022616,104144,0.0,1.0
2018-08-14,39.8,40.7,39.45,39.5,34.2281239806937,224982,0.0,1.0
2018-08-13,39.95,40.55,39.65,39.75,34.4447576767741,202623,0.0,1.0
2018-08-10,40.25,40.55,39.25,39.85,34.5314111552062,186039,0.0,1.0
2018-08-09,40.25,41.7,40.2,40.35,34.9646785473669,264057,0.0,1.0
2018-08-08,37.25,40.8,36.9,40.1,34.7480448512865,504059,0.0,1.0
2018-08-07,35.1,36.3,35.03,35.5,30.7619848434083,117616,0.0,1.0
2018-08-06,34.75,35.3,34.75,35.0,30.3287174512476,57083,0.0,1.0
2018-08-03,34.5,35.2,34.5,34.9,30.2420639728155,46567,0.0,1.0
2018-08-02,34.5,35.0,34.35,34.85,30.1987372335994,62674,0.0,1.0
2018-08-01,35.3,35.3,34.65,34.75,30.1120837551673,66504,0.0,1.0
2018-07-31,34.45,35.48,34.35,35.25,30.5453511473279,93084,0.0,1.0
2018-07-30,34.25,34.75,34.2,34.33,29.7481391457523,118947,0.0,1.0
2018-07-27,34.95,35.2,34.2,34.4,29.8087965806548,118770,0.0,1.0
2018-07-26,35.0,35.5,34.45,34.92,30.2593946685019,122529,0.0,1.0
2018-07-25,34.85,34.95,34.35,34.95,30.2853907120315,78036,0.0,1.0
2018-07-24,35.15,35.25,34.73,34.8,30.1554104943833,78995,0.0,1.0
2018-07-23,35.35,35.5,34.85,35.05,30.3720441904637,60979,0.0,1.0
2018-07-20,34.9,35.6,34.9,35.45,30.7186581041922,96024,0.0,1.0
2018-07-19,34.45,35.1,34.3,35.0,30.3287174512476,60401,0.0,1.0
2018-07-18,34.95,34.95,34.3,34.65,30.0254302767351,56000,0.0,1.0
2018-07-17,35.05,35.25,34.95,35.1,30.4153709296797,42166,0.0,1.0
2018-07-16,35.5,35.5,34.7,35.0,30.3287174512476,70255,0.0,1.0
2018-07-13,35.25,35.7,35.25,35.45,30.7186581041922,36916,0.0,1.0
2018-07-12,35.8,35.8,35.15,35.4,30.6753313649761,53242,0.0,1.0
2018-07-11,35.75,35.95,35.55,35.55,30.8053115826243,59665,0.0,1.0
2018-07-10,35.55,35.95,35.47,35.8,31.0219452787047,70230,0.0,1.0
2018-07-09,35.65,35.99,35.35,35.5,30.7619848434083,51030,0.0,1.0
2018-07-06,35.1,35.7,35.05,35.6,30.8486383218404,53810,0.0,1.0
2018-07-05,34.5,35.1,34.25,35.05,30.3720441904637,79218,0.0,1.0
2018-07-03,34.6,35.2,34.3,34.35,29.7654698414387,61000,0.0,1.0
2018-07-02,33.95,34.55,33.95,34.55,29.938776798303,70435,0.0,1.0
2018-06-29,34.05,34.5,33.95,34.2,29.6354896237905,75125,0.165,1.0
2018-06-28,34.2,34.35,33.8,34.1,29.4069604589337,51490,0.0,1.0
2018-06-27,34.6,34.8,34.25,34.25,29.5363165899847,68523,0.0,1.0
2018-06-26,34.7,35.3,34.5,34.7,29.9243849831378,155054,0.0,1.0
2018-06-25,34.85,35.1,34.4,34.65,29.8812662727875,89245,0.0,1.0
2018-06-22,35.15,35.7,34.45,35.0,30.1830972452399,234224,0.0,1.0
2018-06-21,35.2,35.45,34.7,34.85,30.0537411141888,70668,0.0,1.0
2018-06-20,35.0,35.4,34.7,35.15,30.3124533762909,72596,0.0,1.0
2018-06-19,35.05,35.35,34.75,34.75,29.9675036934882,92560,0.0,1.0
2018-06-18,34.9,35.6,34.55,35.25,30.3986907969916,90663,0.0,1.0
2018-06-15,34.35,35.25,34.0,35.2,30.3555720866412,230059,0.0,1.0
2018-06-14,34.15,34.58,34.0,34.45,29.7087914313861,77896,0.0,1.0
2018-06-13,33.4,34.17,33.33,34.1,29.4069604589337,99865,0.0,1.0
2018-06-12,33.6,33.6,32.92,33.4,28.8032985140289,172487,0.0,1.0
2018-06-11,33.95,34.0,33.4,33.65,29.0188920657806,107468,0.0,1.0
2018-06-08,33.55,34.0,33.4,33.9,29.2344856175323,92110,0.0,1.0
2018-06-07,33.45,33.7,33.3,33.6,28.9757733554303,81415,0.0,1.0
2018-06-06,33.15,33.45,32.9,33.4,28.8032985140289,103632,0.0,1.0
2018-06-05,33.0,33.1,32.6,33.05,28.5014675415765,92928,0.0,1.0
2018-06-04,33.55,34.05,32.6,32.95,28.4152301208758,160100,0.0,1.0
2018-06-01,32.55,33.6,32.5,33.55,28.9326546450799,175184,0.0,1.0
2018-05-31,32.8,32.8,32.1,32.3,27.8546868863214,202577,0.0,1.0
2018-05-30,32.3,32.9,32.3,32.7,28.1996365691241,227520,0.0,1.0
2018-05-29,32.65,32.85,32.1,32.2,27.7684494656207,109750,0.0,1.0
2018-05-25,32.3,32.85,32.05,32.85,28.3289927001751,139142,0.0,1.0
2018-05-24,32.2,32.75,32.1,32.5,28.0271617277227,193519,0.0,1.0
2018-05-23,32.55,32.55,31.98,32.35,27.8978055966717,122832,0.0,1.0
2018-05-22,32.75,33.0,32.7,32.75,28.2427552794744,122752,0.0,1.0
2018-05-21,32.3,32.95,32.2,32.8,28.2858739898248,102841,0.0,1.0
2018-05-18,32.55,32.65,32.05,32.3,27.8546868863214,104299,0.0,1.0
2018-05-17,31.85,32.55,31.85,32.45,27.9840430173724,131257,0.0,1.0
2018-05-16,31.35,31.95,31.35,31.8,27.4234997828179,138617,0.0,1.0
2018-05-15,31.1,31.55,31.05,31.3,26.9923126793145,62054,0.0,1.0
2018-05-14,31.35,31.85,31.2,31.3,26.9923126793145,123745,0.0,1.0
2018-05-11,31.15,31.45,31.0,31.3,26.9923126793145,67182,0.0,1.0
2018-05-10,31.45,31.45,30.85,31.0,26.7336004172125,179721,0.0,1.0
2018-05-09,31.05,31.85,31.05,31.38,27.0613026158751,44242,0.0,1.0
2018-05-08,31.75,32.75,29.86,31.33,27.0181839055247,214521,0.0,1.0
2018-05-07,33.2,33.9,32.65,33.65,29.0188920657806,86216,0.0,1.0
2018-05-04,31.95,33.2,31.95,33.1,28.5445862519268,67301,0.0,1.0
2018-05-03,32.1,32.2,31.7,32.1,27.68221204492,65410,0.0,1.0
2018-05-02,32.45,32.5,31.95,32.3,27.8546868863214,51681,0.0,1.0
2018-05-01,32.6,32.6,31.85,32.4,27.940924307022,60661,0.0,1.0
2018-04-30,32.55,32.9,32.35,32.65,28.1565178587738,71024,0.0,1.0
2018-04-27,32.85,33.15,32.45,32.55,28.0702804380731,36803,0.0,1.0
2018-04-26,32.75,33.0,32.45,32.75,28.2427552794744,95733,0.0,1.0
2018-04-25,32.55,32.85,32.05,32.7,28.1996365691241,114133,0.0,1.0
2018-04-24,32.85,33.2,32.3,32.5,28.0271617277227,93595,0.0,1.0
2018-04-23,33.2,33.35,32.7,32.7,28.1996365691241,81553,0.0,1.0
2018-04-20,33.6,33.7,32.95,33.05,28.5014675415765,46127,0.0,1.0
2018-04-19,33.6,34.83,33.26,33.75,29.1051294864813,130249,0.0,1.0
2018-04-18,33.7,34.15,33.4,33.7,29.062010776131,61131,0.0,1.0
2018-04-17,33.45,33.95,33.4,33.7,29.062010776131,92983,0.0,1.0
2018-04-16,32.75,33.3,32.4,33.25,28.6739423829779,68200,0.0,1.0
2018-04-13,32.75,32.75,32.25,32.5,28.0271617277227,35972,0.0,1.0
2018-04-12,32.5,32.85,32.2,32.6,28.1133991484234,85279,0.0,1.0
2018-04-11,32.75,32.95,31.8,32.4,27.940924307022,93212,0.0,1.0
2018-04-10,33.0,33.2,32.8,33.0,28.4583488312262,68786,0.0,1.0
2018-04-09,32.75,33.05,32.4,32.65,28.1565178587738,74116,0.0,1.0
2018-04-06,32.65,33.05,32.39,32.55,28.0702804380731,76240,0.0,1.0
2018-04-05,32.9,33.15,32.65,32.9,28.3721114105255,59103,0.0,1.0
2018-04-04,31.8,32.85,31.8,32.8,28.2858739898248,161225,0.0,1.0
2018-04-03,32.4,32.7,32.0,32.1,27.68221204492,182833,0.0,1.0
2018-04-02,32.95,33.15,32.0,32.2,27.7684494656207,104577,0.0,1.0
2018-03-29,32.75,33.2,32.75,33.1,28.5445862519268,135442,0.165,1.0
2018-03-28,32.75,33.15,32.5,32.7,28.0597616244704,51664,0.0,1.0
2018-03-27,33.1,33.3,32.5,32.8,28.1455712930468,96355,0.0,1.0
2018-03-26,32.9,33.05,32.3,33.0,28.3171906301995,124441,0.0,1.0
2018-03-23,33.9,33.9,32.35,32.45,27.8452374530295,161517,0.0,1.0
2018-03-22,34.55,34.85,33.85,33.9,29.0894776473867,74736,0.0,1.0
2018-03-21,35.05,35.05,34.55,34.7,29.7759549959976,81542,0.0,1.0
2018-03-20,34.85,35.1,34.55,35.1,30.1191936703031,104998,0.0,1.0
2018-03-19,35.45,35.45,34.2,34.75,29.8188598302858,112111,0.0,1.0
2018-03-16,35.25,35.55,34.85,35.45,30.4195275103204,338294,0.0,1.0
2018-03-15,36.0,36.25,35.15,35.25,30.2479081731676,77957,0.0,1.0
2018-03-14,36.5,36.5,35.9,36.0,30.8914806874904,104549,0.0,1.0
2018-03-13,37.05,37.2,36.2,36.3,31.1489096932194,63917,0.0,1.0
2018-03-12,36.6,37.05,36.45,37.05,31.7924822075422,74321,0.0,1.0
2018-03-09,36.3,36.86,35.8,36.65,31.4492435332367,96427,0.0,1.0
2018-03-08,36.8,36.9,35.65,36.0,30.8914806874904,62194,0.0,1.0
2018-03-07,36.05,36.8,36.05,36.7,31.4921483675249,105487,0.0,1.0
2018-03-06,36.0,36.5,35.6,36.4,31.2347193617958,116052,0.0,1.0
2018-03-05,35.45,36.1,35.05,35.9,30.805671018914,183718,0.0,1.0
2018-03-02,35.05,35.55,35.05,35.45,30.4195275103204,87544,0.0,1.0
2018-03-01,35.0,35.6,34.5,35.35,30.333717841744,128191,0.0,1.0
2018-02-28,35.15,35.85,35.05,35.05,30.0762888360149,136278,0.0,1.0
2018-02-27,35.05,35.95,35.05,35.05,30.0762888360149,201650,0.0,1.0
2018-02-26,35.15,35.3,34.85,35.05,30.0762888360149,134285,0.0,1.0
2018-02-23,34.95,35.25,34.65,35.0,30.0333840017267,160285,0.0,1.0
2018-02-22,35.6,35.8,34.8,34.9,29.9475743331504,131517,0.0,1.0
2018-02-21,35.5,36.2,35.35,35.45,30.4195275103204,92252,0.0,1.0
2018-02-20,35.95,36.85,34.85,35.4,30.3766226760322,195955,0.0,1.0
2018-02-16,36.0,36.35,35.8,36.0,30.8914806874904,209912,0.0,1.0
2018-02-15,34.5,36.9,33.3,36.0,30.8914806874904,316772,0.0,1.0
2018-02-14,31.05,31.9,30.75,31.8,27.2874746072831,84885,0.0,1.0
2018-02-13,31.15,31.65,31.15,31.3,26.8584262644013,92653,0.0,1.0
2018-02-12,31.7,31.78,31.1,31.3,26.8584262644013,135778,0.0,1.0
2018-02-09,31.95,32.0,31.15,31.75,27.244569772995,107415,0.0,1.0
2018-02-08,31.65,32.0,31.15,31.6,27.1158552701304,114930,0.0,1.0
2018-02-07,31.1,31.55,30.5,31.45,26.9871407672659,144012,0.0,1.0
2018-02-06,30.8,31.55,30.35,31.2,26.772616595825,235316,0.0,1.0
2018-02-05,33.15,33.25,31.45,31.65,27.1587601044186,259324,0.0,1.0
2018-02-02,33.9,33.9,33.1,33.25,28.5317148016404,212863,0.0,1.0
2018-02-01,34.05,34.1,33.5,34.0,29.1752873159631,140367,0.0,1.0
2018-01-31,34.7,34.8,33.9,34.1,29.2610969845395,136139,0.0,1.0
2018-01-30,34.35,34.55,33.95,34.5,29.6043356588449,70745,0.0,1.0
2018-01-29,34.6,35.0,34.5,34.55,29.6472404931331,78184,0.0,1.0
2018-01-26,34.3,34.65,33.92,34.65,29.7330501617095,110557,0.0,1.0
2018-01-25,34.0,34.4,33.8,34.2,29.3469066531158,155970,0.0,1.0
2018-01-24,34.15,34.5,33.65,33.7,28.917858310234,197157,0.0,1.0
2018-01-23,34.85,35.15,32.56,34.1,29.2610969845395,145786,0.0,1.0
2018-01-22,33.1,35.03,32.8,34.75,29.8188598302858,129977,0.0,1.0
2018-01-19,32.95,33.6,32.45,33.15,28.445905133064,155303,0.0,1.0
2018-01-18,33.65,33.65,32.9,32.95,28.2742857959113,86907,0.0,1.0
2018-01-17,33.2,33.75,33.1,33.6,28.8320486416577,140580,0.0,1.0
2018-01-16,32.9,33.5,32.7,33.15,28.445905133064,183607,0.0,1.0
2018-01-12,32.9,32.95,32.45,32.65,28.0168567901822,136222,0.0,1.0
2018-01-11,32.2,33.15,32.05,32.75,28.1026664587586,115020,0.0,1.0
2018-01-10,31.75,32.2,31.72,32.05,27.501998778724,114771,0.0,1.0
2018-01-09,32.05,32.23,31.9,31.95,27.4161891101477,134893,0.0,1.0
2018-01-08,31.45,32.1,31.0,32.0,27.4590939444359,169682,0.0,1.0
2018-01-05,31.9,32.35,31.25,31.5,27.0300456015541,101589,0.0,1.0
2018-01-04,31.7,32.05,31.45,31.85,27.3303794415713,87589,0.0,1.0
2018-01-03,31.7,32.0,31.4,31.5,27.0300456015541,117083,0.0,1.0
2018-01-02,31.2,31.75,31.0,31.65,27.1587601044186,112890,0.0,1.0
2017-12-29,31.8,31.8,31.15,31.15,26.7297117615368,93889,0.165,1.0
2017-12-28,31.65,32.25,31.6,31.9,27.2290533352395,69379,0.0,1.0
2017-12-27,32.1,32.4,31.65,31.65,27.0156595003238,54088,0.0,1.0
2017-12-26,31.9,32.3,31.75,31.95,27.2717321022226,51053,0.0,1.0
2017-12-22,32.1,32.15,31.7,31.85,27.1863745682563,67659,0.0,1.0
2017-12-21,32.25,33.25,32.05,32.05,27.3570896361889,125844,0.0,1.0
2017-12-20,31.8,32.3,31.35,32.05,27.3570896361889,74810,0.0,1.0
2017-12-19,32.15,32.5,31.65,31.75,27.1010170342901,109338,0.0,1.0
2017-12-18,32.0,32.5,31.15,32.1,27.399768403172,104374,0.0,1.0
2017-12-15,31.55,32.6,31.5,31.85,27.1863745682563,406430,0.0,1.0
2017-12-14,32.4,32.55,31.4,31.4,26.8022656654081,120234,0.0,1.0
2017-12-13,32.35,32.8,32.16,32.25,27.5278047041214,113602,0.0,1.0
2017-12-12,32.6,32.95,32.3,32.45,27.6985197720539,128527,0.0,1.0
2017-12-11,32.7,33.0,31.36,32.5,27.7411985390371,124758,0.0,1.0
2017-12-08,32.4,32.8,32.1,32.7,27.9119136069696,167457,0.0,1.0
2017-12-07,31.45,32.55,31.45,32.3,27.5704834711045,150154,0.0,1.0
2017-12-06,31.3,32.0,30.9,31.55,26.9303019663575,171226,0.0,1.0
2017-12-05,31.7,31.825,30.8,31.3,26.7169081314419,214806,0.0,1.0
2017-12-04,31.85,32.15,31.6,31.85,27.1863745682563,139917,0.0,1.0
2017-12-01,32.35,32.65,31.1,31.45,26.8449444323913,196002,0.0,1.0
2017-11-30,32.3,32.75,32.2,32.3,27.5704834711045,128463,0.0,1.0
2017-11-29,31.4,32.4,31.4,32.2,27.4851259371383,177664,0.0,1.0
2017-11-28,30.6,31.3,30.5,31.25,26.6742293644587,155183,0.0,1.0
2017-11-27,30.65,30.75,30.35,30.45,25.9913690927286,107918,0.0,1.0
2017-11-24,30.2,30.625,30.1,30.6,26.119405393678,50847,0.0,1.0
2017-11-22,30.1,30.9,29.95,30.25,25.820654024796,150151,0.0,1.0
2017-11-21,30.0,30.5,29.75,29.85,25.479223888931,158705,0.0,1.0
2017-11-20,29.85,30.45,29.85,30.05,25.6499389568635,132410,0.0,1.0
2017-11-17,30.0,30.5,29.9,30.0,25.6072601898804,142782,0.0,1.0
2017-11-16,30.25,30.85,30.05,30.15,25.7352964908298,119536,0.0,1.0
2017-11-15,30.25,30.55,29.95,30.0,25.6072601898804,78843,0.0,1.0
2017-11-14,29.85,30.65,29.85,30.45,25.9913690927286,106238,0.0,1.0
2017-11-13,30.45,30.55,29.6,30.1,25.6926177238466,161330,0.0,1.0
2017-11-10,31.0,31.305,30.525,30.55,26.0767266266948,118631,0.0,1.0
2017-11-09,30.85,31.45,30.6,31.0,26.460835529543,127742,0.0,1.0
2017-11-08,31.1,32.1,30.65,31.025,26.4821749130346,282703,0.0,1.0
2017-11-07,36.05,36.65,34.225,34.3,29.2776341504299,149469,0.0,1.0
2017-11-06,36.7,37.1,36.2,36.7,31.3262149656203,86005,0.0,1.0
2017-11-03,37.15,37.3,36.75,36.75,31.3688937326034,99553,0.0,1.0
2017-11-02,37.45,38.0,36.95,37.175,31.7316632519601,85910,0.0,1.0
2017-11-01,37.6,37.9,37.0,37.35,31.8810389364011,83423,0.0,1.0
2017-10-31,36.9,37.65,36.7,37.45,31.9663964703673,131717,0.0,1.0
2017-10-30,36.85,36.95,36.25,36.65,31.2835361986372,77947,0.0,1.0
2017-10-27,36.85,37.15,36.4,36.9,31.4969300335529,68673,0.0,1.0
2017-10-26,36.6,37.3,36.55,36.8,31.4115724995866,79463,0.0,1.0
2017-10-25,36.7,36.75,35.625,36.5,31.1554998976878,95479,0.0,1.0
2017-10-24,36.85,37.3,36.65,36.65,31.2835361986372,126379,0.0,1.0
2017-10-23,36.85,37.1,36.15,36.6,31.240857431654,104536,0.0,1.0
2017-10-20,36.15,37.0,36.05,36.85,31.4542512665697,99630,0.0,1.0
2017-10-19,35.8,36.1,35.4,35.85,30.600675926907,77029,0.0,1.0
2017-10-18,36.25,36.6867,35.9,35.9,30.6433546938902,72896,0.0,1.0
2017-10-17,36.6,37.35,36.05,36.25,30.9421060627721,147623,0.0,1.0
2017-10-16,35.8,36.7,35.7,36.6,31.240857431654,104899,0.0,1.0
2017-10-13,35.8,36.1,35.5658,35.9,30.6433546938902,55224,0.0,1.0
2017-10-12,35.25,35.9,35.25,35.6,30.3872820919914,64215,0.0,1.0
2017-10-11,34.75,35.5,34.65,35.3,30.1312094900926,93828,0.0,1.0
2017-10-10,34.4,35.0,34.3,34.6,29.5337067523287,71949,0.0,1.0
2017-10-09,35.2,35.61,33.9,34.1,29.1069190824974,132934,0.0,1.0
2017-10-06,35.25,35.55,33.955,35.4,30.2165670240588,114411,0.0,1.0
2017-10-05,34.95,35.85,34.9,35.4,30.2165670240588,124726,0.0,1.0
2017-10-04,35.05,35.05,34.65,34.8,29.7044218202612,101234,0.0,1.0
2017-10-03,34.6,35.0,34.425,34.95,29.8324581212106,97878,0.0,1.0
2017-10-02,34.4,34.7,34.0,34.65,29.5763855193118,94269,0.0,1.0
2017-09-29,34.45,34.45,33.5,34.25,29.2349553834468,106500,0.16,1.0
2017-09-28,34.45,34.55,34.0,34.55,29.3539002760269,135366,0.0,1.0
2017-09-27,34.3,34.9,33.65,34.45,29.2689396384697,204585,0.0,1.0
2017-09-26,33.8,34.3,33.125,34.15,29.0140577257979,121645,0.0,1.0
2017-09-25,33.85,34.5,33.4,33.85,28.7591758131262,122286,0.0,1.0
2017-09-22,33.7,34.05,33.5,33.95,28.8441364506834,106712,0.0,1.0
2017-09-21,33.8,33.95,32.005,33.7,28.6317348567903,107676,0.0,1.0
2017-09-20,33.5,34.25,33.25,33.9,28.8016561319048,146792,0.0,1.0
2017-09-19,33.45,33.8,33.225,33.45,28.4193332628972,73707,0.0,1.0
2017-09-18,33.3,33.65,32.85,33.5,28.4618135816759,94053,0.0,1.0
2017-09-15,32.75,33.25,32.5,33.25,28.2494119877828,255505,0.0,1.0
2017-09-14,31.9,32.8,31.8,32.7,27.7821284812179,80399,0.0,1.0
2017-09-13,31.45,32.25,31.15,31.95,27.1449236995386,146376,0.0,1.0
2017-09-12,31.4,31.6,31.2,31.45,26.7201205117524,80989,0.0,1.0
2017-09-11,31.25,31.6,30.9,31.4,26.6776401929738,102300,0.0,1.0
2017-09-08,31.65,31.65,30.85,31.0,26.3377976427448,84300,0.0,1.0
2017-09-07,31.55,31.7,31.4,31.65,26.8900417868669,73297,0.0,1.0
2017-09-06,31.45,31.7,31.2,31.55,26.8050811493097,145245,0.0,1.0
2017-09-05,31.9,31.995,31.0,31.3,26.5926795554165,91084,0.0,1.0
2017-09-01,31.85,31.95,31.55,31.85,27.0599630619814,86267,0.0,1.0
2017-08-31,32.1,32.1,31.65,31.85,27.0599630619814,102758,0.0,1.0
2017-08-30,31.7,32.1,31.5,32.05,27.2298843370959,81028,0.0,1.0
2017-08-29,31.25,31.8,31.05,31.7,26.9325221056455,93683,0.0,1.0
2017-08-28,31.35,31.45,30.9,31.4,26.6776401929738,80955,0.0,1.0
2017-08-25,31.25,31.35,30.8,31.3,26.5926795554165,54697,0.0,1.0
2017-08-24,31.7,31.7,31.025,31.15,26.4652385990807,65579,0.0,1.0
2017-08-23,31.2,31.85,31.15,31.7,26.9325221056455,65984,0.0,1.0
2017-08-22,31.35,31.7,31.05,31.35,26.6351598741952,78273,0.0,1.0
2017-08-21,31.95,31.95,31.15,31.25,26.5501992366379,153652,0.0,1.0
2017-08-18,32.0,32.3604,31.95,32.05,27.2298843370959,90601,0.0,1.0
2017-08-17,33.1,33.3,32.15,32.25,27.3998056122103,66098,0.0,1.0
2017-08-16,33.65,34.05,33.2,33.25,28.2494119877828,79666,0.0,1.0
2017-08-15,33.65,33.8,33.3,33.55,28.5042939004545,59805,0.0,1.0
2017-08-14,32.9,33.75,32.75,33.6,28.5467742192331,62329,0.0,1.0
2017-08-11,32.9,33.0,31.95,32.65,27.7396481624393,117383,0.0,1.0
2017-08-10,32.8,33.15,32.75,33.0,28.0370103938897,78375,0.0,1.0
2017-08-09,32.4,33.25,32.15,32.95,27.994530075111,117545,0.0,1.0
2017-08-08,32.5,33.15,32.0,32.6,27.6971678436607,116888,0.0,1.0
2017-08-07,33.05,33.25,31.65,32.55,27.6546875248821,235918,0.0,1.0
2017-08-04,32.85,34.95,32.75,34.0,28.8866167694621,104827,0.0,1.0
2017-08-03,34.25,34.45,33.6,34.0,28.8866167694621,65514,0.0,1.0
2017-08-02,34.5,34.65,34.15,34.25,29.0990183633552,54508,0.0,1.0
2017-08-01,34.6,34.75,34.1,34.45,29.2689396384697,86794,0.0,1.0
2017-07-31,34.5,34.6,34.05,34.45,29.2689396384697,73742,0.0,1.0
2017-07-28,34.4,34.45,33.9,34.4,29.226459319691,72961,0.0,1.0
2017-07-27,34.4,34.8442,34.05,34.45,29.2689396384697,57174,0.0,1.0
2017-07-26,34.6,34.75,34.05,34.2,29.0565380445765,55700,0.0,1.0
2017-07-25,34.15,34.85,34.0,34.6,29.3963805948055,60500,0.0,1.0
2017-07-24,33.85,34.1,33.6,33.85,28.7591758131262,67114,0.0,1.0
2017-07-21,34.85,34.85,33.7,33.85,28.7591758131262,65150,0.0,1.0
2017-07-20,34.35,34.65,33.8,34.65,29.4388609135841,67296,0.0,1.0
2017-07-19,33.45,34.4,33.45,34.35,29.1839790009124,67186,0.0,1.0
2017-07-18,33.95,34.35,33.1,33.3,28.2918923065614,85964,0.0,1.0
2017-07-17,33.45,33.8,33.4,33.75,28.674215175569,72695,0.0,1.0
2017-07-14,33.25,33.75,33.0445,33.65,28.5892545380117,94695,0.0,1.0
2017-07-13,33.35,33.7,32.85,33.25,28.2494119877828,81190,0.0,1.0
2017-07-12,33.25,33.85,33.2,33.35,28.33437262534,66623,0.0,1.0
2017-07-11,34.0,34.25,32.9,32.95,27.994530075111,135929,0.0,1.0
2017-07-10,33.65,34.55,33.65,34.05,28.9290970882407,117120,0.0,1.0
2017-07-07,33.55,33.85,33.15,33.75,28.674215175569,73202,0.0,1.0
2017-07-06,33.7,34.0,33.375,33.45,28.4193332628972,118447,0.0,1.0
2017-07-05,34.2,34.4,33.5,33.9,28.8016561319048,87859,0.0,1.0
2017-07-03,34.3,34.7,34.2,34.3,29.1414986821338,45828,0.0,1.0
2017-06-30,33.85,34.35,33.6,34.15,29.0140577257979,77832,0.0,1.0
2017-06-29,34.3,34.3,33.35,33.65,28.5892545380117,95707,0.16,1.0
2017-06-28,34.1,34.6,34.0,34.4,29.0881501362793,110000,0.0,1.0
2017-06-27,33.7,34.4,33.6,33.85,28.6230779684027,128360,0.0,1.0
2017-06-26,33.55,34.0,33.4,33.7,28.4962401044364,112779,0.0,1.0
2017-06-23,33.45,33.8,33.2,33.5,28.3271229524813,154499,0.0,1.0
2017-06-22,33.4,33.523,33.0,33.3,28.1580058005262,118576,0.0,1.0
2017-06-21,34.5,34.55,33.35,33.35,28.200285088515,124811,0.0,1.0
2017-06-20,35.55,35.55,34.45,34.45,29.1304294242681,89389,0.0,1.0
2017-06-19,35.85,36.0,35.5,35.7,30.1874116239875,94924,0.0,1.0
2017-06-16,36.5,36.5,35.4,35.7,30.1874116239875,190464,0.0,1.0
2017-06-15,36.8,37.0,36.15,36.9,31.2021145357182,100656,0.0,1.0
2017-06-14,37.15,37.35,36.8,37.0,31.2866731116958,80942,0.0,1.0
2017-06-13,37.55,37.673,36.85,37.1,31.3712316876733,93687,0.0,1.0
2017-06-12,37.95,38.05,36.975,37.5,31.7094659915835,372374,0.0,1.0
2017-06-09,37.0,38.0,37.0,37.9,32.0477002954938,254042,0.0,1.0
2017-06-08,36.15,37.1,35.75,37.05,31.3289523996845,133535,0.0,1.0
2017-06-07,36.0,36.475,35.9,36.1,30.5256459278978,157052,0.0,1.0
2017-06-06,35.95,36.25,35.2,36.1,30.5256459278978,182931,0.0,1.0
2017-06-05,36.1,36.3,35.85,36.1,30.5256459278978,135377,0.0,1.0
2017-06-02,35.55,36.3,35.5,36.1,30.5256459278978,127870,0.0,1.0
2017-06-01,35.15,35.6,35.05,35.55,30.0605737600212,86332,0.0,1.0
2017-05-31,35.1,35.2,34.85,35.1,29.6800601681222,226141,0.0,1.0
2017-05-30,34.95,35.35,34.7,35.15,29.722339456111,132618,0.0,1.0
2017-05-26,35.2,35.3,34.8,35.05,29.6377808801334,78757,0.0,1.0
2017-05-25,35.15,35.3,34.9,35.05,29.6377808801334,69578,0.0,1.0
2017-05-24,34.75,35.1,34.605,35.0,29.5955015921446,101155,0.0,1.0
2017-05-23,33.75,35.4,33.7,34.9,29.5109430161671,212923,0.0,1.0
2017-05-22,34.15,34.3,33.75,33.75,28.5385193924252,92499,0.0,1.0
2017-05-19,34.3,34.75,33.9,34.2,28.9190329843242,215931,0.0,1.0
2017-05-18,33.65,34.45,33.575,34.3,29.0035915603017,143996,0.0,1.0
2017-05-17,34.35,34.55,33.65,33.85,28.6230779684027,353399,0.0,1.0
2017-05-16,34.15,34.75,34.0,34.65,29.2995465762232,206026,0.0,1.0
2017-05-15,33.15,34.4,33.15,34.0,28.7499158323691,173993,0.0,1.0
2017-05-12,32.85,33.15,32.7,33.15,28.0311679365598,106971,0.0,1.0
2017-05-11,32.75,33.1,32.25,33.0,27.9043300725935,118076,0.0,1.0
2017-05-10,32.15,33.15,31.925,32.75,27.6929336326496,222667,0.0,1.0
2017-05-09,33.05,33.05,32.05,32.2,27.2278614647731,146277,0.0,1.0
2017-05-08,32.9,33.35,32.75,32.9,27.819771496616,199851,0.0,1.0
2017-05-05,33.35,33.35,32.4536,32.925,27.8409111406103,117244,0.0,1.0
2017-05-04,34.0,34.7,32.05,33.4,28.2425643765037,473707,0.0,1.0
2017-05-03,36.65,36.65,34.5622,36.0,30.4410873519202,268644,0.0,1.0
2017-05-02,36.8,37.1,36.55,36.7,31.0329973837631,104054,0.0,1.0
2017-05-01,37.55,37.55,36.55,36.95,31.244393823707,125360,0.0,1.0
2017-04-28,38.1,38.15,37.275,37.35,31.5826281276172,101349,0.0,1.0
2017-04-27,37.85,38.225,37.25,37.95,32.0899795834825,247619,0.0,1.0
2017-04-26,37.4,38.05,37.3,37.7,31.8785831435387,146234,0.0,1.0
2017-04-25,37.6,37.8,37.3,37.35,31.5826281276172,125606,0.0,1.0
2017-04-24,38.05,38.05,37.25,37.4,31.624907415606,121945,0.0,1.0
2017-04-21,38.0,38.15,37.5,37.55,31.7517452795723,91251,0.0,1.0
2017-04-20,37.85,38.25,37.7,38.2,32.3013760234264,90287,0.0,1.0
2017-04-19,38.3,38.35,37.5,37.65,31.8363038555499,70407,0.0,1.0
2017-04-18,37.35,38.35,37.25,38.15,32.2590967354377,72294,0.0,1.0
2017-04-17,37.25,37.5,37.0,37.4,31.624907415606,127781,0.0,1.0
2017-04-13,38.05,38.5,37.1,37.1,31.3712316876733,77755,0.0,1.0
2017-04-12,38.75,38.85,37.95,38.0,32.1322588714713,82722,0.0,1.0
2017-04-11,38.15,39.35,38.05,38.8,32.8087274792918,106724,0.0,1.0
2017-04-10,37.4,38.55,37.3,38.3,32.385934599404,132045,0.0,1.0
2017-04-07,37.55,37.75,37.3,37.5,31.7094659915835,191404,0.0,1.0
2017-04-06,37.4,37.8,37.3,37.7,31.8785831435387,93102,0.0,1.0
2017-04-05,37.9,38.4,37.25,37.4,31.624907415606,149679,0.0,1.0
2017-04-04,37.3,38.1,37.2,37.9,32.0477002954938,117166,0.0,1.0
2017-04-03,37.8,38.05,37.2,37.3,31.5403488396284,149493,0.0,1.0
2017-03-31,37.75,38.35,37.75,37.9,32.0477002954938,242917,0.0,1.0
2017-03-30,38.45,39.05,37.55,37.8,31.9631417195162,145689,0.16,1.0
2017-03-29,38.35,39.2,38.35,38.75,32.6283388206336,103301,0.0,1.0
2017-03-28,38.05,38.7,37.9,38.45,32.3757323265384,86878,0.0,1.0
2017-03-27,38.05,38.65,37.4,38.25,32.2073279971416,97413,0.0,1.0
2017-03-24,38.3,39.1,37.95,38.1,32.081024750094,130640,0.0,1.0
2017-03-23,38.3,38.75,37.9,38.2,32.1652269147924,90896,0.0,1.0
2017-03-22,38.15,38.8,37.55,38.4,32.3336312441892,108195,0.0,1.0
2017-03-21,38.85,39.1,38.0,38.15,32.1231258324432,112472,0.0,1.0
2017-03-20,39.25,39.25,38.55,38.75,32.6283388206336,183974,0.0,1.0
2017-03-17,38.4,39.25,37.7,39.25,33.0493496441257,346307,0.0,1.0
2017-03-16,38.65,38.95,38.15,38.6,32.502035573586,83364,0.0,1.0
2017-03-15,38.9,39.0,38.15,38.55,32.4599344912368,102117,0.0,1.0
2017-03-14,38.55,38.75,38.25,38.65,32.5441366559352,95864,0.0,1.0
2017-03-13,37.75,38.85,37.75,38.7,32.5862377382844,141697,0.0,1.0
2017-03-10,37.85,38.25,37.5,37.85,31.870519338348,83421,0.0,1.0
2017-03-09,37.5,38.2,37.055,37.6,31.6600139266019,89477,0.0,1.0
2017-03-08,38.65,38.65,37.4,37.45,31.5337106795543,95762,0.0,1.0
2017-03-07,38.55,39.1,38.45,38.5,32.4178334088876,85289,0.0,1.0
2017-03-06,38.9,39.25,38.5464,38.7,32.5862377382844,102935,0.0,1.0
2017-03-03,38.95,39.65,38.6,38.95,32.7967431500305,86986,0.0,1.0
2017-03-02,40.25,40.25,39.1,39.2,33.0072485617765,71307,0.0,1.0
2017-03-01,39.8,40.85,39.75,40.4,34.0176745381574,94870,0.0,1.0
2017-02-28,39.95,40.65,39.45,39.55,33.3019561382209,201191,0.0,1.0
2017-02-27,39.85,40.25,39.35,40.1,33.7650680440622,105680,0.0,1.0
2017-02-24,39.85,40.2,39.7,39.9,33.5966637146654,90297,0.0,1.0
2017-02-23,39.5,40.5,39.0,40.25,33.8913712911098,201932,0.0,1.0
2017-02-22,39.9,40.05,39.1,39.35,33.1335518088241,135401,0.0,1.0
2017-02-21,40.2,40.6,40.0,40.0,33.6808658793638,121852,0.0,1.0
2017-02-17,40.5,40.95,39.95,40.05,33.722966961713,153125,0.0,1.0
2017-02-16,39.4,41.45,38.4701,39.95,33.6387647970146,375254,0.0,1.0
2017-02-15,37.5,38.75,37.4169,38.55,32.4599344912368,99973,0.0,1.0
2017-02-14,37.4,38.0,37.15,37.75,31.7863171736496,78783,0.0,1.0
2017-02-13,37.85,38.45,37.4,37.55,31.6179128442527,82158,0.0,1.0
2017-02-10,38.3,38.75,37.6,37.95,31.9547215030464,91934,0.0,1.0
2017-02-09,37.5,38.4,37.5,38.3,32.2494290794908,131814,0.0,1.0
2017-02-08,37.35,37.9,37.2,37.5,31.5758117619035,106293,0.0,1.0
2017-02-07,37.25,37.8,36.85,37.3,31.4074074325067,153657,0.0,1.0
2017-02-06,37.4,37.55,36.85,37.2,31.3232052678083,99491,0.0,1.0
2017-02-03,37.85,38.0,37.05,37.2,31.3232052678083,135598,0.0,1.0
2017-02-02,37.4,37.9,37.2,37.55,31.6179128442527,125456,0.0,1.0
2017-02-01,37.9,37.9,37.325,37.5,31.5758117619035,93031,0.0,1.0
2017-01-31,37.05,37.9,37.05,37.75,31.7863171736496,141962,0.0,1.0
2017-01-30,37.5,37.6,37.05,37.15,31.2811041854591,89842,0.0,1.0
2017-01-27,37.4,37.95,37.15,37.75,31.7863171736496,110243,0.0,1.0
2017-01-26,37.85,38.4186,37.25,37.35,31.4495085148559,107270,0.0,1.0
2017-01-25,38.15,38.745,37.55,37.95,31.9547215030464,175131,0.0,1.0
2017-01-24,36.9,37.5,36.55,37.4,31.4916095972051,268958,0.0,1.0
2017-01-23,37.05,37.45,36.7,36.8,30.9863966090147,189838,0.0,1.0
2017-01-20,36.5,37.6,36.45,37.05,31.1969020207607,254972,0.0,1.0
2017-01-19,37.8,38.0,36.7,36.75,30.9442955266655,180290,0.0,1.0
2017-01-18,38.3,38.85,37.4,37.8,31.8284182559988,114679,0.0,1.0
2017-01-17,38.45,38.67,37.85,38.3,32.2494290794908,131028,0.0,1.0
2017-01-13,38.95,39.85,38.1,38.5,32.4178334088876,135899,0.0,1.0
2017-01-12,40.05,40.1,39.15,39.5,33.2598550558717,83564,0.0,1.0
2017-01-11,40.55,40.575,40.0,40.2,33.8492702087606,109925,0.0,1.0
2017-01-10,41.0,41.85,40.6,40.85,34.3965842793002,151106,0.0,1.0
2017-01-09,39.0,41.5,39.0,41.1,34.6070896910463,145385,0.0,1.0
2017-01-06,40.2,40.2,38.75,39.15,32.9651474794273,251182,0.0,1.0
2017-01-05,42.3,43.0,39.8,40.05,33.722966961713,225450,0.0,1.0
2017-01-04,42.9,43.5,42.4,42.55,35.8280210791732,246247,0.0,1.0
2017-01-03,44.4,44.45,43.0,43.3,36.4595373144113,180635,0.0,1.0
2016-12-30,43.85,44.75,43.7,44.7,37.638367620189,103978,0.0,1.0
2016-12-29,44.05,44.45,43.8,43.9,36.9647503026017,114917,0.16,1.0
2016-12-28,44.1,44.2,43.7,44.15,37.040257055376,103212,0.0,1.0
2016-12-27,44.1,44.45,43.85,44.1,36.9983088593903,57597,0.0,1.0
2016-12-23,43.45,44.2,42.9,44.2,37.0822052513617,93432,0.0,1.0
2016-12-22,44.0,44.15,43.25,43.6,36.5788268995333,68195,0.0,1.0
2016-12-21,44.55,44.85,43.95,44.0,36.9144124674189,134235,0.0,1.0
2016-12-20,43.45,44.9,43.0,44.8,37.5855836031901,147973,0.0,1.0
2016-12-19,42.7,44.3,41.75,43.45,36.4529823115762,185156,0.0,1.0
2016-12-16,41.3,42.925,40.9,42.45,35.6140183918621,453836,0.0,1.0
2016-12-15,41.2,41.7,40.8,41.4,34.7331062761623,265698,0.0,1.0
2016-12-14,41.5,41.75,40.95,41.25,34.6072616882052,73308,0.0,1.0
2016-12-13,41.85,41.9,40.95,41.5,34.8170026681337,280757,0.0,1.0
2016-12-12,41.8,42.05,41.55,41.7,34.9847954520765,133117,0.0,1.0
2016-12-09,42.0,42.2,41.5,41.8,35.0686918440479,193650,0.0,1.0
2016-12-08,41.3,42.95,40.755,42.25,35.4462256079193,230000,0.0,1.0
2016-12-07,41.4,41.75,40.8385,41.3,34.6492098841909,163196,0.0,1.0
2016-12-06,40.75,41.8582,39.505,41.35,34.6911580801766,213337,0.0,1.0
2016-12-05,39.15,40.45,39.15,40.45,33.936090552434,134932,0.0,1.0
2016-12-02,39.7,39.95,38.85,39.25,32.9293338487771,118469,0.0,1.0
2016-12-01,39.4,40.15,39.25,39.8,33.3907640046198,117788,0.0,1.0
2016-11-30,39.05,39.7,38.95,39.35,33.0132302407485,112355,0.0,1.0
2016-11-29,38.45,39.15,38.2,38.9,32.6356964768772,261721,0.0,1.0
2016-11-28,40.05,40.45,38.075,38.25,32.090369929063,182823,0.0,1.0
2016-11-25,39.0,40.75,38.7,40.3,33.8102459644768,179239,0.0,1.0
2016-11-23,38.85,39.0,38.35,38.8,32.5518000849057,105367,0.0,1.0
2016-11-22,38.3,39.0,37.955,39.0,32.7195928688486,148261,0.0,1.0
2016-11-21,39.0,39.0,37.15,38.2,32.0484217330773,127620,0.0,1.0
2016-11-18,38.6,39.65,36.555,39.0,32.7195928688486,295535,0.0,1.0
2016-11-17,36.75,38.6,36.75,38.5,32.3001109089915,180709,0.0,1.0
2016-11-16,37.3,37.35,36.5,36.9,30.957768637449,142664,0.0,1.0
2016-11-15,35.25,37.4662,35.25,37.3,31.2933542053346,222435,0.0,1.0
2016-11-14,35.4,35.5,34.75,35.25,29.5734781699208,258441,0.0,1.0
2016-11-11,34.6,35.25,34.1,35.15,29.4895817779494,216000,0.0,1.0
2016-11-10,35.85,36.0,34.1,34.5,28.9442552301353,213394,0.0,1.0
2016-11-09,35.95,36.6,35.0,35.65,29.9090637378064,202917,0.0,1.0
2016-11-08,38.495,38.495,36.0,36.65,30.7480276575205,262480,0.0,1.0
2016-11-07,38.4,39.2,38.2,38.85,32.5937482808915,134938,0.0,1.0
2016-11-04,38.1,38.45,37.53,38.2,32.0484217330773,69467,0.0,1.0
2016-11-03,39.0,39.2,37.95,38.1,31.9645253411059,71008,0.0,1.0
2016-11-02,38.9,39.2,38.6,38.95,32.6776446728629,96008,0.0,1.0
2016-11-01,38.05,39.45,37.95,39.15,32.8454374568057,98871,0.0,1.0
2016-10-31,37.6,38.15,37.1,38.05,31.9225771451202,107612,0.0,1.0
2016-10-28,37.75,38.1,37.25,37.35,31.3353024013204,41622,0.0,1.0
2016-10-27,38.0,38.05,37.35,37.75,31.670887969206,45640,0.0,1.0
2016-10-26,38.05,38.35,37.55,37.65,31.5869915772346,59010,0.0,1.0
2016-10-25,38.05,38.7,38.05,38.35,32.1742663210344,86824,0.0,1.0
2016-10-24,37.25,38.35,37.0,38.3,32.1323181250487,77935,0.0,1.0
2016-10-21,36.75,37.2,36.4,37.05,31.0836132254061,36477,0.0,1.0
2016-10-20,36.7,37.15,36.6,36.95,30.9997168334347,55293,0.0,1.0
2016-10-19,36.2,36.95,35.8,36.8,30.8738722454776,90060,0.0,1.0
2016-10-18,36.65,36.65,35.9,36.05,30.2446493056921,68249,0.0,1.0
2016-10-17,36.55,36.85,36.15,36.2,30.3704938936492,63191,0.0,1.0
2016-10-14,37.25,37.275,36.35,36.7,30.7899758535062,92451,0.0,1.0
2016-10-13,37.05,37.45,36.7,37.15,31.1675096173775,86528,0.0,1.0
2016-10-12,37.45,37.95,37.0,37.4,31.3772505973061,61371,0.0,1.0
2016-10-11,37.1,37.5,36.5,37.45,31.4191987932918,90254,0.0,1.0
2016-10-10,35.9,37.3,35.85,37.25,31.2514060093489,85538,0.0,1.0
2016-10-07,36.18,36.23,35.385,35.79,30.0265186865664,70231,0.0,1.0
2016-10-06,35.58,36.32,35.58,36.15,30.3285456976635,56140,0.0,1.0
2016-10-05,36.03,36.03,35.52,35.69,29.942622294595,122587,0.0,1.0
2016-10-04,35.75,36.225,35.59,35.76,30.001349768975,56334,0.0,1.0
2016-10-03,36.02,36.19,35.6,35.78,30.0181290473693,121215,0.0,1.0
2016-09-30,35.0,36.48,34.98,36.18,30.3537146152549,155083,0.0,1.0
2016-09-29,34.98,35.22,34.51,34.88,29.2630615196266,102358,0.155,1.0
2016-09-28,34.99,35.76,34.65,35.16,29.3674680470978,119108,0.0,1.0
2016-09-27,34.68,35.53,34.61,35.01,29.2421802141324,199911,0.0,1.0
2016-09-26,35.43,36.95,34.25,34.79,29.0584247257831,647324,0.0,1.0
2016-09-23,34.85,35.07,34.48,34.74,29.0166621147946,78978,0.0,1.0
2016-09-22,34.98,35.01,34.31,34.96,29.2004176031439,106169,0.0,1.0
2016-09-21,34.54,35.7295,34.13,34.72,28.9999570703992,146825,0.0,1.0
2016-09-20,35.11,35.18,34.24,34.4,28.7326763600729,90226,0.0,1.0
2016-09-19,35.32,35.43,34.72,34.9,29.1503024699577,159907,0.0,1.0
2016-09-16,35.93,36.005,35.0,35.2,29.4008781358886,178208,0.0,1.0
2016-09-15,35.25,35.81,35.1053,35.79,29.8936769455526,117654,0.0,1.0
2016-09-14,34.85,35.33,34.68,35.1,29.3173529139116,77301,0.0,1.0
2016-09-13,35.16,35.52,34.54,34.76,29.03336715919,106293,0.0,1.0
2016-09-12,35.6,35.9099,34.77,35.43,29.5929861464356,127885,0.0,1.0
2016-09-09,36.66,36.66,35.71,35.74,29.8519143345642,112883,0.0,1.0
2016-09-08,37.66,37.66,36.8,36.88,30.8041018651015,93631,0.0,1.0
2016-09-07,37.71,38.035,37.01,37.78,31.5558288628941,117717,0.0,1.0
2016-09-06,38.33,38.33,37.53,37.72,31.5057137297079,68580,0.0,1.0
2016-09-02,36.86,38.48,36.81,38.3,31.9901600171742,78292,0.0,1.0
2016-09-01,36.88,36.95,36.4,36.78,30.7205766431245,81888,0.0,1.0
2016-08-31,36.59,37.04,36.35,36.95,30.8625695204853,122887,0.0,1.0
2016-08-30,36.38,37.21,36.38,36.63,30.5952888101591,82945,0.0,1.0
2016-08-29,36.1,36.48,35.8,36.39,30.3948282774144,61592,0.0,1.0
2016-08-26,36.48,36.86,35.87,36.14,30.186015222472,68768,0.0,1.0
2016-08-25,36.04,36.9,36.0,36.38,30.3864757552167,50142,0.0,1.0
2016-08-24,36.5,36.66,36.1,36.22,30.2528354000535,61020,0.0,1.0
2016-08-23,36.13,36.99,36.13,36.53,30.5117635881821,57531,0.0,1.0
2016-08-22,35.81,36.37,35.34,36.12,30.1693101780766,47832,0.0,1.0
2016-08-19,35.61,36.2699,35.34,35.95,30.0273173007158,77218,0.0,1.0
2016-08-18,35.67,35.99,35.55,35.82,29.9187345121457,48766,0.0,1.0
2016-08-17,35.79,36.005,35.43,35.68,29.801799201378,85011,0.0,1.0
2016-08-16,36.31,36.31,35.77,35.83,29.9270870343434,102974,0.0,1.0
2016-08-15,36.72,36.77,36.07,36.36,30.3697707108213,154552,0.0,1.0
2016-08-12,36.73,37.4,36.46,37.32,31.1716128418001,53371,0.0,1.0
2016-08-11,37.06,37.26,36.65,36.81,30.7456342097176,59617,0.0,1.0
2016-08-10,37.12,37.2299,36.54,36.98,30.8876270870784,63162,0.0,1.0
2016-08-09,37.47,37.48,36.8901,36.99,30.8959796092761,110337,0.0,1.0
2016-08-08,37.75,38.35,37.45,37.5,31.3219582413586,109274,0.0,1.0
2016-08-05,36.33,37.97,36.21,37.55,31.3637208523471,156359,0.0,1.0
2016-08-04,35.02,37.34,35.01,36.3,30.3196555776351,150302,0.0,1.0
2016-08-03,35.98,36.46,35.73,36.22,30.2528354000535,114133,0.0,1.0
2016-08-02,36.48,36.7,35.55,35.91,29.993907211925,81980,0.0,1.0
2016-08-01,36.76,36.78,35.81,36.36,30.3697707108213,132088,0.0,1.0
2016-07-29,37.12,37.6,36.75,36.98,30.8876270870784,111651,0.0,1.0
2016-07-28,37.37,37.41,36.63,37.24,31.1047926642185,48029,0.0,1.0
2016-07-27,37.02,37.41,36.78,37.34,31.1883178861955,69113,0.0,1.0
2016-07-26,36.291,37.13,36.291,37.0,30.9043321314738,61545,0.0,1.0
2016-07-25,36.75,37.15,36.34,36.59,30.5618787213683,82046,0.0,1.0
2016-07-22,35.92,36.75,35.654,36.7,30.6537564655429,81299,0.0,1.0
2016-07-21,36.33,36.33,34.69,35.78,29.8853244233549,93135,0.0,1.0
2016-07-20,36.4,36.75,36.07,36.35,30.3614181886236,128564,0.0,1.0
2016-07-19,36.67,36.96,36.04,36.27,30.294598011042,139446,0.0,1.0
2016-07-18,37.09,37.469,36.43,36.88,30.8041018651015,102430,0.0,1.0
2016-07-15,37.33,37.62,35.31,37.03,30.9293896980669,108139,0.0,1.0
2016-07-14,36.97,37.35,36.71,37.04,30.9377422202646,127182,0.0,1.0
2016-07-13,36.68,36.9,36.31,36.6,30.570231243566,202296,0.0,1.0
2016-07-12,36.79,37.0,36.305,36.53,30.5117635881821,147000,0.0,1.0
2016-07-11,35.85,36.72,35.71,36.62,30.5869362879614,60495,0.0,1.0
2016-07-08,35.33,35.98,35.16,35.78,29.8853244233549,137401,0.0,1.0
2016-07-07,35.11,35.66,34.46,34.93,29.1753600365508,60802,0.0,1.0
2016-07-06,34.6,35.35,34.31,35.01,29.2421802141324,74923,0.0,1.0
2016-07-05,35.72,36.22,34.52,34.7,28.9832520260038,100611,0.0,1.0
2016-07-01,35.56,36.12,35.44,36.0,30.0690799117042,92417,0.0,1.0
2016-06-30,34.64,35.57,32.35,35.54,29.6848638906102,167274,0.0,1.0
2016-06-29,34.36,34.75,34.13,34.65,28.9414894150153,87345,0.155,1.0
2016-06-28,33.79,34.31,33.658,34.09,28.3469436620564,68360,0.0,1.0
2016-06-27,33.47,33.61,32.53,33.35,27.7316095960569,177666,0.0,1.0
2016-06-24,34.15,35.29,33.69,34.11,28.3635743124888,250305,0.0,1.0
2016-06-23,35.1,36.135,34.84,35.64,29.6358190705688,122792,0.0,1.0
2016-06-22,34.46,34.99,34.24,34.79,28.929016427191,86250,0.0,1.0
2016-06-21,34.32,34.56,33.56,34.45,28.6462953698399,94538,0.0,1.0
2016-06-20,34.86,34.93,34.1901,34.45,28.6462953698399,109845,0.0,1.0
2016-06-17,33.34,34.57,33.13,34.41,28.6130340689751,378486,0.0,1.0
2016-06-16,32.65,33.29,32.09,33.23,27.6318256934624,123138,0.0,1.0
2016-06-15,32.72,33.1,32.47,32.85,27.3158433352465,146532,0.0,1.0
2016-06-14,32.7,32.73,31.87,32.64,27.1412215057061,125349,0.0,1.0
2016-06-13,33.14,33.245,32.34,32.71,27.1994287822196,372282,0.0,1.0
2016-06-10,34.0,34.4099,32.92,33.23,27.6318256934624,221642,0.0,1.0
2016-06-09,34.38,34.695,34.127,34.36,28.571457442894,260768,0.0,1.0
2016-06-08,35.89,35.89,34.55,34.57,28.7460792724344,291157,0.0,1.0
2016-06-07,36.27,36.5,35.71,35.82,29.7854949244605,137636,0.0,1.0
2016-06-06,36.44,36.53,36.22,36.39,30.2594684617845,203780,0.0,1.0
2016-06-03,36.5,36.5,35.7,36.32,30.201261185271,152337,0.0,1.0
2016-06-02,36.34,36.47,36.05,36.36,30.2345224861358,113649,0.0,1.0
2016-06-01,35.36,36.79,35.2401,36.43,30.2927297626493,290477,0.0,1.0
2016-05-31,36.5,36.5,35.159,35.78,29.7522336235957,160528,0.0,1.0
2016-05-27,36.35,36.685,36.17,36.46,30.3176757382979,136483,0.0,1.0
2016-05-26,36.38,36.75,36.0,36.29,30.1763152096224,140262,0.0,1.0
2016-05-25,36.07,36.84,35.13,36.35,30.2262071609196,173546,0.0,1.0
2016-05-24,35.88,36.33,34.98,36.06,29.9850627296496,349608,0.0,1.0
2016-05-23,34.0,35.93,34.0,35.39,29.4279359401636,480092,0.0,1.0
2016-05-20,33.7,34.29,32.51,34.22,28.4550428898671,428544,0.0,1.0
2016-05-19,31.87,33.69,31.55,33.44,27.8064475230028,534789,0.0,1.0
2016-05-18,32.71,35.2999,32.03,32.07,26.6672479683822,2322936,0.0,1.0
2016-05-17,26.56,26.8,25.78,25.94,21.5699536108461,349157,0.0,1.0
2016-05-16,26.52,27.16,26.29,26.53,22.0605577986024,153620,0.0,1.0
2016-05-13,27.14,27.4429,26.2,26.3,21.8693053186296,162924,0.0,1.0
2016-05-12,27.3,27.55,26.93,27.26,22.6675765393857,204434,0.0,1.0
2016-05-11,27.13,28.0,26.99,27.08,22.5179006854939,291261,0.0,1.0
2016-05-10,26.69,27.38,26.63,27.18,22.601053937656,266625,0.0,1.0
2016-05-09,29.07,29.07,26.62,26.67,22.1769723516293,473967,0.0,1.0
2016-05-06,28.22,30.115,28.22,29.35,24.4054795095733,293131,0.0,1.0
2016-05-05,29.8,29.8,27.49,28.51,23.7069921914118,722593,0.0,1.0
2016-05-04,31.74,32.66,31.58,31.66,26.3263196345176,137477,0.0,1.0
2016-05-03,33.27,33.66,31.99,32.13,26.7171399196794,135038,0.0,1.0
2016-05-02,33.73,33.75,33.1601,33.67,27.9977000029756,114525,0.0,1.0
2016-04-29,33.07,33.79,33.07,33.51,27.8646547995163,133446,0.0,1.0
2016-04-28,33.05,33.79,32.97,33.16,27.573618416949,195282,0.0,1.0
2016-04-27,33.28,33.58,32.99,33.2,27.6068797178138,134552,0.0,1.0
2016-04-26,33.0,33.34,32.8,33.33,27.7149789456245,354400,0.0,1.0
2016-04-25,33.69,33.69,32.66,32.93,27.3823659369762,125409,0.0,1.0
2016-04-22,33.09,33.83,33.09,33.83,28.130745206435,138169,0.0,1.0
2016-04-21,33.3,33.49,32.91,32.96,27.4073119126248,130871,0.0,1.0
2016-04-20,33.0,33.46,32.8,33.15,27.5653030917327,150243,0.0,1.0
2016-04-19,32.7,33.24,32.7,33.1,27.5237264656517,149022,0.0,1.0
2016-04-18,31.98,32.71,31.675,32.47,26.9998609770305,69469,0.0,1.0
2016-04-15,31.72,33.035,31.53,32.27,26.8335544727064,81967,0.0,1.0
2016-04-14,33.52,33.52,31.696,31.9,26.5258874397066,169688,0.0,1.0
2016-04-13,31.47,33.47,31.44,33.45,27.814762848219,231469,0.0,1.0
2016-04-12,31.01,31.49,30.675,31.34,26.0602292275989,117671,0.0,1.0
2016-04-11,31.08,31.74,31.0,31.06,25.8274001215451,113845,0.0,1.0
2016-04-08,29.95,30.95,29.76,30.9,25.6943549180857,126165,0.0,1.0
2016-04-07,30.15,30.4695,29.48,29.59,24.6050473147624,158571,0.0,1.0
2016-04-06,30.02,30.4,29.59,30.36,25.2453273564104,101402,0.0,1.0
2016-04-05,29.82,30.41,29.55,29.98,24.9293449981945,137869,0.0,1.0
2016-04-04,31.72,31.75,30.17,30.2,25.1122821529511,101539,0.0,1.0
2016-04-01,31.31,31.735,30.84,31.67,26.3346349597338,182825,0.0,1.0
2016-03-31,31.02,31.53,29.947,31.41,26.1184365041124,174344,0.0,1.0
2016-03-30,31.27,31.32,30.88,31.09,25.8523460971937,148875,0.155,1.0
2016-03-29,29.92,31.09,28.77,31.08,25.7158238662436,174922,0.0,1.0
2016-03-28,29.77,30.54,29.62,30.13,24.9297867789549,122494,0.0,1.0
2016-03-24,29.18,29.59,28.65,29.58,24.4747126757878,145469,0.0,1.0
2016-03-23,30.3,30.3,29.44,29.47,24.3836978551544,209634,0.0,1.0
2016-03-22,31.29,31.2983,30.265,30.5,25.2359275392673,164921,0.0,1.0
2016-03-21,30.67,31.61,30.39,31.53,26.0881572233803,180853,0.0,1.0
2016-03-18,31.03,31.73,30.59,30.61,25.3269423599008,400928,0.0,1.0
2016-03-17,30.0,30.98,29.8,30.78,25.4676016281524,262692,0.0,1.0
2016-03-16,29.31,30.2499,28.6306,29.92,24.7560312122911,95978,0.0,1.0
2016-03-15,29.47,30.0299,28.95,29.31,24.2513126615058,99697,0.0,1.0
2016-03-14,30.21,30.61,29.58,29.83,24.6815645408638,102784,0.0,1.0
2016-03-11,29.74,30.47,29.74,30.41,25.16146086784,134408,0.0,1.0
2016-03-10,30.25,30.69,28.86,29.41,24.3340534075361,105660,0.0,1.0
2016-03-09,30.15,31.08,29.99,30.25,25.0290756741914,98826,0.0,1.0
2016-03-08,32.0,32.0,29.82,29.89,24.731208988482,199683,0.0,1.0
2016-03-07,30.17,32.24,29.94,32.24,26.675616520196,260809,0.0,1.0
2016-03-04,29.9,30.83,29.64,30.24,25.0208015995883,271338,0.0,1.0
2016-03-03,27.89,29.57,27.89,29.57,24.4664386011848,172723,0.0,1.0
2016-03-02,27.54,27.93,27.38,27.91,23.0929422170804,150577,0.0,1.0
2016-03-01,27.12,27.82,26.83,27.54,22.7868014567679,129606,0.0,1.0
2016-02-29,26.7,27.85,26.7,26.85,22.2158903091583,169690,0.0,1.0
2016-02-26,26.19,27.1576,26.05,26.63,22.0338606678914,142312,0.0,1.0
2016-02-25,26.5,26.5,25.64,26.28,21.7442680567851,174391,0.0,1.0
2016-02-24,25.5,26.7552,25.3201,26.62,22.0255865932884,135970,0.0,1.0
2016-02-23,26.34,26.73,25.35,25.83,21.3719346996484,209068,0.0,1.0
2016-02-22,26.58,26.93,26.26,26.38,21.8270088028155,210056,0.0,1.0
2016-02-19,26.85,27.57,26.07,26.46,21.8932013996398,174533,0.0,1.0
2016-02-18,26.89,27.605,26.31,26.95,22.2986310551887,158944,0.0,1.0
2016-02-17,26.03,27.49,26.03,26.73,22.1166014139218,246862,0.0,1.0
2016-02-16,24.95,26.35,24.69,26.0,21.5125939679,218078,0.0,1.0
2016-02-12,24.01,25.51,23.4501,24.65,20.3955938964898,288009,0.0,1.0
2016-02-11,25.55,26.9,23.25,24.01,19.8660531218954,668175,0.0,1.0
2016-02-10,28.2,28.525,26.62,26.94,22.2903569805856,203200,0.0,1.0
2016-02-09,27.65,29.0,27.65,28.01,23.1756829631108,137936,0.0,1.0
2016-02-08,27.17,28.287,26.22,28.22,23.3494385297746,202134,0.0,1.0
2016-02-05,27.85,28.56,27.49,27.57,22.8116236805771,158162,0.0,1.0
2016-02-04,27.92,28.47,26.02,28.0,23.1674088885077,164856,0.0,1.0
2016-02-03,27.38,28.07,26.4,27.9,23.0846681424773,171075,0.0,1.0
2016-02-02,28.69,29.555,27.08,27.16,22.4723866218525,152862,0.0,1.0
2016-02-01,29.04,29.385,27.86,29.04,24.0279126472237,179722,0.0,1.0
2016-01-29,27.41,29.34,27.41,29.31,24.2513126615058,274262,0.0,1.0
2016-01-28,27.73,28.145,27.13,27.37,22.6461421885163,120737,0.0,1.0
2016-01-27,26.73,27.82,26.73,27.23,22.5303051440738,197362,0.0,1.0
2016-01-26,26.54,27.08,26.2,26.8,22.1745199361431,204638,0.0,1.0
2016-01-25,27.33,27.33,26.18,26.26,21.727719907579,128410,0.0,1.0
2016-01-22,27.75,28.24,27.47,27.74,22.9522829488287,177845,0.0,1.0
2016-01-21,25.43,27.29,25.43,27.06,22.3896458758221,228401,0.0,1.0
2016-01-20,25.01,25.85,24.05,25.59,21.1733569091754,299142,0.0,1.0
2016-01-19,27.05,27.26,25.43,25.46,21.0657939393359,227390,0.0,1.0
2016-01-15,27.07,27.27,26.42,26.87,22.2324384583644,290805,0.0,1.0
2016-01-14,27.47,28.25,27.22,27.82,23.018475545653,176920,0.0,1.0
2016-01-13,29.22,29.49,27.38,27.45,22.7123347853406,198253,0.0,1.0
2016-01-12,29.84,30.18,28.67,28.99,23.9865422742085,234020,0.0,1.0
2016-01-11,29.74,29.8623,29.21,29.58,24.4747126757878,107358,0.0,1.0
2016-01-08,29.41,29.76,29.1714,29.5,24.4085200789635,182745,0.0,1.0
2016-01-07,30.09,30.39,29.51,29.59,24.4829867503908,122650,0.0,1.0
2016-01-06,30.32,30.92,30.11,30.57,25.2938460614886,116120,0.0,1.0
2016-01-05,30.75,30.99,30.51,30.75,25.4427794043433,96822,0.0,1.0
2016-01-04,31.17,31.38,30.57,30.67,25.376586807519,266444,0.0,1.0
2015-12-31,31.52,31.92,31.3701,31.63,26.1708979694107,149773,0.0,1.0
2015-12-30,31.72,31.92,31.377,31.59,26.1378016709985,74854,0.155,1.0
2015-12-29,32.26,32.41,31.6501,32.0,26.3477603865791,67630,0.0,1.0
2015-12-28,32.31,32.48,32.0,32.12,26.4465644880288,91759,0.0,1.0
2015-12-24,32.68,33.04,32.47,32.59,26.8335472187066,32259,0.0,1.0
2015-12-23,32.31,33.25,31.5,32.75,26.9652860206395,102534,0.0,1.0
2015-12-22,31.07,32.05,30.895,32.02,26.3642277368207,82095,0.0,1.0
2015-12-21,30.77,30.94,30.46,30.92,25.458523473532,130328,0.0,1.0
2015-12-18,31.5,31.5,30.34,30.7,25.2773826208743,455772,0.0,1.0
2015-12-17,31.81,31.97,31.4,31.63,26.0431144071093,91162,0.0,1.0
2015-12-16,31.51,31.855,31.21,31.83,26.2077879095254,123148,0.0,1.0
2015-12-15,31.68,32.35,31.25,31.45,25.8949082549348,135860,0.0,1.0
2015-12-14,31.82,31.9175,31.15,31.48,25.9196092802972,158164,0.0,1.0
2015-12-11,32.24,32.3,31.62,31.85,26.224255259767,124916,0.0,1.0
2015-12-10,32.77,33.11,32.6,32.81,27.0146880713644,104182,0.0,1.0
2015-12-09,33.11,33.745,32.53,32.77,26.9817533708811,177500,0.0,1.0
2015-12-08,33.65,33.65,33.11,33.14,27.286399350351,112041,0.0,1.0
2015-12-07,33.98,34.21,33.89,34.0,27.9944954107403,157016,0.0,1.0
2015-12-04,34.2,34.42,33.72,34.18,28.1427015629148,80912,0.0,1.0
2015-12-03,35.16,35.49,34.13,34.3,28.2415056643644,140027,0.0,1.0
2015-12-02,35.01,35.515,34.635,34.9,28.7355261716128,183939,0.0,1.0
2015-12-01,34.79,35.4,34.79,35.11,28.9084333491497,131588,0.0,1.0
2015-11-30,34.1,35.07,33.7,34.47,28.3814781414182,200647,0.0,1.0
2015-11-27,34.05,34.305,33.215,33.84,27.8627566088074,40165,0.0,1.0
2015-11-25,34.07,34.63,33.84,34.06,28.0438974614651,99681,0.0,1.0
2015-11-24,33.5,34.17,33.345,34.11,28.0850658370691,95355,0.0,1.0
2015-11-23,33.02,33.95,33.0,33.64,27.6980831063913,150811,0.0,1.0
2015-11-20,34.02,34.214,32.99,33.08,27.2369972996261,183352,0.0,1.0
2015-11-19,34.54,34.69,33.64,33.94,27.9450933600154,132866,0.0,1.0
2015-11-18,34.48,34.755,33.815,34.51,28.4144128419014,131111,0.0,1.0
2015-11-17,35.13,35.8,34.39,34.58,28.472048567747,125970,0.0,1.0
2015-11-16,34.92,35.27,33.65,35.03,28.8425639481833,107712,0.0,1.0
2015-11-13,35.13,35.32,34.42,34.88,28.7190588213712,180051,0.0,1.0
2015-11-12,35.68,35.75,35.0,35.33,29.0895742018075,276896,0.0,1.0
2015-11-11,36.88,36.88,35.74,36.02,29.6576977851431,217513,0.0,1.0
2015-11-10,35.95,36.79,35.59,36.71,30.2258213684787,245242,0.0,1.0
2015-11-09,35.79,36.3,35.19,36.05,29.6823988105055,351113,0.0,1.0
2015-11-06,33.45,36.2,33.45,36.04,29.6741651353847,354472,0.0,1.0
2015-11-05,35.0,36.92,33.45,33.71,27.7557188322369,437016,0.0,1.0
2015-11-04,36.78,37.42,36.575,36.92,30.3987285460156,204104,0.0,1.0
2015-11-03,35.49,36.99,35.37,36.85,30.34109282017,159560,0.0,1.0
2015-11-02,35.31,35.73,34.5,35.46,29.1966119783779,147992,0.0,1.0
2015-10-30,34.99,35.514,34.23,35.4,29.1472099276531,235044,0.0,1.0
2015-10-29,35.77,35.775,34.75,35.02,28.8343302730625,205683,0.0,1.0
2015-10-28,34.65,36.06,34.38,36.0,29.6412304349015,185858,0.0,1.0
2015-10-27,35.22,37.5199,34.01,34.5,28.4061791667806,245117,0.0,1.0
2015-10-26,35.7,35.93,35.1801,35.5,29.2295466788612,90989,0.0,1.0
2015-10-23,36.17,36.17,35.38,35.87,29.534192658331,96762,0.0,1.0
2015-10-22,35.35,36.46,35.3,36.02,29.6576977851431,91145,0.0,1.0
2015-10-21,36.16,36.44,35.02,35.05,28.8590312984249,127407,0.0,1.0
2015-10-20,35.98,36.32,35.73,36.01,29.6494641100223,107658,0.0,1.0
2015-10-19,35.82,36.09,35.306,35.95,29.6000620592974,100446,0.0,1.0
2015-10-16,36.88,36.88,35.881,36.29,29.8800070134048,87765,0.0,1.0
2015-10-15,36.38,37.13,35.597,36.81,30.3081581196868,186149,0.0,1.0
2015-10-14,36.83,37.5,36.34,36.39,29.9623437646129,107335,0.0,1.0
2015-10-13,37.88,38.14,37.03,37.08,30.5304673479485,83725,0.0,1.0
2015-10-12,38.56,38.56,37.61,38.17,31.4279379361164,94414,0.0,1.0
2015-10-09,37.83,38.74,37.47,38.49,31.6914155399822,106355,0.0,1.0
2015-10-08,36.59,38.12,36.59,37.84,31.1562266571298,149246,0.0,1.0
2015-10-07,36.55,37.79,36.32,36.63,30.1599519675122,162738,0.0,1.0
2015-10-06,36.1,36.74,35.91,36.34,29.9211753890089,133570,0.0,1.0
2015-10-05,34.9,36.32,34.9,36.14,29.7565018865928,190762,0.0,1.0
2015-10-02,34.06,34.7899,34.01,34.69,28.5626189940759,137321,0.0,1.0
2015-10-01,34.28,34.79,33.97,34.28,28.2250383141228,165394,0.0,1.0
2015-09-30,33.91,34.21,33.03,34.06,28.0438974614651,221387,0.0,1.0
2015-09-29,33.73,33.87,32.65,33.51,27.5910453298208,228626,0.14,1.0
2015-09-28,34.66,34.66,33.71,33.82,27.7304354548154,108432,0.0,1.0
2015-09-25,34.29,35.185,34.06,34.87,28.5913744621352,181496,0.0,1.0
2015-09-24,34.0,34.18,33.42,34.07,27.9354209327487,112492,0.0,1.0
2015-09-23,33.81,34.06,33.43,34.0,27.8780249989274,139772,0.0,1.0
2015-09-22,34.0,34.01,33.6,33.72,27.6484412636421,148059,0.0,1.0
2015-09-21,34.47,35.18,34.15,34.42,28.2224006018553,103799,0.0,1.0
2015-09-18,34.85,35.28,33.88,34.18,28.0256145430394,219951,0.0,1.0
2015-09-17,35.44,35.96,35.15,35.47,29.0833396091751,117134,0.0,1.0
2015-09-16,34.6,35.6999,34.6,35.54,29.1407355429964,87405,0.0,1.0
2015-09-15,33.76,34.59,33.76,34.47,28.263397697442,77151,0.0,1.0
2015-09-14,34.32,34.44,33.41,33.81,27.7222360356981,159256,0.0,1.0
2015-09-11,34.5,34.58,33.87,34.36,28.1732040871513,68360,0.0,1.0
2015-09-10,34.57,34.81,34.01,34.75,28.4929814327273,110213,0.0,1.0
2015-09-09,34.13,35.68,34.13,34.63,28.3945884033193,187046,0.0,1.0
2015-09-08,33.69,34.28,33.52,33.94,27.8288284842234,86452,0.0,1.0
2015-09-04,33.74,33.81,33.13,33.29,27.2958662415968,136599,0.0,1.0
2015-09-03,34.42,35.08,34.12,34.15,28.0010162856874,101883,0.0,1.0
2015-09-02,34.44,34.66,33.67,34.35,28.165004668034,123474,0.0,1.0
2015-09-01,34.67,35.03,34.0,34.12,27.9764180283354,249788,0.0,1.0
2015-08-31,34.91,35.73,34.0,35.38,29.0095448371191,162292,0.0,1.0
2015-08-28,33.0,35.28,33.0,35.2,28.8619552930072,256043,0.0,1.0
2015-08-27,33.37,34.34,32.56,33.17,27.1974732121889,165003,0.0,1.0
2015-08-26,32.51,33.08,31.91,33.01,27.0662825063116,141197,0.0,1.0
2015-08-25,33.86,33.86,31.93,31.97,26.2135429181091,208979,0.0,1.0
2015-08-24,32.83,34.03,32.02,32.91,26.9842883151382,241113,0.0,1.0
2015-08-21,34.86,35.64,33.81,34.29,28.11580815333,199666,0.0,1.0
2015-08-20,34.96,35.61,34.63,35.49,29.0997384474098,201562,0.0,1.0
2015-08-19,36.0,36.0,34.92,35.14,28.8127587783032,157925,0.0,1.0
2015-08-18,36.42,36.72,35.96,36.1,29.599903013567,155541,0.0,1.0
2015-08-17,37.81,37.985,36.45,36.61,30.0180733885509,216630,0.0,1.0
2015-08-14,38.16,38.38,37.53,38.07,31.2151885796813,101387,0.0,1.0
2015-08-13,38.45,38.5,37.64,38.09,31.231587417916,229304,0.0,1.0
2015-08-12,37.92,38.61,37.44,38.53,31.5923618590786,148424,0.0,1.0
2015-08-11,37.59,38.45,36.5001,38.16,31.2889833517373,186852,0.0,1.0
2015-08-10,36.54,38.29,36.25,38.03,31.182390903212,213813,0.0,1.0
2015-08-07,38.6,38.75,35.94,36.5,29.9278797782603,193550,0.0,1.0
2015-08-06,36.59,39.65,36.01,38.89,31.8875409473025,309244,0.0,1.0
2015-08-05,36.53,36.96,35.95,36.41,29.8540850062043,207434,0.0,1.0
2015-08-04,36.58,37.13,36.16,36.19,29.673697785623,149449,0.0,1.0
2015-08-03,37.2,37.53,36.6606,36.74,30.1246658370762,207115,0.0,1.0
2015-07-31,37.17,37.54,37.08,37.3,30.5838333076468,106612,0.0,1.0
2015-07-30,36.94,37.41,36.83,37.11,30.4280443444175,175577,0.0,1.0
2015-07-29,36.07,37.67,36.04,37.04,30.3706484105962,200116,0.0,1.0
2015-07-28,35.75,36.27,34.7,36.12,29.6163018518017,208379,0.0,1.0
2015-07-27,35.25,35.79,34.81,35.61,29.1981314768178,169285,0.0,1.0
2015-07-24,36.15,36.24,35.29,35.32,28.9603483224152,164280,0.0,1.0
2015-07-23,36.53,36.6999,36.03,36.22,29.698296042975,152389,0.0,1.0
2015-07-22,35.7,36.74,35.7,36.38,29.8294867488523,156488,0.0,1.0
2015-07-21,36.45,37.03,35.97,36.01,29.526108241511,187570,0.0,1.0
2015-07-20,37.08,37.28,36.29,36.6,30.0098739694336,131931,0.0,1.0
2015-07-17,37.22,37.26,36.38,37.13,30.4444431826522,146442,0.0,1.0
2015-07-16,37.22,37.58,37.01,37.21,30.5100385355908,111760,0.0,1.0
2015-07-15,37.76,37.98,36.8,36.88,30.2394577047189,169284,0.0,1.0
2015-07-14,37.72,38.1404,37.27,37.88,31.059399616452,123179,0.0,1.0
2015-07-13,37.99,38.38,37.6,37.66,30.8790123958707,165898,0.0,1.0
2015-07-10,37.97,38.28,37.63,37.94,31.108596131156,119899,0.0,1.0
2015-07-09,38.52,38.65,37.58,37.6,30.8298158811668,143462,0.0,1.0
2015-07-08,38.07,38.28,37.62,37.95,31.1167955502734,195442,0.0,1.0
2015-07-07,38.83,38.83,37.21,38.56,31.6169601164306,169261,0.0,1.0
2015-07-06,38.82,39.05,38.03,38.37,31.4611711532013,149063,0.0,1.0
2015-07-02,39.32,39.78,38.91,39.15,32.1007258443531,153460,0.0,1.0
2015-07-01,39.5,39.685,38.6753,39.22,32.1581217781745,217786,0.0,1.0
2015-06-30,39.83,39.83,38.79,39.0,31.9777345575932,292284,0.0,1.0
2015-06-29,40.75,40.99,39.43,39.43,32.3303095796384,201982,0.14,1.0
2015-06-26,42.01,42.14,41.15,41.3,33.7437903876439,932873,0.0,1.0
2015-06-25,43.0,43.0,41.67,41.85,34.1931628988595,138871,0.0,1.0
2015-06-24,42.96,43.2248,42.22,42.7,34.8876476889199,155303,0.0,1.0
2015-06-23,42.22,42.97,42.04,42.94,35.0837375119958,157007,0.0,1.0
2015-06-22,41.77,42.28,41.48,42.21,34.4872976334733,197172,0.0,1.0
2015-06-19,41.74,41.84,41.0,41.54,33.9398802107197,205382,0.0,1.0
2015-06-18,42.08,42.64,41.48,41.62,34.0052434850784,174718,0.0,1.0
2015-06-17,41.36,42.19,41.36,41.84,34.1849924895646,163874,0.0,1.0
2015-06-16,41.26,41.7999,40.79,41.32,33.7601312062335,103087,0.0,1.0
2015-06-15,40.99,41.53,40.41,41.25,33.7029383411697,164422,0.0,1.0
2015-06-12,40.87,41.21,40.33,41.13,33.6048934296318,151713,0.0,1.0
2015-06-11,41.38,41.555,40.1428,41.08,33.5640413831576,176842,0.0,1.0
2015-06-10,41.05,41.96,41.05,41.47,33.8826873456559,153970,0.0,1.0
2015-06-09,40.71,40.96,40.5,40.69,33.2453954206593,156874,0.0,1.0
2015-06-08,41.11,41.54,40.68,40.81,33.3434403321972,174562,0.0,1.0
2015-06-05,41.42,41.42,40.57,40.99,33.4905076995042,238624,0.0,1.0
2015-06-04,42.46,42.46,41.02,41.29,33.735619978349,283305,0.0,1.0
2015-06-03,43.0,43.12,42.14,42.44,34.6752170472544,371709,0.0,1.0
2015-06-02,43.21,43.9,42.86,43.15,35.2553161071872,388666,0.0,1.0
2015-06-01,44.11,44.62,42.73,43.34,35.410553883789,237927,0.0,1.0
2015-05-29,44.99,46.24,44.25,44.34,36.2275948132719,223441,0.0,1.0
2015-05-28,44.36,45.13,43.99,44.86,36.652456096603,167262,0.0,1.0
2015-05-27,44.12,44.71,43.92,44.61,36.4481958642323,130813,0.0,1.0
2015-05-26,44.26,44.51,43.6,44.17,36.0886978552598,169083,0.0,1.0
2015-05-22,45.41,45.57,44.34,44.5,36.3583213619891,150963,0.0,1.0
2015-05-21,44.93,45.68,44.44,45.3,37.0119541055755,379830,0.0,1.0
2015-05-20,45.49,46.01,44.56,44.77,36.5789224129495,272056,0.0,1.0
2015-05-19,46.96,47.57,44.98,45.91,37.51034907256,366431,0.0,1.0
2015-05-18,46.08,47.26,45.79,47.1,38.4826277786447,274323,0.0,1.0
2015-05-15,44.9,46.3,44.64,46.04,37.6165643933928,263930,0.0,1.0
2015-05-14,42.26,47.38,42.0,45.09,36.8403755103841,846235,0.0,1.0
2015-05-13,42.18,42.3,41.7301,41.93,34.2585261732181,162117,0.0,1.0
2015-05-12,42.17,42.48,41.57,41.96,34.2830374011026,285805,0.0,1.0
2015-05-11,42.75,43.59,42.34,42.39,34.6343650007802,200057,0.0,1.0
2015-05-08,43.45,43.45,42.5,42.91,35.0592262841113,179713,0.0,1.0
2015-05-07,43.29,46.0,42.64,43.13,35.2389752885976,232754,0.0,1.0
2015-05-06,44.26,45.98,42.56,43.43,35.4840875674424,518265,0.0,1.0
2015-05-05,44.43,44.75,43.4627,44.3,36.1949131760926,271581,0.0,1.0
2015-05-04,43.03,44.82,42.85,44.67,36.4972183200012,291814,0.0,1.0
2015-05-01,43.07,43.38,41.83,43.01,35.1409303770596,219134,0.0,1.0
2015-04-30,43.55,44.15,42.54,42.69,34.8794772796251,270917,0.0,1.0
2015-04-29,44.0,44.398,43.1,43.65,35.6638365719287,279684,0.0,1.0
2015-04-28,43.35,44.44,43.11,44.38,36.2602764504512,229968,0.0,1.0
2015-04-27,43.43,43.58,42.62,43.29,35.3697018373148,207212,0.0,1.0
2015-04-24,42.99,43.98,42.82,43.43,35.4840875674424,280747,0.0,1.0
2015-04-23,43.23,43.738,42.35,42.93,35.075567102701,219672,0.0,1.0
2015-04-22,42.98,43.47,42.285,43.46,35.5085987953269,288885,0.0,1.0
2015-04-21,43.15,43.382,42.33,42.7,34.8876476889199,224809,0.0,1.0
2015-04-20,43.42,43.4999,42.14,43.09,35.2062936514182,366851,0.0,1.0
2015-04-17,41.32,43.13,41.32,43.07,35.1899528328286,469722,0.0,1.0
2015-04-16,41.68,41.7,41.355,41.6,33.9889026664887,256880,0.0,1.0
2015-04-15,40.27,41.55,39.96,41.51,33.9153689828353,247049,0.0,1.0
2015-04-14,39.88,40.46,39.54,40.18,32.828704546623,255935,0.0,1.0
2015-04-13,40.62,41.02,39.9,39.95,32.6407851328419,156614,0.0,1.0
2015-04-10,39.96,40.83,38.7605,40.51,33.0983280533524,571372,0.0,1.0
2015-04-09,40.84,41.28,39.73,39.96,32.6489555421368,291571,0.0,1.0
2015-04-08,41.33,41.568,40.54,40.84,33.3679515600817,241889,0.0,1.0
2015-04-07,41.82,42.342,41.13,41.2,33.6620862946956,235825,0.0,1.0
2015-04-06,40.85,42.27,40.85,41.96,34.2830374011026,175993,0.0,1.0
2015-04-02,40.77,42.0,40.77,40.9,33.4169740158507,293580,0.0,1.0
2015-04-01,41.06,41.6,40.59,40.94,33.44965565303,402371,0.0,1.0
2015-03-31,40.79,41.5,40.23,41.37,33.8009832527077,417755,0.0,1.0
2015-03-30,39.86,41.03,39.562,40.85,33.3761219693765,314420,0.14,1.0
2015-03-27,40.46,40.82,39.38,39.71,32.3338815175395,366973,0.0,1.0
2015-03-26,40.56,41.23,40.02,40.46,32.9445692822878,240453,0.0,1.0
2015-03-25,42.07,42.7,40.78,40.84,33.2539844164269,283128,0.0,1.0
2015-03-24,42.25,42.66,41.57,41.94,34.1496598047244,331484,0.0,1.0
2015-03-23,42.57,43.37,42.05,42.2,34.3613648965038,321895,0.0,1.0
2015-03-20,40.0,42.97,39.99,42.76,34.8173450941825,729260,0.0,1.0
2015-03-19,39.55,39.91,38.9,39.62,32.2605989857697,332848,0.0,1.0
2015-03-18,40.02,40.09,38.647,39.55,32.2036014610598,354457,0.0,1.0
2015-03-17,39.17,40.27,38.96,40.25,32.7735767081582,294476,0.0,1.0
2015-03-16,40.2,40.61,39.02,39.41,32.0896064116401,312181,0.0,1.0
2015-03-13,40.33,40.54,39.86,40.21,32.7410066940383,226192,0.0,1.0
2015-03-12,40.28,40.9,39.94,40.18,32.7165791834484,371039,0.0,1.0
2015-03-11,39.84,40.19,38.79,39.91,32.496731588139,450123,0.0,1.0
2015-03-10,40.89,41.16,39.44,39.63,32.2687414892997,381340,0.0,1.0
2015-03-09,42.21,42.73,41.23,41.24,33.579684557626,344692,0.0,1.0
2015-03-06,45.25,45.88,42.06,42.11,34.288082364734,519586,0.0,1.0
2015-03-05,44.02,45.434,43.428,45.36,36.9343960119766,181345,0.0,1.0
2015-03-04,44.46,44.55,43.18,43.98,35.8107305248397,345919,0.0,1.0
2015-03-03,44.81,45.075,44.2,44.74,36.429560793118,340875,0.0,1.0
2015-03-02,44.21,44.89,43.71,44.76,36.4458458001779,453565,0.0,1.0
2015-02-27,44.91,45.35,44.03,44.27,36.0468631272091,363875,0.0,1.0
2015-02-26,44.77,45.19,44.42,45.03,36.6656933954873,132019,0.0,1.0
2015-02-25,45.32,45.7,44.66,44.69,36.3888482754681,236794,0.0,1.0
2015-02-24,45.22,45.89,44.828,45.48,37.0321060543363,191285,0.0,1.0
2015-02-23,44.82,45.26,44.46,45.22,36.8204009625569,178104,0.0,1.0
2015-02-20,44.74,45.13,44.0,44.84,36.5109858284178,183285,0.0,1.0
2015-02-19,44.56,45.21,44.35,44.75,36.437703296648,257602,0.0,1.0
2015-02-18,44.87,45.35,44.53,44.86,36.5272708354777,281587,0.0,1.0
2015-02-17,44.96,45.746,44.33,45.01,36.6494083884274,511487,0.0,1.0
2015-02-13,44.31,45.64,43.84,45.11,36.7308334237272,280624,0.0,1.0
2015-02-12,43.41,44.45,43.165,44.4,36.1527156730988,346788,0.0,1.0
2015-02-11,45.57,46.23,41.72,43.41,35.346607823631,1309411,0.0,1.0
2015-02-10,48.7,49.12,47.81,48.21,39.2550095180201,293431,0.0,1.0
2015-02-09,47.0,48.68,47.0,48.39,39.4015745815597,213502,0.0,1.0
2015-02-06,47.2,47.895,46.99,47.25,38.4733291791423,198477,0.0,1.0
2015-02-05,46.46,47.69,46.33,47.22,38.4489016685523,223879,0.0,1.0
2015-02-04,46.5,47.31,46.16,46.41,37.7893588826242,215850,0.0,1.0
2015-02-03,46.26,46.936,45.9,46.59,37.9359239461638,309103,0.0,1.0
2015-02-02,44.97,46.47,44.97,46.31,37.7079338473244,288657,0.0,1.0
2015-01-30,45.32,46.761,44.91,44.98,36.6249808778374,174999,0.0,1.0
2015-01-29,45.92,47.38,45.12,45.73,37.2356686425857,226472,0.0,1.0
2015-01-28,47.62,48.14,45.79,45.96,37.4229462237752,177858,0.0,1.0
2015-01-27,47.23,47.99,47.108,47.31,38.5221842003221,125501,0.0,1.0
2015-01-26,47.24,48.06,47.17,47.85,38.9618793909409,275379,0.0,1.0
2015-01-23,46.58,47.77,46.52,47.14,38.3837616403125,319155,0.0,1.0
2015-01-22,46.74,47.1,45.92,46.66,37.9929214708736,455553,0.0,1.0
2015-01-21,46.5,47.4399,46.08,46.5,37.862641414394,251445,0.0,1.0
2015-01-20,47.07,47.664,46.31,46.58,37.9277814426338,241709,0.0,1.0
2015-01-16,46.44,47.01,46.0,46.88,38.1720565485331,209960,0.0,1.0
2015-01-15,47.0,47.44,46.35,46.55,37.9033539320439,362882,0.0,1.0
2015-01-14,48.03,48.666,46.54,46.84,38.1394865344132,267121,0.0,1.0
2015-01-13,48.36,49.44,48.19,48.7,39.653992190989,251669,0.0,1.0
2015-01-12,48.33,48.97,47.5,47.99,39.0758744403606,254854,0.0,1.0
2015-01-09,49.64,49.932,48.42,48.57,39.5481396450993,216285,0.0,1.0
2015-01-08,51.5,51.5,49.28,49.74,40.5008125581066,421386,0.0,1.0
2015-01-07,51.92,53.524,51.92,52.55,42.7888560500302,206369,0.0,1.0
2015-01-06,52.86,52.86,51.11,51.95,42.3003058382316,222350,0.0,1.0
2015-01-05,52.9,53.75,52.34,53.01,43.1634112124091,218997,0.0,1.0
2015-01-02,53.48,53.89,52.63,53.33,43.4239713253684,124308,0.0,1.0
2014-12-31,54.23,54.88,53.08,53.14,43.2692637582988,257759,0.0,1.0
2014-12-30,54.19,54.8799,54.19,54.37,44.270791692486,104250,0.14,1.0
2014-12-29,55.72,55.9,54.09,54.41,44.1895757840427,169307,0.0,1.0
2014-12-26,55.35,55.99,54.99,55.81,45.32659850225,90942,0.0,1.0
2014-12-24,54.62,55.43,54.2,55.1,44.749965552302,66444,0.0,1.0
2014-12-23,54.21,55.301,53.58,54.75,44.4657098727502,144077,0.0,1.0
2014-12-22,53.88,54.17,53.26,53.81,43.7022803333824,204930,0.0,1.0
2014-12-19,52.39,53.93,51.84,53.82,43.7104019242267,521190,0.0,1.0
2014-12-18,51.9,52.68,51.5,52.39,42.5490144334864,298846,0.0,1.0
2014-12-17,50.37,51.36,50.31,51.08,41.4850860328781,376909,0.0,1.0
2014-12-16,49.98,50.92,49.85,50.43,40.9571826279962,429650,0.0,1.0
2014-12-15,50.56,51.45,49.71,50.15,40.7297780843547,355046,0.0,1.0
2014-12-12,51.68,52.36,50.3,50.47,40.9896689913735,372704,0.0,1.0
2014-12-11,52.1,53.22,52.1,52.46,42.6058655693968,216919,0.0,1.0
2014-12-10,53.58,53.88,51.87,52.12,42.3297314806893,228380,0.0,1.0
2014-12-09,52.23,54.0,52.08,53.91,43.7834962418258,292169,0.0,1.0
2014-12-08,53.6,54.09,52.65,52.88,42.946972384859,271179,0.0,1.0
2014-12-05,54.24,54.92,53.77,53.94,43.8078610143588,266779,0.0,1.0
2014-12-04,55.05,55.72,53.81,54.23,44.0433871488446,274143,0.0,1.0
2014-12-03,54.64,55.87,54.64,55.25,44.871789414967,226804,0.0,1.0
2014-12-02,53.78,54.82,53.36,54.42,44.197697374887,265846,0.0,1.0
2014-12-01,53.71,54.61,52.76,53.8,43.6941587425381,325641,0.0,1.0
2014-11-28,55.38,55.38,53.3707,54.04,43.8890769228022,337054,0.0,1.0
2014-11-26,56.03,56.52,55.095,55.94,45.4321791832264,186422,0.0,1.0
2014-11-25,56.58,56.58,55.62,55.96,45.448422364915,220241,0.0,1.0
2014-11-24,56.52,56.95,56.168,56.65,46.0088121331744,178230,0.0,1.0
2014-11-21,57.76,58.29,56.355,56.62,45.9844473606413,239471,0.0,1.0
2014-11-20,55.68,57.17,55.332,57.01,46.3011894035705,248573,0.0,1.0
2014-11-19,54.75,56.17,54.308,55.7,45.2372610029623,310407,0.0,1.0
2014-11-18,54.22,54.85,53.9,54.48,44.246426919953,213936,0.0,1.0
2014-11-17,54.6,54.85,54.01,54.2,44.0190223763116,226413,0.0,1.0
2014-11-14,54.01,54.76,53.81,54.45,44.22206214742,202226,0.0,1.0
2014-11-13,54.91,55.174,53.48,54.12,43.9540496495569,318309,0.0,1.0
2014-11-12,54.25,55.28,54.055,54.93,44.6118985079482,269519,0.0,1.0
2014-11-11,54.86,55.0,53.92,54.54,44.2951564650191,378726,0.0,1.0
2014-11-10,54.75,55.27,53.01,54.77,44.4819530544388,459563,0.0,1.0
2014-11-07,52.06,55.51,52.01,54.79,44.4981962361275,882689,0.0,1.0
2014-11-06,60.93,60.93,51.2501,51.96,42.1997860271799,1388092,0.0,1.0
2014-11-05,64.31,64.31,63.2,63.41,51.4990075439468,302920,0.0,1.0
2014-11-04,63.36,63.72,62.3,63.6,51.6533177699892,257746,0.0,1.0
2014-11-03,63.91,64.1652,63.06,63.44,51.5233723164798,287001,0.0,1.0
2014-10-31,63.46,63.75,62.43,63.73,51.7588984509656,215886,0.0,1.0
2014-10-30,61.7,62.67,60.97,62.27,50.5731461876923,165036,0.0,1.0
2014-10-29,61.18,62.4499,61.07,62.09,50.4269575524942,224947,0.0,1.0
2014-10-28,58.52,61.31,58.48,61.23,49.7285007398811,191257,0.0,1.0
2014-10-27,59.1,59.5899,57.75,58.52,47.5275496210656,161537,0.0,1.0
2014-10-24,59.7,60.0829,58.69,59.57,48.380316659721,136777,0.0,1.0
2014-10-23,59.69,60.75,59.028,59.54,48.355951887188,170067,0.0,1.0
2014-10-22,59.54,60.71,58.95,59.04,47.9498723449711,172202,0.0,1.0
2014-10-21,58.58,60.098,58.364,59.24,48.1123041618579,161450,0.0,1.0
2014-10-20,57.72,58.88,57.46,58.38,47.4138473492448,178376,0.0,1.0
2014-10-17,57.42,59.15,57.0,58.19,47.2595371232024,284116,0.0,1.0
2014-10-16,57.18,58.2,56.42,56.58,45.951960997264,272186,0.0,1.0
2014-10-15,57.03,58.36,56.0201,58.07,47.1620780330703,227958,0.0,1.0
2014-10-14,59.53,59.999,57.1,57.88,47.0077678070279,263369,0.0,1.0
2014-10-13,58.43,59.73,57.92,58.98,47.9011427999051,329256,0.0,1.0
2014-10-10,57.08,59.27,57.07,58.22,47.2839018957354,255450,0.0,1.0
2014-10-09,60.12,60.16,57.35,57.48,46.6829041732544,288302,0.0,1.0
2014-10-08,61.32,61.44,57.97,60.33,48.9975575638907,461398,0.0,1.0
2014-10-07,62.07,62.75,61.392,61.66,50.0777291461877,251570,0.0,1.0
2014-10-06,61.78,64.3,61.53,62.59,50.8330370947111,384282,0.0,1.0
2014-10-03,59.46,60.5,58.92,60.16,48.859490519537,265725,0.0,1.0
2014-10-02,60.87,61.81,58.9,59.17,48.0554530259475,421555,0.0,1.0
2014-10-01,62.67,63.2,60.76,61.12,49.6391632405934,249073,0.0,1.0
2014-09-30,62.79,63.5,62.7501,62.88,51.0685632291969,316952,0.0,1.0
2014-09-29,61.96,63.07,61.82,62.98,51.1497791376403,240565,0.11,1.0
2014-09-26,61.96,63.34,60.9398,63.08,51.1416717071223,178634,0.0,1.0
2014-09-25,63.39,63.9,61.55,61.87,50.1606726144524,187546,0.0,1.0
2014-09-24,62.51,63.73,62.5,63.68,51.6281175381983,225356,0.0,1.0
2014-09-23,63.12,63.88,62.43,62.46,50.6390110150105,350800,0.0,1.0
2014-09-22,64.58,64.795,63.28,63.52,51.4983986499114,249400,0.0,1.0
2014-09-19,65.81,66.4699,64.57,64.83,52.5604720477606,409200,0.0,1.0
2014-09-18,66.48,66.85,65.38,65.71,53.2739259333387,185200,0.0,1.0
2014-09-17,66.82,67.12,65.68,66.22,53.6874048897533,289900,0.0,1.0
2014-09-16,65.92,66.95,65.51,66.86,54.2062804429011,334900,0.0,1.0
2014-09-15,66.45,67.04,65.25,65.67,53.241496211267,254700,0.0,1.0
2014-09-12,67.11,67.63,65.81,66.34,53.7846940559685,235800,0.0,1.0
2014-09-11,68.57,68.98,66.16,67.15,54.4413959279211,453600,0.0,1.0
2014-09-10,68.95,69.37,68.18,68.9,55.8601962685594,280200,0.0,1.0
2014-09-09,69.06,69.78,68.14,68.73,55.7223699497546,255100,0.0,1.0
2014-09-08,69.33,69.927,69.16,69.38,56.2493529334202,178700,0.0,1.0
2014-09-05,68.23,69.62,67.755,69.24,56.1358489061692,174400,0.0,1.0
2014-09-04,68.35,69.77,68.12,68.39,55.4467173121448,214400,0.0,1.0
2014-09-03,68.52,68.82,67.715,68.27,55.3494281459296,335000,0.0,1.0
2014-09-02,68.91,69.0,67.59,68.5,55.5358990478421,276600,0.0,1.0
2014-08-29,67.2,68.88,66.8,68.77,55.7547996718263,389600,0.0,1.0
2014-08-28,66.81,67.56,65.91,67.17,54.457610788957,163900,0.0,1.0
2014-08-27,67.28,67.87,66.8,66.94,54.2711398870445,347100,0.0,1.0
2014-08-26,66.35,67.06,65.87,66.89,54.2306027344549,212600,0.0,1.0
2014-08-25,65.49,66.81,65.46,66.31,53.7603717644147,260900,0.0,1.0
2014-08-22,64.8,65.46,64.28,65.21,52.8685544074421,249000,0.0,1.0
2014-08-21,64.73,65.18,64.01,64.98,52.6820835055296,260600,0.0,1.0
2014-08-20,64.14,65.58,63.6,64.72,52.4712903120634,337100,0.0,1.0
2014-08-19,65.15,65.62,63.2129,64.31,52.1388856608281,376600,0.0,1.0
2014-08-18,63.77,65.17,63.38,65.01,52.7064057970834,345300,0.0,1.0
2014-08-15,63.22,64.2526,62.81,63.12,51.1741014291941,254700,0.0,1.0
2014-08-14,63.03,63.38,62.53,62.63,50.7768373338153,220900,0.0,1.0
2014-08-13,62.85,63.19,62.3,63.08,51.1416717071223,255100,0.0,1.0
2014-08-12,61.95,62.85,61.56,62.68,50.817374486405,266900,0.0,1.0
2014-08-11,61.12,63.62,60.5322,62.55,50.7119778896719,538700,0.0,1.0
2014-08-08,60.13,61.47,59.64,60.74,49.244532965926,370100,0.0,1.0
2014-08-07,58.18,60.45,57.12,60.13,48.7499797043321,893300,0.0,1.0
2014-08-06,55.75,56.3,55.41,55.86,45.2881068731746,281600,0.0,1.0
2014-08-05,55.43,56.8,55.4,56.23,45.5880818023381,258000,0.0,1.0
2014-08-04,55.21,55.68,54.38,55.55,45.0367765271187,192500,0.0,1.0
2014-08-01,54.17,54.93,53.525,54.91,44.5179009739709,212200,0.0,1.0
2014-07-31,54.49,54.8,53.49,54.02,43.7963396578749,180200,0.0,1.0
2014-07-30,55.51,55.76,54.067,54.9,44.509793543453,299600,0.0,1.0
2014-07-29,55.75,56.07,55.04,55.1,44.6719421538117,166800,0.0,1.0
2014-07-28,56.4,56.81,54.7,55.76,45.2070325679953,368300,0.0,1.0
2014-07-25,56.69,57.25,56.07,56.42,45.7421229821789,213900,0.0,1.0
2014-07-24,56.69,57.325,56.612,57.14,46.32585797947,261600,0.0,1.0
2014-07-23,56.07,56.9,55.39,56.65,45.9285938840913,208700,0.0,1.0
2014-07-22,55.33,56.2,55.19,56.11,45.4907926361229,250700,0.0,1.0
2014-07-21,55.73,56.22,54.87,55.06,44.6395124317399,203400,0.0,1.0
2014-07-18,53.71,56.13,53.41,55.98,45.3853960393898,317200,0.0,1.0
2014-07-17,53.0,53.69,52.71,52.82,42.8234479957229,209900,0.0,1.0
2014-07-16,53.84,53.87,53.15,53.35,43.2531418131734,199500,0.0,1.0
2014-07-15,53.82,54.47,53.15,53.53,43.3990755624962,298200,0.0,1.0
2014-07-14,55.33,55.33,53.83,54.01,43.788232227357,296400,0.0,1.0
2014-07-11,52.92,55.41,52.786,54.81,44.4368266687916,506300,0.0,1.0
2014-07-10,52.26,53.88,52.01,53.16,43.0991006333326,421900,0.0,1.0
2014-07-09,52.43,53.46,52.43,53.37,43.2693566742092,319800,0.0,1.0
2014-07-08,52.73,52.9,51.72,52.47,42.5396879275953,296900,0.0,1.0
2014-07-07,53.02,53.135,52.4995,52.91,42.8964148703843,242700,0.0,1.0
2014-07-03,53.1,53.55,52.68,53.25,43.172067507994,71300,0.0,1.0
2014-07-02,53.2,54.79,52.61,52.97,42.9450594534919,312900,0.0,1.0
2014-07-01,51.66,53.28,51.66,53.04,43.0018114671174,381200,0.0,1.0
2014-06-30,50.4,51.66,49.75,51.58,41.8181266114992,276600,0.0,1.0
2014-06-27,50.46,50.64,49.98,50.2,40.6993012000244,1062700,0.11,1.0
2014-06-26,50.8,51.56,50.29,50.56,40.901543801893,212500,0.0,1.0
2014-06-25,51.22,51.9499,50.09,50.99,41.2494010771068,227300,0.0,1.0
2014-06-24,51.66,52.3,51.23,51.575,41.7226487654792,197500,0.0,1.0
2014-06-23,52.2,52.5,51.43,51.7,41.8237700664135,186800,0.0,1.0
2014-06-20,52.69,52.76,51.86,52.2,42.2282552701506,273500,0.0,1.0
2014-06-19,52.72,53.23,52.19,52.69,42.6246507698129,130200,0.0,1.0
2014-06-18,52.25,52.98,51.28,52.69,42.6246507698129,178500,0.0,1.0
2014-06-17,52.25,52.731,51.61,52.34,42.341511127197,226600,0.0,1.0
2014-06-16,51.63,52.09,50.95,52.02,42.0826405968052,280400,0.0,1.0
2014-06-13,52.69,52.7999,51.516,51.79,41.8965774030862,198200,0.0,1.0
2014-06-12,52.97,53.0,51.43,52.52,42.4871258005423,298400,0.0,1.0
2014-06-11,53.08,53.21,52.02,53.15,42.996777157251,244600,0.0,1.0
2014-06-10,52.8,53.46,52.13,53.11,42.964418340952,298000,0.0,1.0
2014-06-09,52.55,53.11,51.84,53.08,42.9401492287278,270200,0.0,1.0
2014-06-06,52.2,52.63,51.5,52.38,42.3738699434959,262300,0.0,1.0
2014-06-05,51.05,52.17,50.25,51.98,42.0502817805063,301900,0.0,1.0
2014-06-04,53.87,54.99,51.02,51.11,41.3464775260037,379500,0.0,1.0
2014-06-03,50.75,51.15,49.53,50.61,40.9419923222667,376400,0.0,1.0
2014-06-02,50.88,51.51,50.82,50.9,41.1765937404342,302700,0.0,1.0
2014-05-30,51.08,51.1,50.26,50.94,41.2089525567331,238300,0.0,1.0
2014-05-29,50.9,51.03,49.83,50.86,41.1442349241352,395200,0.0,1.0
2014-05-28,47.99,51.05,47.79,50.94,41.2089525567331,687700,0.0,1.0
2014-05-27,45.77,47.32,45.6601,46.39,37.5281372027258,390200,0.0,1.0
2014-05-23,45.53,45.87,44.73,45.66,36.9375888052696,258200,0.0,1.0
2014-05-22,45.46,45.8393,44.87,45.52,36.8243329482233,397600,0.0,1.0
2014-05-21,45.41,45.7499,44.67,45.18,36.549283009682,322500,0.0,1.0
2014-05-20,46.46,46.678,45.24,45.44,36.7596153156253,404300,0.0,1.0
2014-05-19,46.04,47.01,45.58,46.73,37.803187141267,449200,0.0,1.0
2014-05-16,47.27,47.34,44.88,46.02,37.2288181519603,566100,0.0,1.0
2014-05-15,48.3,48.6,46.84,47.36,38.3128384979757,379100,0.0,1.0
2014-05-14,49.81,49.81,48.49,48.63,39.3402309154679,488400,0.0,1.0
2014-05-13,51.41,51.75,49.6,49.86,40.3352645166611,714100,0.0,1.0
2014-05-12,51.2,52.05,50.86,51.39,41.5729892400965,580100,0.0,1.0
2014-05-09,52.15,52.765,50.89,51.16,41.3869260463775,452000,0.0,1.0
2014-05-08,58.45,60.41,52.15,52.6,42.5518434331402,1218300,0.0,1.0
2014-05-07,62.0,62.69,61.33,61.81,50.0024608859771,324500,0.0,1.0
2014-05-06,62.05,63.24,61.805,61.94,50.1076270389488,294900,0.0,1.0
2014-05-05,63.14,63.882,61.9,62.15,50.2775108245183,257800,0.0,1.0
2014-05-02,62.53,64.96,62.46,63.83,51.6365811090749,316400,0.0,1.0
2014-05-01,62.19,62.88,60.9,62.15,50.2775108245183,241000,0.0,1.0
2014-04-30,62.44,63.11,61.07,62.29,50.3907666815647,326000,0.0,1.0
2014-04-29,64.54,65.2754,62.24,62.4,50.4797534263869,256500,0.0,1.0
2014-04-28,63.93,64.76,63.58,64.25,51.9763486802141,221300,0.0,1.0
2014-04-25,64.22,64.62,63.36,63.58,51.4343385072064,233500,0.0,1.0
2014-04-24,64.37,65.0,63.87,64.498,52.1769733412677,233900,0.0,1.0
2014-04-23,63.38,64.71,63.38,64.07,51.8307340068687,224100,0.0,1.0
2014-04-22,63.83,64.165,63.485,63.75,51.571863476477,166400,0.0,1.0
2014-04-21,63.04,63.72,62.768,63.61,51.4586076194306,276700,0.0,1.0
2014-04-17,62.3,63.35,62.12,63.04,50.9974944871703,276100,0.0,1.0
2014-04-16,62.11,62.56,61.8,62.31,50.4069460897142,278900,0.0,1.0
2014-04-15,61.69,62.46,61.15,61.85,50.0348197022761,423200,0.0,1.0
2014-04-14,59.83,61.59,58.78,61.46,49.7193212433612,421700,0.0,1.0
2014-04-11,59.57,60.62,58.76,59.08,47.7939716735727,210900,0.0,1.0
2014-04-10,59.21,60.73,58.69,60.21,48.7081082340185,325800,0.0,1.0
2014-04-09,57.56,59.16,57.41,59.11,47.8182407857969,214700,0.0,1.0
2014-04-08,56.75,57.29,56.04,57.11,46.2002999708486,320300,0.0,1.0
2014-04-07,58.17,58.55,56.5904,56.836,45.9786420792007,305000,0.0,1.0
2014-04-04,61.53,61.53,58.06,58.13,47.0254497864723,219600,0.0,1.0
2014-04-03,60.8,61.72,60.16,60.97,49.3229257436989,187500,0.0,1.0
2014-04-02,60.0,61.0,59.45,60.67,49.0802346214566,227600,0.0,1.0
2014-04-01,59.51,59.99,58.61,59.85,48.4168788873278,220900,0.0,1.0
2014-03-31,58.8,59.75,58.105,59.24,47.9234069387686,207700,0.0,1.0
2014-03-28,57.85,58.78,57.8,58.57,47.3813967657609,196300,0.11,1.0
2014-03-27,57.29,58.43,56.61,58.03,46.8565517095621,204800,0.0,1.0
2014-03-26,57.99,58.18,57.16,57.23,46.2105885634713,194000,0.0,1.0
2014-03-25,57.35,57.43,56.48,57.36,46.3155575747111,240800,0.0,1.0
2014-03-24,56.75,57.91,56.382,57.076,46.0862406578488,256600,0.0,1.0
2014-03-21,56.96,57.59,56.07,56.79,45.8553088331214,371400,0.0,1.0
2014-03-20,55.94,56.92,55.41,56.55,45.6615198892941,158400,0.0,1.0
2014-03-19,57.42,57.43,55.63,56.16,45.3466128555748,167000,0.0,1.0
2014-03-18,57.27,58.04,56.72,57.65,46.549719215169,136000,0.0,1.0
2014-03-17,57.75,58.31,57.124,57.29,46.2590357994281,220200,0.0,1.0
2014-03-14,55.46,57.73,55.46,57.61,46.5174210578644,263100,0.0,1.0
2014-03-13,56.93,57.0,55.01,55.45,44.7733205634193,198500,0.0,1.0
2014-03-12,55.47,56.78,55.0003,56.68,45.7664889005339,136600,0.0,1.0
2014-03-11,57.15,57.15,55.49,55.67,44.9509604285942,235500,0.0,1.0
2014-03-10,58.23,58.2565,56.9525,57.25,46.2267376421236,185000,0.0,1.0
2014-03-07,57.75,58.84,57.29,58.18,46.9776697994541,234100,0.0,1.0
2014-03-06,57.28,57.739,56.98,57.63,46.5335701365167,169100,0.0,1.0
2014-03-05,57.45,57.57,56.601,57.08,46.0894704735793,152600,0.0,1.0
2014-03-04,57.15,57.98,56.96,57.71,46.5981664511258,350500,0.0,1.0
2014-03-03,54.47,56.5,54.43,56.31,45.4677309454669,257200,0.0,1.0
2014-02-28,54.61,55.678,54.214,54.84,44.280773664525,184300,0.0,1.0
2014-02-27,54.51,54.8877,54.04,54.47,43.982015709458,198300,0.0,1.0
2014-02-26,54.22,55.0,53.616,54.69,44.159655574633,223300,0.0,1.0
2014-02-25,54.23,54.45,53.73,54.03,43.6267359791081,146300,0.0,1.0
2014-02-24,54.27,54.8,53.56,54.17,43.739779529674,209300,0.0,1.0
2014-02-21,54.2,54.24,53.26,53.98,43.5863632824774,224700,0.0,1.0
2014-02-20,53.74,54.7,53.4901,53.92,43.5379160465206,195600,0.0,1.0
2014-02-19,54.22,54.59,52.25,53.49,43.1907108554968,178067,0.0,1.49999925000037
2014-02-18,81.86,82.24,80.81,81.22,43.7209607983826,219267,0.0,1.0
2014-02-14,80.75,82.7,80.39,81.37,43.8017062320166,198600,0.0,1.0
2014-02-13,78.2,81.11,76.8401,80.91,43.5540869022056,291400,0.0,1.0
2014-02-12,79.97,81.98,76.2501,78.61,42.3159902531502,730467,0.0,1.0
2014-02-11,85.63,86.99,85.04,86.19,46.396326166124,221467,0.0,1.0
2014-02-10,84.14,86.04,83.166,85.36,45.9495347666823,243667,0.0,1.0
2014-02-07,84.8,86.65,81.32,84.14,45.2928052397921,305267,0.0,1.0
2014-02-06,78.0,86.3,77.4,84.98,45.7449796681427,335400,0.0,1.0
2014-02-05,79.41,79.76,76.05,77.44,41.6861758708046,240000,0.0,1.0
2014-02-04,80.36,80.7,79.0,79.77,42.9404216065868,189667,0.0,1.0
2014-02-03,82.33,82.94,79.36,80.27,43.2095730520336,191467,0.0,1.0
2014-01-31,82.16,84.12,82.16,82.74,44.5391811925409,128267,0.0,1.0
2014-01-30,81.85,83.99,81.14,83.68,45.045185909981,157667,0.0,1.0
2014-01-29,81.85,82.6,80.82,81.22,43.7209607983826,148800,0.0,1.0
2014-01-28,81.07,82.55,80.81,82.38,44.3453921518192,233867,0.0,1.0
2014-01-27,82.53,83.64,80.662,81.1,43.6563644514753,213000,0.0,1.0
2014-01-24,83.47,83.93,82.02,82.15,44.2215824869137,204200,0.0,1.0
2014-01-23,84.81,86.06,83.8,84.22,45.3358694710636,217867,0.0,1.0
2014-01-22,83.48,85.18,83.39,84.82,45.6588512055997,184467,0.0,1.0
2014-01-21,82.73,84.2,81.92,83.49,44.9429083607112,170067,0.0,1.0
2014-01-17,83.52,83.69,81.85,82.28,44.2915618627299,125467,0.0,1.0
2014-01-16,82.44,83.9,82.44,83.64,45.0236537943452,133400,0.0,1.0
2014-01-15,82.68,83.2899,82.5714,82.83,44.5876284527214,189667,0.0,1.0
2014-01-14,82.07,83.53,82.0,82.72,44.5284151347231,217000,0.0,1.0
2014-01-13,83.78,84.0,81.51,82.07,44.1785182556422,223800,0.0,1.0
2014-01-10,87.13,87.34,83.33,83.85,45.1366974014329,334267,0.0,1.0
2014-01-09,87.09,88.82,86.02,87.67,47.1930144446467,191400,0.0,1.0
2014-01-08,88.55,89.38,86.25,86.99,46.826968478839,218667,0.0,1.0
2014-01-07,88.3,89.8308,87.82,88.89,47.8497439715369,328600,0.0,1.0
2014-01-06,89.41,89.41,87.2,87.62,47.166099300102,177867,0.0,1.0
2014-01-03,88.03,89.0,87.5,88.65,47.7205512777224,173600,0.0,1.0
2014-01-02,89.19,89.89,87.07,87.53,47.1176520399215,154800,0.0,1.0
2013-12-31,90.64,91.729,88.98,89.17,48.0004687809871,104400,0.0,1.0
2013-12-30,90.76,92.78,90.16,90.42,48.6733473946042,124467,0.165,1.0
2013-12-27,92.94,93.2199,90.01,90.7,48.7351394677993,145200,0.0,1.0
2013-12-26,92.19,93.42,91.68,92.32,49.605601716287,128800,0.0,1.0
2013-12-24,91.34,92.18,90.97,91.64,49.2402225008724,85267,0.0,1.0
2013-12-23,88.24,91.26,88.24,90.89,48.8372307191652,209067,0.0,1.0
2013-12-20,87.4,89.84,87.39,87.78,47.166158131019,390267,0.0,1.0
2013-12-19,87.41,87.785,86.0,86.47,46.4622658189703,175800,0.0,1.0
2013-12-18,87.24,88.45,86.5,87.85,47.2037706973117,191800,0.0,1.0
2013-12-17,86.4,87.32,85.6,86.86,46.6718215454581,133600,0.0,1.0
2013-12-16,87.96,89.21,86.65,86.71,46.5912231891166,167067,0.0,1.0
2013-12-13,87.85,88.47,87.03,87.9,47.2306368160922,194800,0.0,1.0
2013-12-12,87.91,88.49,87.0147,87.65,47.0963062221898,107600,0.0,1.0
2013-12-11,88.79,89.06,87.39,87.7,47.1231723409702,180067,0.0,1.0
2013-12-10,88.52,88.84,87.36,88.62,47.6175089265312,179267,0.0,1.0
2013-12-09,89.58,90.5575,87.88,88.4,47.499298003897,232000,0.0,1.0
2013-12-06,88.87,90.41,88.55,89.1,47.8754236668238,155067,0.0,1.0
2013-12-05,86.59,88.13,86.52,87.94,47.2521297111166,113600,0.0,1.0
2013-12-04,87.41,88.26,85.63,86.59,46.5267445040435,224067,0.0,1.0
2013-12-03,88.01,88.983,86.72,87.87,47.2145171448239,263400,0.0,1.0
2013-12-02,85.08,88.29,84.44,88.21,47.3972067525312,197467,0.0,1.0
2013-11-29,85.21,86.1925,84.6601,85.07,45.7100144931167,40800,0.0,1.0
2013-11-27,84.56,84.876,82.4716,84.66,45.4897123191168,111600,0.0,1.0
2013-11-26,82.67,84.83,82.67,84.29,45.2909030401412,130467,0.0,1.0
2013-11-25,83.55,83.99,82.33,82.8,44.4902927004827,91267,0.0,1.0
2013-11-22,81.59,83.78,81.19,83.55,44.89328448219,134200,0.0,1.0
2013-11-21,79.88,81.59,79.18,81.59,43.840132625995,181600,0.0,1.0
2013-11-20,79.46,79.975,78.27,79.28,42.5989179383366,152000,0.0,1.0
2013-11-19,79.26,80.28,78.914,79.33,42.6257840571171,124000,0.0,1.0
2013-11-18,80.85,81.53,78.57,79.46,42.6956359659463,167867,0.0,1.0
2013-11-15,83.39,84.505,80.61,80.91,43.4747534105804,196000,0.0,1.0
2013-11-14,82.96,84.5,82.11,83.41,44.8180593496046,137000,0.0,1.0
2013-11-13,79.98,82.69,79.44,82.67,44.4204407916535,152800,0.0,1.0
2013-11-12,79.21,80.79,78.48,80.2,43.0932545238975,154067,0.0,1.0
2013-11-11,79.26,80.785,79.03,79.38,42.6526501758976,125400,0.0,1.0
2013-11-08,76.61,79.55,76.61,79.16,42.5344392532634,136600,0.0,1.0
2013-11-07,80.89,80.91,75.02,76.63,41.1750136429709,234400,0.0,1.0
2013-11-06,77.05,78.5,76.08,76.31,41.0030704827758,200067,0.0,1.0
2013-11-05,75.6,77.97,75.26,76.85,41.293224565605,104467,0.0,1.0
2013-11-04,74.56,75.83,74.1,75.76,40.7075431761905,144667,0.0,1.0
2013-11-01,74.06,74.45,72.85,74.09,39.8102148089223,111000,0.0,1.0
2013-10-31,74.06,74.95,73.34,74.18,39.8585738227272,108200,0.0,1.0
2013-10-30,74.71,75.4799,74.0,74.23,39.8854399415076,82467,0.0,1.0
2013-10-29,74.2,75.58,73.68,74.65,40.1111153392637,117667,0.0,1.0
2013-10-28,73.41,74.19,73.16,73.92,39.7188700050686,72200,0.0,1.0
2013-10-25,72.84,74.17,72.29,73.16,39.3105049996053,67067,0.0,1.0
2013-10-24,72.1,73.0125,71.8001,72.85,39.1439350631663,53600,0.0,1.0
2013-10-23,72.73,73.01,71.6,71.79,38.57437334502,97067,0.0,1.0
2013-10-22,72.5,73.78,71.96,72.95,39.1976673007272,80400,0.0,1.0
2013-10-21,71.7,72.4,71.0,72.39,38.8967667703858,112200,0.0,1.0
2013-10-18,71.45,71.73,70.78,71.51,38.4239230798493,112267,0.0,1.0
2013-10-17,70.54,71.254,70.0,70.8,38.0424241931664,131000,0.0,1.0
2013-10-16,69.77,70.98,69.63,70.6,37.9349597180445,119400,0.0,1.0
2013-10-15,69.4,70.24,68.78,69.26,37.2149477347275,137867,0.0,1.0
2013-10-14,68.92,69.7,68.5901,69.39,37.2847996435567,96867,0.0,1.0
2013-10-11,68.64,69.77,68.0,69.45,37.3170389860933,102400,0.0,1.0
2013-10-10,69.22,70.99,68.51,69.0,37.0752439170689,117600,0.0,1.0
2013-10-09,68.8,69.25,68.1,68.58,36.8495685193129,95400,0.0,1.0
2013-10-08,69.29,70.055,68.05,68.77,36.9516597706787,164067,0.0,1.0
2013-10-07,70.09,70.95,69.14,69.16,37.1612154971665,111600,0.0,1.0
2013-10-04,69.55,71.23,68.6801,70.88,38.0854099832152,67000,0.0,1.0
2013-10-03,72.0,72.0,69.48,69.66,37.4298766849713,125800,0.0,1.0
2013-10-02,71.35,72.48,70.5,72.24,38.8161684140443,124000,0.0,1.0
2013-10-01,69.9,71.71,69.04,71.49,38.4131766323371,189000,0.0,1.0
2013-09-30,68.61,70.35,68.61,69.9,37.5588340551177,111600,0.0,1.0
2013-09-27,69.47,69.861,68.21,69.06,37.1074832596055,141867,0.16,1.0
2013-09-26,70.77,71.64,70.32,70.47,37.777583722976,67600,0.0,1.0
2013-09-25,70.74,71.983,70.16,70.66,37.8794389934084,110667,0.0,1.0
2013-09-24,69.62,71.3577,68.91,70.52,37.8043877415109,103267,0.0,1.0
2013-09-23,69.58,70.06,68.821,69.35,37.1771737077961,66267,0.0,1.0
2013-09-20,69.37,70.77,69.32,69.84,37.4398530894373,177067,0.0,1.0
2013-09-19,70.38,70.87,68.63,69.35,37.1771737077961,54000,0.0,1.0
2013-09-18,68.79,70.6745,68.58,70.12,37.5899555932323,86000,0.0,1.0
2013-09-17,68.47,69.148,68.17,68.92,36.9466591483966,77867,0.0,1.0
2013-09-16,69.0,69.1,68.08,68.26,36.592846103737,67000,0.0,1.0
2013-09-13,68.95,69.25,68.09,68.39,36.6625365519275,37600,0.0,1.0
2013-09-12,68.33,68.88,68.0,68.66,36.8072782520155,106267,0.0,1.0
2013-09-11,67.32,69.32,67.05,68.48,36.7107837852902,115800,0.0,1.0
2013-09-10,67.36,67.87,67.03,67.64,36.2604762739052,155400,0.0,1.0
2013-09-09,65.26,67.1,64.9201,66.89,35.8584159958829,228867,0.0,1.0
2013-09-06,67.15,67.15,63.68,64.83,34.7540904322483,535867,0.0,1.0
2013-09-05,67.97,68.35,66.88,67.9,36.3998571702863,196067,0.0,1.0
2013-09-04,66.63,68.56,65.58,67.71,36.2980018998539,303800,0.0,1.0
2013-09-03,66.03,66.7996,65.2301,65.63,35.1829547288054,146467,0.0,1.0
2013-08-30,66.87,67.4,64.91,65.66,35.1990371399263,145600,0.0,1.0
2013-08-29,66.03,67.66,66.03,67.01,35.9227456403665,104267,0.0,1.0
2013-08-28,66.57,66.86,66.13,66.31,35.547489380879,64800,0.0,1.0
2013-08-27,66.41,67.34,65.9,66.53,35.6654270624322,133067,0.0,1.0
2013-08-26,69.57,69.73,66.81,67.4,36.1318169849381,295000,0.0,1.0
2013-08-23,67.4,69.72,67.37,69.63,37.3272762115911,167400,0.0,1.0
2013-08-22,66.14,67.45,66.14,67.37,36.1157345738172,63200,0.0,1.0
2013-08-21,66.47,67.25,65.524,66.15,35.4617165215676,88267,0.0,1.0
2013-08-20,64.74,66.8,64.74,66.76,35.7887255476924,75067,0.0,1.0
2013-08-19,66.04,66.04,64.24,64.82,34.7487296285413,188667,0.0,1.0
2013-08-16,65.26,67.1,65.067,66.24,35.5099637549302,144200,0.0,1.0
2013-08-15,66.56,66.77,65.21,65.51,35.1186250843218,140667,0.0,1.0
2013-08-14,66.91,67.47,66.7,66.95,35.8905808181247,158000,0.0,1.0
2013-08-13,66.23,67.25,65.98,66.96,35.8959416218316,151200,0.0,1.0
2013-08-12,64.26,66.31,63.55,66.24,35.5099637549302,196800,0.0,1.0
2013-08-09,63.5,65.03,63.5,64.36,34.502132658021,194600,0.0,1.0
2013-08-08,62.9,63.93,62.5,63.84,34.2233708652588,210867,0.0,1.0
2013-08-07,60.46,62.935,59.72,62.44,33.4728583462839,297800,0.0,1.0
2013-08-06,60.2,60.49,59.8475,60.4,32.3792543900632,121467,0.0,1.0
2013-08-05,59.55,60.44,59.21,60.24,32.2934815307518,79000,0.0,1.0
2013-08-02,59.44,59.94,59.25,59.72,32.0147197379896,45467,0.0,1.0
2013-08-01,59.66,59.87,59.2,59.8,32.0576061676453,90200,0.0,1.0
2013-07-31,59.62,59.89,59.06,59.32,31.8002875897111,110200,0.0,1.0
2013-07-30,59.23,59.94,58.68,59.75,32.0308021491105,116267,0.0,1.0
2013-07-29,58.76,59.68,58.76,59.22,31.7466795526414,93867,0.0,1.0
2013-07-26,58.67,59.34,58.67,59.02,31.6394634785021,85267,0.0,1.0
2013-07-25,58.31,59.21,57.86,59.05,31.655545889623,166200,0.0,1.0
2013-07-24,57.91,58.87,57.68,58.25,31.2266815930659,125800,0.0,1.0
2013-07-23,58.68,59.4,57.32,57.88,31.0283318559082,146600,0.0,1.0
2013-07-22,58.46,59.11,58.46,58.7,31.4679177598793,134067,0.0,1.0
2013-07-19,57.53,58.95,57.09,58.85,31.5483298154838,121267,0.0,1.0
2013-07-18,56.81,58.035,56.67,57.85,31.0122494447873,79667,0.0,1.0
2013-07-17,56.84,56.96,56.18,56.56,30.320705766589,119267,0.0,1.0
2013-07-16,56.11,56.56,56.01,56.43,30.2510153183984,88067,0.0,1.0
2013-07-15,55.67,56.43,55.34,56.28,30.170603262794,191800,0.0,1.0
2013-07-12,55.44,55.96,55.31,55.67,29.8435942366692,116000,0.0,1.0
2013-07-11,55.0,55.68,54.14,55.6,29.8060686107204,123067,0.0,1.0
2013-07-10,54.51,54.83,54.35,54.6,29.269988240024,92067,0.0,1.0
2013-07-09,54.44,54.545,54.11,54.38,29.1520505584708,165067,0.0,1.0
2013-07-08,53.94,54.32,53.76,54.01,28.9537008213131,80600,0.0,1.0
2013-07-05,54.38,54.515,53.39,53.81,28.8464847471738,57200,0.0,1.0
2013-07-03,53.41,54.0,53.09,53.58,28.7231862619137,60867,0.0,1.0
2013-07-02,53.8,54.13,52.53,53.78,28.830402336053,138867,0.0,1.0
2013-07-01,53.42,54.45,53.42,54.04,28.969783232434,143000,0.0,1.0
2013-06-28,52.78,53.84,51.99,53.19,28.5141149173421,253200,0.0,1.0
2013-06-27,53.25,53.7,51.31,53.06,28.4444244691515,100000,0.16,1.0
2013-06-26,53.18,53.78,52.39,53.085,28.3722711940043,71867,0.0,1.0
2013-06-25,52.42,53.21,51.698,52.88,28.2627051095215,108067,0.0,1.0
2013-06-24,52.81,52.81,51.7,52.11,27.8511642068299,63000,0.0,1.0
2013-06-21,53.24,53.52,52.805,53.16,28.4123563468639,172067,0.0,1.0
2013-06-20,52.79,53.346,52.55,53.02,28.3375307281927,120267,0.0,1.0
2013-06-19,54.03,54.13,53.09,53.47,28.5780416453501,97867,0.0,1.0
2013-06-18,53.43,54.07,53.1,54.0,28.8613100588911,73267,0.0,1.0
2013-06-17,52.59,53.84,52.24,53.51,28.5994203935419,86267,0.0,1.0
2013-06-14,53.07,53.36,51.57,52.0,27.7923726493025,81867,0.0,1.0
2013-06-13,52.16,53.29,51.48,53.29,28.4818372784871,59667,0.0,1.0
2013-06-12,52.78,53.5,52.13,52.15,27.8725429550217,51600,0.0,1.0
2013-06-11,52.15,53.384,52.02,52.36,27.9847813830285,48067,0.0,1.0
2013-06-10,52.74,52.99,52.39,52.84,28.2413263613297,86067,0.0,1.0
2013-06-07,52.39,53.06,52.39,52.72,28.1771901167544,50000,0.0,1.0
2013-06-06,51.56,52.47,51.56,52.22,27.9099557643573,65267,0.0,1.0
2013-06-05,52.36,52.75,51.15,51.68,27.6213426637683,77600,0.0,1.0
2013-06-04,52.15,52.75,51.96,52.53,28.0756410628435,180067,0.0,1.0
2013-06-03,51.15,52.43,51.135,52.24,27.9206451384531,148800,0.0,1.0
2013-05-31,52.19,52.35,50.83,50.94,27.2258358222206,151000,0.0,1.0
2013-05-30,52.86,53.28,52.46,52.53,28.0756410628435,41000,0.0,1.0
2013-05-29,52.95,53.22,52.21,52.54,28.0809857498914,69667,0.0,1.0
2013-05-28,53.98,54.6,52.95,53.42,28.5513182101104,104867,0.0,1.0
2013-05-24,53.02,53.78,52.99,53.4,28.5406288360145,53667,0.0,1.0
2013-05-23,53.03,53.49,52.49,53.16,28.4123563468639,172400,0.0,1.0
2013-05-22,55.17,55.91,53.44,54.0,28.8613100588911,132400,0.0,1.0
2013-05-21,54.15,55.06,54.0901,55.0,29.3957787636854,151267,0.0,1.0
2013-05-20,54.6,54.95,54.11,54.27,29.0056166091855,218467,0.0,1.0
2013-05-17,54.05,54.9,54.05,54.84,29.3102637709183,222000,0.0,1.0
2013-05-16,53.83,54.25,53.53,53.7,28.7009694474528,176467,0.0,1.0
2013-05-15,53.29,54.13,53.26,53.97,28.8452759977473,258200,0.0,1.0
2013-05-14,53.2,53.6,52.79,53.56,28.6261438287816,249467,0.0,1.0
2013-05-13,54.01,54.4,52.7,53.26,28.4658032173433,138400,0.0,1.0
2013-05-10,54.19,54.33,53.87,54.09,28.9094122423226,170800,0.0,1.0
2013-05-09,52.86,54.435,52.621,54.25,28.9949272350896,149000,0.0,1.0
2013-05-08,51.27,53.9,50.86,52.77,28.2039135519941,409000,0.0,1.0
2013-05-07,54.63,55.23,53.78,54.99,29.3904340766374,138067,0.0,1.0
2013-05-06,54.88,55.15,54.3,54.71,29.240782839295,96467,0.0,1.0
2013-05-03,54.27,55.24,54.1,54.92,29.3530212673018,88200,0.0,1.0
2013-05-02,53.31,54.23,53.061,53.6,28.6475225769734,47667,0.0,1.0
2013-05-01,54.2,54.62,53.14,53.22,28.4444244691515,118267,0.0,1.0
2013-04-30,54.2,54.79,53.99,54.52,29.1392337853841,51800,0.0,1.0
2013-04-29,54.0,54.58,53.7801,54.38,29.0644081667129,68467,0.0,1.0
2013-04-26,54.01,54.25,53.395,53.83,28.770450379076,70600,0.0,1.0
2013-04-25,53.8,54.16,53.43,54.04,28.8826888070829,80000,0.0,1.0
2013-04-24,53.29,53.8,53.23,53.79,28.7490716308843,67000,0.0,1.0
2013-04-23,52.44,53.38,52.44,53.37,28.5245947748707,72600,0.0,1.0
2013-04-22,51.97,52.365,51.08,52.24,27.9206451384531,83267,0.0,1.0
2013-04-19,51.27,52.42,51.27,52.24,27.9206451384531,83867,0.0,1.0
2013-04-18,50.5,51.37,50.28,51.3,27.4182445559465,150667,0.0,1.0
2013-04-17,50.69,50.77,50.0435,50.32,26.8944652252481,161800,0.0,1.0
2013-04-16,51.16,51.51,50.59,50.66,27.0761845848782,134067,0.0,1.0
2013-04-15,52.98,52.98,50.38,50.66,27.0761845848782,162667,0.0,1.0
2013-04-12,53.87,53.87,52.76,53.12,28.3909775986721,93267,0.0,1.0
2013-04-11,53.3,54.815,52.65,54.11,28.9201016164184,139400,0.0,1.0
2013-04-10,53.73,54.56,53.252,54.49,29.1231997242403,128067,0.0,1.0
2013-04-09,52.86,54.0,52.755,53.33,28.5032160266789,149467,0.0,1.0
2013-04-08,52.39,53.175,51.92,52.99,28.3214966670489,113067,0.0,1.0
2013-04-05,51.96,52.7,51.96,52.13,27.8618535809258,80267,0.0,1.0
2013-04-04,51.66,52.79,51.66,52.72,28.1771901167544,77000,0.0,1.0
2013-04-03,52.85,53.0,51.07,51.71,27.6373767249122,122400,0.0,1.0
2013-04-02,53.68,53.68,52.66,52.81,28.2252923001859,90067,0.0,1.0
2013-04-01,53.52,53.76,52.01,53.53,28.6101097676378,119200,0.0,1.0
2013-03-28,52.37,53.99,52.1,53.52,28.6047650805898,248467,0.0,1.0
2013-03-27,51.82,52.47,51.55,52.22,27.9099557643573,129400,0.16,1.0
2013-03-26,51.99,52.42,51.58,52.15,27.7874034576409,80200,0.0,1.0
2013-03-25,52.06,52.28,51.51,51.71,27.5529555665314,77267,0.0,1.0
2013-03-22,52.07,52.39,51.62,51.74,27.5689406500161,93667,0.0,1.0
2013-03-21,51.98,52.44,51.6,52.01,27.7128064013788,94200,0.0,1.0
2013-03-20,52.22,52.5,51.8,52.17,27.7980601799641,87467,0.0,1.0
2013-03-19,51.48,52.22,50.71,52.1,27.760761651833,127600,0.0,1.0
2013-03-18,50.39,52.05,50.17,51.52,27.4517167044614,160667,0.0,1.0
2013-03-15,50.61,51.06,49.75,50.94,27.1426717570897,323400,0.0,1.0
2013-03-14,50.0,50.88,49.66,50.8,27.0680747008276,160800,0.0,1.0
2013-03-13,49.77,49.95,49.61,49.95,26.6151640020933,85000,0.0,1.0
2013-03-12,49.64,49.86,49.3001,49.73,26.4979400565385,45467,0.0,1.0
2013-03-11,49.3,49.72,48.85,49.66,26.4606415284074,74867,0.0,1.0
2013-03-08,49.85,49.85,49.022,49.3,26.2688205265905,96600,0.0,1.0
2013-03-07,49.28,49.57,49.28,49.52,26.3860444721453,75867,0.0,1.0
2013-03-06,49.2,49.64,48.46,49.13,26.1782383868437,154467,0.0,1.0
2013-03-05,49.08,49.41,48.98,49.08,26.1515965810358,82800,0.0,1.0
2013-03-04,48.54,49.09,48.11,48.79,25.99707410735,93267,0.0,1.0
2013-03-01,48.77,49.536,47.6,48.53,25.8585367171489,157000,0.0,1.0
2013-02-28,49.09,49.59,48.215,49.08,26.1515965810358,222067,0.0,1.0
2013-02-27,48.23,49.49,47.98,48.9,26.0556860801273,82667,0.0,1.0
2013-02-26,48.43,48.56,47.89,48.27,25.7199993269478,191267,0.0,1.0
2013-02-25,49.17,49.645,48.19,48.32,25.7466411327557,180000,0.0,1.0
2013-02-22,49.0,49.39,47.75,48.47,25.8265665501794,82267,0.0,1.0
2013-02-21,49.06,49.211,48.33,48.68,25.9384621345726,111200,0.0,1.0
2013-02-20,49.48,49.5,48.7,48.97,26.0929846082584,122200,0.0,1.0
2013-02-19,47.84,49.4399,47.52,49.31,26.2741488877521,153800,0.0,1.0
2013-02-15,48.13,48.2,47.55,47.6,25.3629991291219,78467,0.0,1.0
2013-02-14,47.82,48.05,47.555,47.86,25.501536519323,39267,0.0,1.0
2013-02-13,47.38,48.02,47.32,47.88,25.5121932416462,83800,0.0,1.0
2013-02-12,47.34,47.8899,47.09,47.19,25.1445363214971,47467,0.0,1.0
2013-02-11,46.87,47.5,46.7301,47.45,25.2830737116982,69200,0.0,1.0
2013-02-08,46.94,47.49,46.6607,46.935,25.0086631118768,73467,0.0,1.0
2013-02-07,43.28,47.19,42.75,46.73,24.8994317080644,191067,0.0,1.0
2013-02-06,47.01,47.71,46.651,47.53,25.3257006009908,142600,0.0,1.0
2013-02-05,47.5,47.535,46.79,47.08,25.0859243487197,110467,0.0,1.0
2013-02-04,46.66,47.29,46.12,47.25,25.1765064884666,92000,0.0,1.0
2013-02-01,47.47,47.655,46.45,46.98,25.0326407371039,104667,0.0,1.0
2013-01-31,47.06,47.88,46.75,47.15,25.1232228768508,291667,0.0,1.0
2013-01-30,46.8,47.42,46.33,47.03,25.0592825429118,139000,0.0,1.0
2013-01-29,46.25,46.78,45.95,46.76,24.9154167915492,100000,0.0,1.0
2013-01-28,46.61,46.94,45.97,46.24,24.638342011147,63467,0.0,1.0
2013-01-25,46.56,46.59,45.93,46.5,24.7768794013481,65000,0.0,1.0
2013-01-24,45.91,46.59,45.7,46.25,24.6436703723086,84000,0.0,1.0
2013-01-23,46.53,46.58,45.68,45.86,24.4358642870069,76600,0.0,1.0
2013-01-22,46.06,46.81,45.52,46.42,24.7342525120554,115667,0.0,1.0
2013-01-18,46.03,46.31,45.57,46.16,24.5957151218544,75800,0.0,1.0
2013-01-17,45.19,46.1,45.15,45.95,24.4838195374612,63067,0.0,1.0
2013-01-16,45.09,45.48,44.84,45.28,24.1268193396353,67400,0.0,1.0
2013-01-15,44.84,45.45,44.676,45.08,24.0202521164037,77600,0.0,1.0
2013-01-14,44.58,45.0,44.21,45.0,23.977625227111,55600,0.0,1.0
2013-01-11,44.43,44.785,43.89,44.51,23.7165355301936,56600,0.0,1.0
2013-01-10,43.98,44.775,43.71,44.34,23.6259533904468,124067,0.0,1.0
2013-01-09,43.63,44.0,43.45,43.71,23.2902666372672,149067,0.0,1.0
2013-01-08,43.3,43.74,42.9,43.45,23.1517292470661,148267,0.0,1.0
2013-01-07,43.62,44.0068,43.0,43.19,23.013191856865,105200,0.0,1.0
2013-01-04,44.13,44.48,43.4,43.95,23.4181473051451,102067,0.0,1.0
2013-01-03,43.97,44.36,43.54,43.91,23.3968338604988,145200,0.0,1.0
2013-01-02,43.61,44.22,43.14,43.98,23.4341323886299,120867,0.0,1.0
2012-12-31,42.78,43.07,42.16,42.9,22.8586693831792,112067,0.0,1.0
2012-12-28,43.1,43.66,42.68,42.71,22.7574305211092,57867,0.16,1.0
2012-12-27,43.47,43.907,43.2,43.44,23.0600135721246,80400,0.0,1.0
2012-12-26,43.67,43.95,43.371,43.56,23.1237152670752,49000,0.0,1.0
2012-12-24,44.1,44.16,43.375,43.7,23.1980339111843,45267,0.0,1.0
2012-12-21,44.38,44.62,43.68,44.08,23.3997559451946,287867,0.0,1.0
2012-12-20,44.1,44.75,44.1,44.72,23.7394983182646,113867,0.0,1.0
2012-12-19,44.32,44.58,43.95,44.4,23.5696271317296,83200,0.0,1.0
2012-12-18,43.72,44.4,43.53,44.4,23.5696271317296,112400,0.0,1.0
2012-12-17,43.04,43.58,42.78,43.48,23.0812474704415,86600,0.0,1.0
2012-12-14,42.63,43.33,42.6,43.02,22.8370576397975,75400,0.0,1.0
2012-12-13,43.24,43.6336,42.57,42.77,22.704345775317,66800,0.0,1.0
2012-12-12,42.87,43.82,42.77,43.15,22.9060678093273,134200,0.0,1.0
2012-12-11,41.74,43.77,41.72,42.64,22.6353356057872,269600,0.0,1.0
2012-12-10,41.5,41.69,41.16,41.43,21.9930101817017,79867,0.0,1.0
2012-12-07,41.15,41.73,41.0702,41.5,22.0301695037563,129000,0.0,1.0
2012-12-06,41.69,41.88,40.99,41.1,21.8178305205875,114867,0.0,1.0
2012-12-05,41.73,42.54,41.425,41.59,22.0779457749692,171800,0.0,1.0
2012-12-04,41.79,42.36,41.4,41.5,22.0301695037563,100667,0.0,1.0
2012-12-03,42.3,42.36,41.48,41.82,22.2000406902912,128000,0.0,1.0
2012-11-30,42.5,42.5,41.55,42.18,22.3911457751431,163400,0.0,1.0
2012-11-29,42.31,42.71,41.96,42.45,22.534474588782,123400,0.0,1.0
2012-11-28,41.86,42.55,41.66,42.07,22.3327525547717,111600,0.0,1.0
2012-11-27,42.1,42.65,42.0,42.08,22.3380610293509,83800,0.0,1.0
2012-11-26,42.37,42.6,41.8699,42.31,22.460155944673,84667,0.0,1.0
2012-11-23,42.23,42.64,41.96,42.47,22.5450915379404,42467,0.0,1.0
2012-11-21,41.57,42.44,41.4701,42.23,22.4176881480392,96267,0.0,1.0
2012-11-20,42.2,42.62,41.35,41.59,22.0779457749692,93067,0.0,1.0
2012-11-19,41.36,41.83,41.1,41.5,22.0301695037563,91200,0.0,1.0
2012-11-16,40.58,41.47,40.06,41.01,21.7700542493746,186800,0.0,1.0
2012-11-15,40.55,41.0,40.2,40.72,21.6161084865772,121000,0.0,1.0
2012-11-14,40.92,41.0931,40.0,40.66,21.5842576391019,166400,0.0,1.0
2012-11-13,40.6,41.45,40.6,40.93,21.7275864527408,146400,0.0,1.0
2012-11-12,40.65,41.19,39.04,40.93,21.7275864527408,98267,0.0,1.0
2012-11-09,40.66,41.1699,40.52,40.59,21.5470983170474,64200,0.0,1.0
2012-11-08,41.36,41.78,40.857,40.89,21.7063525544239,138467,0.0,1.0
2012-11-07,41.31,41.821,40.5,41.27,21.9080745884342,203600,0.0,1.0
2012-11-06,40.74,44.52,40.74,41.85,22.2159661140289,579600,0.0,1.0
2012-11-05,39.88,40.14,39.5301,39.84,21.148962723606,110067,0.0,1.0
2012-11-02,41.39,41.6798,39.81,40.0,21.2338983168735,174867,0.0,1.0
2012-11-01,39.28,42.12,39.28,41.25,21.8974576392758,309267,0.0,1.0
2012-10-31,37.9,40.165,37.83,39.28,20.8516881471698,279000,0.0,1.0
2012-10-26,36.94,37.84,36.94,37.69,20.0076406890741,95467,0.0,1.0
2012-10-25,35.85,36.97,35.85,36.97,19.6254305193703,77800,0.0,1.0
2012-10-24,36.33,36.36,35.45,35.63,18.9140949257551,99067,0.0,1.0
2012-10-23,36.0,36.86,35.64,36.14,19.1848271292952,132467,0.0,1.0
2012-10-22,36.9,37.4,36.36,36.52,19.3865491633055,94800,0.0,1.0
2012-10-19,38.18,38.394,36.99,37.01,19.6466644176872,161200,0.0,1.0
2012-10-18,37.88,38.11,37.65,38.03,20.1881288247675,64400,0.0,1.0
2012-10-17,37.85,38.26,37.6034,38.15,20.2518305197181,50200,0.0,1.0
2012-10-16,37.88,38.13,37.599,37.8308,20.0823840111495,57000,0.0,1.0
2012-10-15,37.79,37.97,37.54,37.7,20.0129491636533,67600,0.0,1.0
2012-10-12,37.77,38.14,37.54,37.89,20.1138101806584,48600,0.0,1.0
2012-10-11,37.36,38.076,37.36,37.74,20.0341830619702,58667,0.0,1.0
2012-10-10,37.24,37.48,37.02,37.19,19.7422169601131,56600,0.0,1.0
2012-10-09,37.51,37.74,37.24,37.26,19.7793762821677,64467,0.0,1.0
2012-10-08,37.73,37.73,37.36,37.42,19.8643118754352,55400,0.0,1.0
2012-10-05,38.1,38.345,37.66,37.77,20.0501084857078,62467,0.0,1.0
2012-10-04,37.71,38.02,37.66,37.97,20.1562779772922,56200,0.0,1.0
2012-10-03,38.36,38.5799,37.61,37.72,20.0235661128117,80867,0.0,1.0
2012-10-02,37.63,38.4,37.63,38.31,20.3367661129856,87800,0.0,1.0
2012-10-01,37.74,38.07,37.56,37.62,19.9704813670195,105467,0.0,1.0
2012-09-28,37.67,38.13,37.3475,37.66,19.9917152653364,146400,0.0,1.0
2012-09-27,37.1,38.28,37.08,37.89,20.1138101806584,118000,0.15,1.0
2012-09-26,37.09,37.27,37.0,37.11,19.6220687645698,126000,0.0,1.0
2012-09-25,37.19,37.55,36.86,37.11,19.6220687645698,176067,0.0,1.0
2012-09-24,36.97,37.35,36.79,37.08,19.6062061382443,112667,0.0,1.0
2012-09-21,37.5,37.55,36.99,37.19,19.6643691014376,374067,0.0,1.0
2012-09-20,37.8,38.65,37.24,37.38,19.7648324014987,259000,0.0,1.0
2012-09-19,38.66,39.0,37.65,37.95,20.0662223016821,275267,0.0,1.0
2012-09-18,39.59,40.0,38.32,38.7,20.4627879598181,206000,0.0,1.0
2012-09-17,40.22,40.22,39.34,39.8,21.0444175917509,168800,0.0,1.0
2012-09-14,40.53,40.7899,40.28,40.34,21.3299448656089,195267,0.0,1.0
2012-09-13,39.94,40.66,39.66,40.31,21.3140822392834,149400,0.0,1.0
2012-09-12,40.16,40.25,39.82,39.9,21.0972930128357,85067,0.0,1.0
2012-09-11,39.89,40.16,39.51,40.12,21.2136189392223,83200,0.0,1.0
2012-09-10,40.0,40.0,39.69,39.95,21.1237307233781,199867,0.0,1.0
2012-09-07,40.05,40.36,39.53,40.12,21.2136189392223,186067,0.0,1.0
2012-09-06,39.62,40.11,39.45,39.82,21.0549926759679,123267,0.0,1.0
2012-09-05,39.66,39.9,38.61,39.46,20.8646411600626,110667,0.0,1.0
2012-09-04,40.08,40.64,39.32,39.49,20.8805037863881,144200,0.0,1.0
2012-08-31,40.12,40.36,39.3,40.17,21.2400566497647,94800,0.0,1.0
2012-08-30,40.1,40.23,39.42,39.8,21.0444175917509,110667,0.0,1.0
2012-08-29,40.33,40.61,40.02,40.28,21.298219612958,115800,0.0,1.0
2012-08-28,40.02,40.8925,39.78,40.33,21.3246573235004,199800,0.0,1.0
2012-08-27,39.52,40.34,39.37,40.05,21.1766061444629,229867,0.0,1.0
2012-08-24,39.38,39.76,38.9775,39.5,20.8857913284965,305867,0.0,1.0
2012-08-23,39.64,39.9,38.84,39.38,20.8223408231948,238000,0.0,1.0
2012-08-22,39.91,40.03,39.18,39.7,20.9915421706661,238600,0.0,1.0
2012-08-21,39.3,40.14,38.55,39.9,21.0972930128357,335000,0.0,1.0
2012-08-20,37.4,39.46,37.4,39.18,20.7165899810252,142400,0.0,1.0
2012-08-17,36.87,37.47,36.71,37.4,19.7754074857157,134067,0.0,1.0
2012-08-16,36.47,36.99,36.1,36.8,19.4581549592069,78200,0.0,1.0
2012-08-15,35.77,36.63,35.58,36.54,19.3206788643864,97200,0.0,1.0
2012-08-14,36.3,36.47,35.66,35.93,18.9981387957691,209467,0.0,1.0
2012-08-13,36.27,36.37,35.73,36.07,19.0721643852878,166067,0.0,1.0
2012-08-10,36.53,36.75,36.06,36.45,19.2730909854101,152200,0.0,1.0
2012-08-09,37.78,37.85,36.58,36.6,19.3524041170373,160067,0.0,1.0
2012-08-08,36.06,38.23,36.06,37.87,20.0239219648143,275600,0.0,1.0
2012-08-07,36.7,36.7,35.84,36.13,19.1038896379387,162467,0.0,1.0
2012-08-06,37.09,37.41,36.29,36.5,19.2995286959525,152800,0.0,1.0
2012-08-03,36.84,39.23,36.58,37.43,19.7912701120411,201067,0.0,1.0
2012-08-02,37.06,37.89,37.0,37.45,19.8018451962581,106400,0.0,1.0
2012-08-01,38.02,38.46,37.17,37.18,19.6590815593291,98467,0.0,1.0
2012-07-31,38.31,38.85,37.87,37.97,20.0767973858991,103267,0.0,1.0
2012-07-30,38.42,38.75,37.62,38.55,20.3834748281909,86667,0.0,1.0
2012-07-27,36.59,38.79,36.45,38.49,20.35174957554,130200,0.0,1.0
2012-07-26,36.57,37.0,36.2,36.36,19.2255031064338,84400,0.0,1.0
2012-07-25,35.98,36.438,35.16,36.2,19.1409024326981,132400,0.0,1.0
2012-07-24,36.8756,36.96,35.72,36.36,19.2255031064338,167200,0.0,1.0
2012-07-23,36.94,37.0,36.53,36.72,19.4158546223391,79067,0.0,1.0
2012-07-20,37.74,37.9999,37.16,37.3,19.7225320646309,99800,0.0,1.0
2012-07-19,38.0,38.608,38.0,38.04,20.1138101806584,79400,0.0,1.0
2012-07-18,38.32,38.819,37.9,38.0,20.0926600122245,110000,0.0,1.0
2012-07-17,38.55,39.0,38.05,38.26,20.230136107045,95667,0.0,1.0
2012-07-16,39.74,39.74,38.2,38.47,20.3411744913231,165467,0.0,1.0
2012-07-13,39.82,40.65,39.691,39.74,21.0126923391001,79600,0.0,1.0
2012-07-12,40.23,40.4199,39.29,39.86,21.0761428444018,112867,0.0,1.0
2012-07-11,40.76,41.18,40.09,40.55,21.4409832498869,101200,0.0,1.0
2012-07-10,41.1,41.4,39.88,40.9,21.6260472236837,179800,0.0,1.0
2012-07-09,42.87,42.87,41.02,41.1,21.7317980658534,180267,0.0,1.0
2012-07-06,42.89,43.3,42.84,42.86,22.6624054769459,47867,0.0,1.0
2012-07-05,43.47,43.88,43.1632,43.48,22.9902330876716,71067,0.0,1.0
2012-07-03,42.26,43.89,42.26,43.64,23.0748337614073,70067,0.0,1.0
2012-07-02,42.25,42.7,41.0,42.26,22.345152950437,156667,0.0,1.0
2012-06-29,42.22,42.85,41.72,42.66,22.5566546347763,128067,0.0,1.0
2012-06-28,40.5,41.45,40.465,41.38,21.8798492448908,70667,0.15,1.0
2012-06-27,41.94,42.205,40.0,40.96,21.5795479188713,150667,0.0,1.0
2012-06-26,41.25,42.0,41.0,41.78,22.0115603527941,139267,0.0,1.0
2012-06-25,41.25,41.43,40.54,41.37,21.7955541358327,49667,0.0,1.0
2012-06-22,41.8,42.08,41.47,41.78,22.0115603527941,78867,0.0,1.0
2012-06-21,42.99,43.07,41.28,41.5,21.8640439119424,60667,0.0,1.0
2012-06-20,43.25,43.43,42.77,42.92,22.612163004833,30267,0.0,1.0
2012-06-19,42.34,43.64,42.1801,43.39,22.8597798876911,66800,0.0,1.0
2012-06-18,42.44,42.98,42.2,42.28,22.2749825686006,50600,0.0,1.0
2012-06-15,41.97,42.9,41.95,42.76,22.5278678957749,136067,0.0,1.0
2012-06-14,42.17,42.42,41.83,42.13,22.1959559038586,65067,0.0,1.0
2012-06-13,42.67,42.67,41.83,41.98,22.1169292391167,87667,0.0,1.0
2012-06-12,42.46,42.68,42.15,42.66,22.4751834526136,106867,0.0,1.0
2012-06-11,43.86,44.0,42.33,42.38,22.3276670117619,87200,0.0,1.0
2012-06-08,43.85,44.01,43.28,43.68,23.0125647728589,46200,0.0,1.0
2012-06-07,44.51,44.84,43.79,43.83,23.0915914376009,67600,0.0,1.0
2012-06-06,43.7,44.305,43.47,44.15,23.260181655717,86467,0.0,1.0
2012-06-05,43.38,44.0,43.19,43.64,22.9914909955944,70867,0.0,1.0
2012-06-04,43.78,43.9,43.02,43.63,22.9862225512782,98200,0.0,1.0
2012-06-01,43.0,43.85,42.43,43.63,22.9862225512782,156667,0.0,1.0
2012-05-31,44.37,44.37,43.48,43.55,22.9440749967492,92467,0.0,1.0
2012-05-30,44.39,44.95,43.8,44.26,23.3181345431945,118267,0.0,1.0
2012-05-29,44.7,45.1,43.95,44.9,23.6553149794268,247200,0.0,1.0
2012-05-25,44.53,45.46,44.36,44.85,23.6289727578462,109000,0.0,1.0
2012-05-24,44.78,44.78,43.86,44.45,23.418234985201,90200,0.0,1.0
2012-05-23,44.25,44.7891,43.55,44.64,23.5183354272074,162000,0.0,1.0
2012-05-22,45.42,45.556,44.26,44.52,23.4551140954139,171000,0.0,1.0
2012-05-21,45.13,45.61,44.52,45.25,23.8397105304914,188400,0.0,1.0
2012-05-18,45.4,46.0,44.65,44.82,23.6131674248978,202067,0.0,1.0
2012-05-17,46.32,46.84,45.55,45.57,24.0083007486076,155000,0.0,1.0
2012-05-16,47.49,47.8471,46.19,46.41,24.4508500711626,131867,0.0,1.0
2012-05-15,47.91,48.13,46.77,47.46,25.0040367243563,224000,0.0,1.0
2012-05-14,47.7,48.97,47.7,48.05,25.314874939008,127200,0.0,1.0
2012-05-11,46.81,48.3,46.81,47.94,25.2569220515306,95067,0.0,1.0
2012-05-10,47.6,48.342,46.9,47.12,24.8249096176079,169000,0.0,1.0
2012-05-09,47.13,47.5,46.53,47.42,24.9829629470918,191000,0.0,1.0
2012-05-08,48.1,49.18,46.54,47.84,25.2042376083693,394800,0.0,1.0
2012-05-07,48.85,49.92,48.6,49.72,26.1947051398018,73000,0.0,1.0
2012-05-04,49.51,49.786,48.72,49.21,25.9260144796792,82067,0.0,1.0
2012-05-03,50.42,50.5486,49.5,50.0,26.3422215806535,82000,0.0,1.0
2012-05-02,49.87,50.43,49.67,50.39,26.5476909089826,72400,0.0,1.0
2012-05-01,50.61,51.2,49.8101,50.07,26.3791006908664,110000,0.0,1.0
2012-04-30,50.89,50.89,50.14,50.4,26.5529593532987,76000,0.0,1.0
2012-04-27,50.98,51.5,50.44,50.99,26.8637975679504,67600,0.0,1.0
2012-04-26,50.64,51.12,49.99,51.01,26.8743344565827,114867,0.0,1.0
2012-04-25,50.02,51.07,49.69,50.56,26.6372544623568,110400,0.0,1.0
2012-04-24,49.3,49.87,48.98,49.59,26.1262153636921,87667,0.0,1.0
2012-04-23,49.28,49.62,48.43,49.13,25.8838669251501,126400,0.0,1.0
2012-04-20,50.07,50.25,49.38,49.97,26.3264162477051,99467,0.0,1.0
2012-04-19,49.6,51.33,49.01,49.41,26.0313833660018,215800,0.0,1.0
2012-04-18,48.6,49.71,48.04,49.43,26.041920254634,207467,0.0,1.0
2012-04-17,48.55,50.24,48.0889,49.72,26.1947051398018,159667,0.0,1.0
2012-04-16,48.0,48.71,47.45,48.36,25.4781967128081,99467,0.0,1.0
2012-04-13,48.27,48.52,47.78,47.9,25.2358482742661,120067,0.0,1.0
2012-04-12,48.44,49.15,48.37,48.41,25.5045389343887,131200,0.0,1.0
2012-04-11,48.12,48.6,47.7,48.56,25.5835655991307,111267,0.0,1.0
2012-04-10,48.14,48.7499,47.16,47.55,25.0514527232015,130867,0.0,1.0
2012-04-09,48.0,48.76,47.81,48.46,25.5308811559694,100467,0.0,1.0
2012-04-05,48.75,48.79,48.24,48.68,25.6467869309242,79800,0.0,1.0
2012-04-04,48.83,49.26,48.38,48.81,25.7152767070339,138400,0.0,1.0
2012-04-03,49.19,49.83,48.7,49.5,26.078799364847,195267,0.0,1.0
2012-04-02,48.47,49.74,48.47,49.33,25.9892358114727,210667,0.0,1.0
2012-03-30,48.67,48.85,48.0,48.69,25.6520553752404,199600,0.0,1.0
2012-03-29,47.15,48.4,47.02,48.29,25.4413176025951,91400,0.15,1.0
2012-03-28,48.13,48.6,47.3502,47.62,25.0106429445826,161667,0.0,1.0
2012-03-27,48.15,48.79,48.14,48.17,25.2995100932496,89800,0.0,1.0
2012-03-26,48.91,48.99,48.05,48.18,25.3047622232253,100600,0.0,1.0
2012-03-23,48.19,48.35,47.6,48.25,25.3415271330557,65667,0.0,1.0
2012-03-22,48.35,48.67,47.65,48.17,25.2995100932496,94267,0.0,1.0
2012-03-21,48.89,49.0,48.08,48.68,25.5673687220135,148400,0.0,1.0
2012-03-20,47.96,48.85,47.25,48.75,25.6041336318438,153400,0.0,1.0
2012-03-19,47.52,48.52,47.02,48.26,25.3467792630314,163467,0.0,1.0
2012-03-16,47.8,47.82,47.01,47.44,24.9161046050189,237667,0.0,1.0
2012-03-15,46.1,48.33,45.69,47.865,25.1393201289888,359000,0.0,1.0
2012-03-14,46.06,46.28,45.86,46.05,24.1860585383878,123400,0.0,1.0
2012-03-13,45.45,46.22,45.0175,46.2,24.2648404880243,157067,0.0,1.0
2012-03-12,44.7,45.3,44.52,45.01,23.6398370209085,145267,0.0,1.0
2012-03-09,44.31,45.265,44.13,44.62,23.4350039518537,88267,0.0,1.0
2012-03-08,44.0,44.42,42.75,44.37,23.3037007024597,121667,0.0,1.0
2012-03-07,42.81,43.88,42.46,43.64,22.920295214229,120200,0.0,1.0
2012-03-06,43.18,43.6,42.04,42.52,22.3320566569436,197400,0.0,1.0
2012-03-05,43.51,44.68,43.29,43.69,22.9465558641078,285867,0.0,1.0
2012-03-02,43.34,43.98,42.87,43.72,22.9623122540351,299600,0.0,1.0
2012-03-01,43.05,44.16,42.6,43.28,22.7312185351015,234000,0.0,1.0
2012-02-29,43.05,44.47,43.04,43.09,22.631428065562,203200,0.0,1.0
2012-02-28,43.26,43.37,42.51,42.77,22.4633599063376,262600,0.0,1.0
2012-02-27,44.25,44.275,42.6106,43.4,22.7942440948107,218600,0.0,1.0
2012-02-24,45.84,45.95,45.14,45.24,23.760636010351,127867,0.0,1.0
2012-02-23,44.27,46.8,44.1517,45.93,24.1230329786787,243267,0.0,1.0
2012-02-22,43.99,44.5,43.82,44.13,23.1776495830414,170800,0.0,1.0
2012-02-21,41.99,44.0,41.93,43.97,23.0936155034292,264200,0.0,1.0
2012-02-17,42.12,42.12,41.638,41.92,22.0169288583978,118667,0.0,1.0
2012-02-16,41.75,42.14,41.13,41.96,22.0379373783008,123000,0.0,1.0
2012-02-15,42.84,42.885,41.53,41.64,21.8698692190764,197800,0.0,1.0
2012-02-14,42.78,42.81,42.35,42.57,22.3583173068224,116267,0.0,1.0
2012-02-13,43.34,43.69,42.5229,42.78,22.4686120363134,175200,0.0,1.0
2012-02-10,42.54,43.43,41.66,43.07,22.6209238056105,233800,0.0,1.0
2012-02-09,43.5,45.24,41.58,42.84,22.500124816168,561267,0.0,1.0
2012-02-08,43.25,44.54,42.47,44.25,23.2406751427505,399000,0.0,1.0
2012-02-07,44.0,44.23,43.0,43.19,22.6839493653197,105067,0.0,1.0
2012-02-06,43.27,44.01,42.77,44.0,23.1093718933565,96400,0.0,1.0
2012-02-03,43.5,43.73,42.84,43.33,22.7574791849803,115800,0.0,1.0
2012-02-02,42.12,43.25,42.02,42.75,22.4528556463861,140667,0.0,1.0
2012-02-01,40.63,42.46,40.57,42.27,22.2007534075495,248467,0.0,1.0
2012-01-31,42.45,42.45,40.19,40.52,21.281630661791,310600,0.0,1.0
2012-01-30,44.3,44.3,43.29,43.32,22.7522270550046,96667,0.0,1.0
2012-01-27,44.04,44.71,44.04,44.52,23.3824826520961,75067,0.0,1.0
2012-01-26,44.72,44.72,43.93,44.32,23.2774400525809,72400,0.0,1.0
2012-01-25,43.24,44.58,42.7794,44.41,23.3247092223627,97067,0.0,1.0
2012-01-24,42.84,43.48,42.41,43.41,22.7994962247864,110267,0.0,1.0
2012-01-23,43.08,43.2,42.77,43.01,22.5894110257559,41200,0.0,1.0
2012-01-20,42.61,43.1,42.25,42.99,22.5789067658044,78467,0.0,1.0
2012-01-19,43.04,43.4074,42.47,42.62,22.3845779567012,85867,0.0,1.0
2012-01-18,42.69,43.06,42.59,43.02,22.5946631557317,64067,0.0,1.0
2012-01-17,42.61,43.02,42.331,42.71,22.431847126483,89467,0.0,1.0
2012-01-13,41.84,42.52,41.19,42.41,22.2742832272102,85400,0.0,1.0
2012-01-12,41.67,42.51,41.39,42.3,22.2165097974768,135600,0.0,1.0
2012-01-11,42.12,42.17,41.34,41.66,21.8803734790279,197800,0.0,1.0
2012-01-10,43.17,43.31,41.8206,42.32,22.2270140574283,179600,0.0,1.0
2012-01-09,42.86,43.08,42.4024,42.65,22.4003343466285,101267,0.0,1.0
2012-01-06,43.06,43.55,42.46,42.61,22.3793258267254,162800,0.0,1.0
2012-01-05,42.35,43.0,41.5,42.97,22.5684025058529,237867,0.0,1.0
2012-01-04,43.17,43.65,42.25,42.69,22.4213428665315,334400,0.0,1.0
2012-01-03,44.54,44.94,43.6,44.32,23.2774400525809,157200,0.0,1.0
2011-12-30,44.19,44.63,43.65,43.66,22.9307994741805,144200,0.0,1.0
2011-12-29,43.83,44.74,43.83,44.39,23.3142049624112,148600,0.15,1.0
2011-12-28,45.38,45.57,43.81,43.87,22.9634973439825,95667,0.0,1.0
2011-12-27,45.24,45.675,45.02,45.49,23.8114769586907,55800,0.0,1.0
2011-12-23,45.0,45.75,44.85,45.3,23.7120225594348,81200,0.0,1.0
2011-12-22,44.6,45.13,44.52,44.89,23.4974104347247,117400,0.0,1.0
2011-12-21,43.76,44.9,43.62,44.71,23.4031904775349,145067,0.0,1.0
2011-12-20,43.39,44.71,43.39,43.65,22.8483396185283,232067,0.0,1.0
2011-12-19,42.99,43.74,42.37,42.5,22.2463787809267,111600,0.0,1.0
2011-12-16,42.09,43.91,42.09,42.87,22.4400531373724,363600,0.0,1.0
2011-12-15,42.15,42.9,41.92,42.1,22.0370010982827,141200,0.0,1.0
2011-12-14,42.3,42.84,41.2,41.66,21.8066856473743,116000,0.0,1.0
2011-12-13,43.67,44.26,42.37,42.64,22.3196609698521,101067,0.0,1.0
2011-12-12,43.28,43.51,42.66,43.38,22.7070096827436,146400,0.0,1.0
2011-12-09,42.53,44.23,42.53,44.03,23.0472484170401,125867,0.0,1.0
2011-12-08,42.27,42.84,42.22,42.28,22.1312210554725,100067,0.0,1.0
2011-12-07,42.71,42.99,42.34,42.82,22.4138809270419,210800,0.0,1.0
2011-12-06,43.21,43.295,42.22,42.65,22.3248954119182,250800,0.0,1.0
2011-12-05,44.64,45.0,42.89,43.25,22.6389619358842,263400,0.0,1.0
2011-12-02,43.99,44.15,42.93,43.44,22.7384163351402,166600,0.0,1.0
2011-12-01,43.85,44.2,43.44,43.47,22.7541196613385,208667,0.0,1.0
2011-11-30,43.0,44.305,41.93,44.29,23.1833439107587,414200,0.0,1.0
2011-11-29,41.73,42.13,41.0,41.87,21.9166089307624,369600,0.0,1.0
2011-11-28,39.86,42.29,39.86,41.56,21.7543412267133,426067,0.0,1.0
2011-11-25,39.17,39.73,38.36,38.39,20.0950230917595,58667,0.0,1.0
2011-11-23,40.41,40.92,38.93,39.36,20.6027639721712,198800,0.0,1.0
2011-11-22,39.14,40.9487,39.14,40.63,21.2675381145659,200467,0.0,1.0
2011-11-21,39.58,39.77,38.65,39.02,20.4247929419238,188800,0.0,1.0
2011-11-18,40.09,40.51,39.812,40.45,21.1733181573761,111000,0.0,1.0
2011-11-17,40.02,40.43,39.02,40.08,20.9796438009304,116067,0.0,1.0
2011-11-16,41.06,41.34,40.0,40.13,21.0058160112609,126400,0.0,1.0
2011-11-15,40.79,41.62,40.61,41.45,21.6967623639862,113067,0.0,1.0
2011-11-14,41.25,41.68,40.4308,41.1,21.5135568916727,162000,0.0,1.0
2011-11-11,40.96,41.9,40.5,41.19,21.5606668702676,208267,0.0,1.0
2011-11-10,38.16,41.34,37.945,41.09,21.5083224496066,340067,0.0,1.0
2011-11-09,37.46,38.54,36.3,37.6,19.6815021685375,213467,0.0,1.0
2011-11-08,37.28,38.37,36.06,38.18,19.9850998083713,131200,0.0,1.0
2011-11-07,37.61,37.94,36.49,37.03,19.3831389707698,112667,0.0,1.0
2011-11-04,37.41,37.72,37.07,37.59,19.6762677264714,45200,0.0,1.0
2011-11-03,37.71,37.95,36.7,37.78,19.7757221257273,83200,0.0,1.0
2011-11-02,36.53,37.53,36.47,37.26,19.5035311382901,102000,0.0,1.0
2011-11-01,35.53,36.62,35.51,35.89,18.7864125752344,109800,0.0,1.0
2011-10-31,36.85,37.56,36.4,36.92,19.3255601080427,103867,0.0,1.0
2011-10-28,37.46,38.09,36.31,37.56,19.6605644002731,105000,0.0,1.0
2011-10-27,35.75,37.57,35.015,37.43,19.5925166534138,200000,0.0,1.0
2011-10-26,34.44,34.86,33.96,34.6,18.1111695487074,123000,0.0,1.0
2011-10-25,34.13,34.709,33.75,33.81,17.6976486254855,117000,0.0,1.0
2011-10-24,33.88,34.458,33.5,34.19,17.8965574239973,159800,0.0,1.0
2011-10-21,34.04,34.23,33.27,33.85,17.7185863937499,116267,0.0,1.0
2011-10-20,32.96,33.49,32.51,33.44,17.5039742690398,81267,0.0,1.0
2011-10-19,33.7,33.954,32.78,33.02,17.2841277022635,96400,0.0,1.0
2011-10-18,32.89,34.08,32.41,33.87,17.7290552778821,112000,0.0,1.0
2011-10-17,33.48,33.6,32.69,32.87,17.205611071272,183267,0.0,1.0
2011-10-14,33.4,33.74,32.75,33.7,17.6400697627584,193667,0.0,1.0
2011-10-13,33.57,33.64,32.8,33.0,17.2736588181313,130067,0.0,1.0
2011-10-12,33.88,33.92,33.4,33.56,17.566787573833,165467,0.0,1.0
2011-10-11,33.7,33.99,33.21,33.54,17.5563186897008,133067,0.0,1.0
2011-10-10,33.55,34.16,33.28,33.85,17.7185863937499,83600,0.0,1.0
2011-10-07,34.35,34.61,32.84,32.89,17.2160799554042,100000,0.0,1.0
2011-10-06,32.84,34.27,32.84,34.2,17.9017918660634,95200,0.0,1.0
2011-10-05,32.12,33.23,32.0,32.92,17.2317832816025,112200,0.0,1.0
2011-10-04,30.67,32.26,30.0409,32.14,16.8234968004467,362600,0.0,1.0
2011-10-03,33.39,33.77,30.56,30.7,16.0697371429282,237067,0.0,1.0
2011-09-30,34.05,34.98,33.62,33.63,17.6034286682957,142867,0.0,1.0
2011-09-29,34.67,35.2496,34.13,34.68,18.1530450852362,106467,0.11,1.0
2011-09-28,35.22,35.5451,33.86,33.91,17.6938706191538,87667,0.0,1.0
2011-09-27,35.13,36.18,34.82,35.26,18.3982859932575,129000,0.0,1.0
2011-09-26,35.45,35.64,34.51,34.59,18.0486872520356,127467,0.0,1.0
2011-09-23,35.25,35.93,34.89,35.25,18.3930681015975,123267,0.0,1.0
2011-09-22,34.92,35.72,34.38,35.4,18.4713364764979,213000,0.0,1.0
2011-09-21,37.13,37.13,35.86,36.01,18.7896278677596,159800,0.0,1.0
2011-09-20,38.85,39.024,37.06,37.08,19.3479422753825,92467,0.0,1.0
2011-09-19,38.66,39.18,38.26,38.75,20.2193301826072,110400,0.0,1.0
2011-09-16,39.66,39.8,39.0,39.38,20.5480573571889,172800,0.0,1.0
2011-09-15,39.46,39.67,38.54,39.39,20.5532752488489,165267,0.0,1.0
2011-09-14,38.05,39.48,37.74,39.1,20.4019563907081,157667,0.0,1.0
2011-09-13,36.93,37.86,36.64,37.77,19.7079767999244,153067,0.0,1.0
2011-09-12,35.57,36.96,35.02,36.91,19.2592381171621,145400,0.0,1.0
2011-09-09,36.42,36.62,35.04,35.61,18.5809122013585,161467,0.0,1.0
2011-09-08,37.54,38.019,36.59,36.64,19.1183550423413,115867,0.0,1.0
2011-09-07,37.45,38.0,37.19,37.84,19.7445020415446,125467,0.0,1.0
2011-09-06,36.65,36.98,36.25,36.88,19.243584442182,113200,0.0,1.0
2011-09-02,37.93,38.57,37.25,37.5,19.5670937251037,118267,0.0,1.0
2011-09-01,40.12,40.9,38.49,38.73,20.2088943992871,142267,0.0,1.0
2011-08-31,40.17,40.45,39.55,40.21,20.9811423649712,171867,0.0,1.0
2011-08-30,39.91,40.49,39.1,39.82,20.7776445902301,104200,0.0,1.0
2011-08-29,38.5,40.23,38.5,40.13,20.939399231691,122267,0.0,1.0
2011-08-26,37.11,38.2,36.65,38.09,19.8749493330453,130000,0.0,1.0
2011-08-25,38.56,38.91,37.34,37.6,19.619272641704,178267,0.0,1.0
2011-08-24,38.6,39.39,37.91,38.25,19.9584355996058,135667,0.0,1.0
2011-08-23,37.85,38.9,37.4,38.78,20.2349838575872,161600,0.0,1.0
2011-08-22,39.14,39.27,37.67,37.85,19.7497199332047,256800,0.0,1.0
2011-08-19,37.48,39.02,37.48,38.38,20.0262681911861,138067,0.0,1.0
2011-08-18,38.23,38.89,37.4,38.4,20.0367039745062,179200,0.0,1.0
2011-08-17,39.67,39.89,38.96,39.36,20.5376215738688,71467,0.0,1.0
2011-08-16,39.21,39.72,38.89,39.47,20.5950183821291,97000,0.0,1.0
2011-08-15,39.82,40.43,39.4,39.89,20.8141698318503,118067,0.0,1.0
2011-08-12,40.62,41.09,38.99,39.42,20.568928923829,161000,0.0,1.0
2011-08-11,39.3,40.68,39.14,40.07,20.9080918817308,212467,0.0,1.0
2011-08-10,38.05,40.04,38.05,38.95,20.3236880158077,272867,0.0,1.0
2011-08-09,38.75,39.49,36.76,39.23,20.4697889822885,372600,0.0,1.0
2011-08-08,37.5,39.78,36.5,37.73,19.6871052332843,418800,0.0,1.0
2011-08-05,36.51,39.18,35.67,39.06,20.381084824068,467000,0.0,1.0
2011-08-04,39.5,40.98,35.86,36.18,18.87833202598,942667,0.0,1.0
2011-08-03,39.24,39.24,38.21,38.49,20.0836649994464,427000,0.0,1.0
2011-08-02,40.44,40.81,39.06,39.08,20.3915206073881,108600,0.0,1.0
2011-08-01,41.79,41.9981,40.44,40.85,21.315087431213,97267,0.0,1.0
2011-07-29,40.57,41.594,40.16,41.11,21.4507526143737,98600,0.0,1.0
2011-07-28,41.4,42.1,41.2,41.3,21.5498925559142,59800,0.0,1.0
2011-07-27,42.63,42.715,41.3833,41.52,21.6646861724348,77200,0.0,1.0
2011-07-26,43.09,43.51,42.58,42.89,22.3795373298586,74667,0.0,1.0
2011-07-25,43.47,43.99,43.17,43.21,22.5465098629795,58400,0.0,1.0
2011-07-22,43.72,43.85,43.23,43.75,22.828276012621,69667,0.0,1.0
2011-07-21,43.5,43.96,43.12,43.6,22.7500076377206,72067,0.0,1.0
2011-07-20,42.73,43.525,42.13,43.46,22.6769571544802,102267,0.0,1.0
2011-07-19,40.95,42.56,40.83,42.55,22.2021290134177,126467,0.0,1.0
2011-07-18,41.42,41.53,40.55,40.55,21.1585506814121,70800,0.0,1.0
2011-07-15,41.84,42.14,41.43,41.76,21.7899155722755,90800,0.0,1.0
2011-07-14,42.29,43.2,41.68,41.69,21.7533903306553,80267,0.0,1.0
2011-07-13,42.03,42.44,41.96,42.22,22.0299385886367,58467,0.0,1.0
2011-07-12,41.8,42.39,41.79,41.95,21.889055513816,56467,0.0,1.0
2011-07-11,42.57,43.03,41.895,42.03,21.9307986470962,92800,0.0,1.0
2011-07-08,43.02,43.41,43.0,43.25,22.5673814296196,96667,0.0,1.0
2011-07-07,43.22,43.978,42.97,43.71,22.8074044459809,111200,0.0,1.0
2011-07-06,43.35,43.49,42.89,42.97,22.4212804631388,51667,0.0,1.0
2011-07-05,42.16,43.28,42.16,43.26,22.5725993212796,89867,0.0,1.0
2011-07-01,42.18,42.49,41.651,42.28,22.0612459385969,121400,0.0,1.0
2011-06-30,41.76,42.39,41.28,42.25,22.0455922636168,108000,0.0,1.0
2011-06-29,41.32,41.87,40.85,41.6,21.706429305715,91400,0.11,1.0
2011-06-28,40.48,41.23,40.42,41.22,21.4514268995822,80400,0.0,1.0
2011-06-27,40.03,40.39,39.81,40.3,20.972646871741,99867,0.0,1.0
2011-06-24,40.26,40.56,39.68,39.82,20.7228485963455,155400,0.0,1.0
2011-06-23,39.52,40.26,39.32,40.24,20.9414220873165,107267,0.0,1.0
2011-06-22,39.86,40.4,39.59,40.14,20.8893807799425,170667,0.0,1.0
2011-06-21,38.45,40.15,38.32,40.02,20.8269312110936,215667,0.0,1.0
2011-06-20,37.77,38.6,37.76,38.27,19.9162083320478,113000,0.0,1.0
2011-06-17,38.44,38.74,37.75,37.85,19.6976348410768,210867,0.0,1.0
2011-06-16,38.61,38.9,37.73,38.16,19.8589628939364,122800,0.0,1.0
2011-06-15,38.96,39.39,38.08,38.46,20.0150868160585,170600,0.0,1.0
2011-06-14,38.3,40.07,38.2,39.48,20.5459081512738,203000,0.0,1.0
2011-06-13,38.25,38.33,37.64,37.7,19.6195728800157,130667,0.0,1.0
2011-06-10,38.12,38.5,37.62,38.13,19.8433505017241,170467,0.0,1.0
2011-06-09,39.02,39.16,38.27,38.38,19.9734537701593,369067,0.0,1.0
2011-06-08,39.66,40.18,39.01,39.16,20.3793759676768,150467,0.0,1.0
2011-06-07,40.71,40.81,39.79,39.87,20.7488692500326,229467,0.0,1.0
2011-06-06,40.48,40.98,40.16,40.32,20.9830551332158,130800,0.0,1.0
2011-06-03,41.28,41.5,40.57,40.71,21.1860162319746,112000,0.0,1.0
2011-06-02,42.1,42.34,41.58,41.78,21.7428582208769,95400,0.0,1.0
2011-06-01,43.33,43.41,42.0,42.1,21.9093904044738,184000,0.0,1.0
2011-05-31,44.31,44.9199,43.01,43.33,22.5494984851746,195800,0.0,1.0
2011-05-27,43.23,44.0,43.06,43.94,22.8669504601563,222600,0.0,1.0
2011-05-26,42.52,43.13,41.97,42.89,22.3205167327288,113867,0.0,1.0
2011-05-25,41.54,42.85,41.54,42.63,22.1852093335563,126467,0.0,1.0
2011-05-24,41.85,42.03,41.25,41.5,21.5971425602295,94067,0.0,1.0
2011-05-23,41.51,42.13,41.51,41.55,21.6231632139166,86867,0.0,1.0
2011-05-20,42.75,43.18,42.03,42.41,22.0707184573334,116800,0.0,1.0
2011-05-19,44.27,44.29,42.5,42.77,22.2580671638799,175467,0.0,1.0
2011-05-18,42.26,43.73,41.61,43.73,22.7576637146708,223267,0.0,1.0
2011-05-17,41.6,42.29,41.28,42.09,21.9041862737364,193467,0.0,1.0
2011-05-16,42.87,43.16,41.76,41.79,21.7480623516143,165867,0.0,1.0
2011-05-13,43.79,44.19,42.38,42.945,22.3491394517845,131000,0.0,1.0
2011-05-12,43.3,43.86,42.43,43.72,22.7524595839334,171000,0.0,1.0
2011-05-11,45.54,45.54,43.28,43.51,22.6431728384479,245667,0.0,1.0
2011-05-10,46.52,46.8,45.48,45.74,23.8036939928891,147200,0.0,1.0
2011-05-09,46.46,46.67,45.72,46.26,24.0743087912342,111000,0.0,1.0
2011-05-06,46.08,46.52,45.3318,46.46,24.1783914059823,300000,0.0,1.0
2011-05-05,46.27,46.67,44.2,45.56,23.7100196396158,346800,0.0,1.0
2011-05-04,48.44,48.8699,46.5,47.46,24.6988044797227,162867,0.0,1.0
2011-05-03,48.98,48.98,47.65,48.07,25.0162564547044,143000,0.0,1.0
2011-05-02,49.93,49.93,48.66,48.91,25.4534034366464,132000,0.0,1.0
2011-04-29,49.29,49.95,49.058,49.65,25.8385091112144,115000,0.0,1.0
2011-04-28,48.85,49.26,48.56,49.07,25.5366695284449,57000,0.0,1.0
2011-04-27,49.31,49.72,48.5,48.99,25.4950364825457,71000,0.0,1.0
2011-04-26,48.49,49.68,48.09,49.09,25.5470777899197,101200,0.0,1.0
2011-04-25,48.97,49.116,48.0,48.36,25.1671762460892,61667,0.0,1.0
2011-04-21,49.18,49.346,48.55,48.86,25.4273827829594,60467,0.0,1.0
2011-04-20,49.05,49.99,48.5,48.68,25.3337084296861,144800,0.0,1.0
2011-04-19,47.29,48.08,47.01,48.02,24.9902358010174,103000,0.0,1.0
2011-04-18,46.85,47.1,45.89,47.01,24.4646185965395,117800,0.0,1.0
2011-04-15,47.42,47.78,46.89,47.74,24.8445201403701,73867,0.0,1.0
2011-04-14,46.49,47.8,46.01,47.61,24.7768664407838,108667,0.0,1.0
2011-04-13,47.69,47.69,46.3701,46.7,24.30329054368,72800,0.0,1.0
2011-04-12,47.83,47.83,46.71,47.38,24.6571714338235,113467,0.0,1.0
2011-04-11,48.39,49.12,47.5,48.09,25.0266647161792,94800,0.0,1.0
2011-04-08,48.79,49.9,47.93,48.1,25.0318688469166,97267,0.0,1.0
2011-04-07,49.39,49.69,48.373,48.42,25.1984010305136,96200,0.0,1.0
2011-04-06,50.0,50.17,49.0,49.32,25.66677279688,82067,0.0,1.0
2011-04-05,49.45,50.0,49.21,49.76,25.8957545493258,89200,0.0,1.0
2011-04-04,49.65,49.74,49.08,49.44,25.7292223657289,113467,0.0,1.0
2011-04-01,49.19,49.44,48.5,49.34,25.6771810583548,132200,0.0,1.0
2011-03-31,47.77,48.81,47.56,48.72,25.3545249526357,153000,0.0,1.0
2011-03-30,46.6,47.8,45.63,47.58,24.7612540485716,177467,0.11,1.0
2011-03-29,45.88,46.58,45.88,46.56,24.1745436884356,97667,0.0,1.0
2011-03-28,46.18,46.65,45.79,45.84,23.8007105386144,106467,0.0,1.0
2011-03-25,47.15,47.42,45.82,45.89,23.8266711740187,160867,0.0,1.0
2011-03-24,46.74,47.35,46.25,46.75,24.2731941029717,90200,0.0,1.0
2011-03-23,46.15,46.75,45.25,46.18,23.9772428593633,113467,0.0,1.0
2011-03-22,46.9,47.75,46.31,46.32,24.0499326384952,102267,0.0,1.0
2011-03-21,46.13,47.15,46.0,46.7,24.2472334675675,153600,0.0,1.0
2011-03-18,45.65,46.18,45.2801,45.35,23.5462963116528,172400,0.0,1.0
2011-03-17,45.51,46.17,44.97,44.97,23.3489954825805,103667,0.0,1.0
2011-03-16,45.38,45.65,44.17,44.62,23.1672710347508,126800,0.0,1.0
2011-03-15,44.49,45.65,43.18,45.29,23.5151435491677,250867,0.0,1.0
2011-03-14,46.19,46.7,45.56,45.79,23.7747499032102,103800,0.0,1.0
2011-03-11,46.34,47.01,45.61,46.74,24.2680019758909,190467,0.0,1.0
2011-03-10,46.6,47.36,45.37,46.85,24.3251153737802,247600,0.0,1.0
2011-03-09,48.5,48.69,47.3319,47.37,24.5951059819844,207400,0.0,1.0
2011-03-08,47.47,49.0,46.42,48.64,25.2545061212523,190400,0.0,1.0
2011-03-07,50.43,51.23,47.28,47.43,24.6262587444695,420467,0.0,1.0
2011-03-04,48.49,50.39,48.36,50.16,26.0437094375414,301000,0.0,1.0
2011-03-03,48.17,49.11,47.97,48.36,25.1091265629885,194600,0.0,1.0
2011-03-02,47.57,47.83,46.93,47.39,24.6054902361461,228000,0.0,1.0
2011-03-01,48.48,48.81,47.58,47.8,24.8183674464609,130000,0.0,1.0
2011-02-28,49.09,49.19,47.75,48.04,24.9429784964013,188867,0.0,1.0
2011-02-25,46.91,48.81,46.91,48.71,25.2908510108183,167667,0.0,1.0
2011-02-24,46.82,47.419,46.05,46.71,24.2524255946483,121200,0.0,1.0
2011-02-23,46.81,47.37,45.89,46.62,24.2056964509207,227200,0.0,1.0
2011-02-22,47.33,47.61,45.78,46.81,24.3043468654568,329667,0.0,1.0
2011-02-18,49.11,49.11,47.58,48.0,24.9222099880779,163467,0.0,1.0
2011-02-17,48.85,49.49,48.42,48.81,25.3427722816267,158600,0.0,1.0
2011-02-16,48.1,49.19,48.1,48.83,25.3531565357884,164867,0.0,1.0
2011-02-15,49.05,49.0784,47.57,47.74,24.7872146839758,326000,0.0,1.0
2011-02-14,47.36,50.25,47.12,49.17,25.5296888565373,404467,0.0,1.0
2011-02-11,45.5,47.25,45.31,47.12,24.4653028049632,360800,0.0,1.0
2011-02-10,43.2619,46.23,43.2619,45.6,23.676099488674,475400,0.0,1.0
2011-02-09,44.79,46.19,43.81,44.69,23.2036159243167,993600,0.0,1.0
2011-02-08,40.94,40.94,40.05,40.65,21.1059965836535,191400,0.0,1.0
2011-02-07,40.6,41.25,40.29,40.86,21.2150312523513,149000,0.0,1.0
2011-02-04,41.24,41.24,40.28,40.53,21.0436910586833,143267,0.0,1.0
2011-02-03,40.85,41.21,40.25,40.63,21.0956123294918,131867,0.0,1.0
2011-02-02,40.82,41.1599,40.46,40.93,21.2513761419173,120400,0.0,1.0
2011-02-01,39.17,41.29,39.17,40.82,21.1942627440279,220200,0.0,1.0
2011-01-31,39.5,39.7399,38.78,38.78,20.1350688195346,154867,0.0,1.0
2011-01-28,40.35,40.35,39.05,39.09,20.296024759041,163800,0.0,1.0
2011-01-27,39.6,40.63,39.36,40.42,20.986577660794,158867,0.0,1.0
2011-01-26,39.25,39.66,39.1,39.36,20.4362121902239,129467,0.0,1.0
2011-01-25,38.58,39.22,38.51,39.03,20.2648719965559,133267,0.0,1.0
2011-01-24,37.91,38.805,37.43,38.63,20.0571869133219,189667,0.0,1.0
2011-01-21,39.22,39.33,37.67,37.91,19.6833537635007,247667,0.0,1.0
2011-01-20,38.93,39.14,38.051,38.9,20.1973743445048,248000,0.0,1.0
2011-01-19,40.8,40.94,38.981,39.29,20.399867300658,248867,0.0,1.0
2011-01-18,39.82,40.92,39.82,40.65,21.1059965836535,159467,0.0,1.0
2011-01-14,40.49,40.63,39.82,40.38,20.9658091524706,156200,0.0,1.0
2011-01-13,40.0,40.98,39.8,40.34,20.9450406441472,334867,0.0,1.0
2011-01-12,39.46,39.9878,39.12,39.89,20.7113949255089,287667,0.0,1.0
2011-01-11,38.59,39.346,38.342,38.88,20.1869900903431,264200,0.0,1.0
2011-01-10,37.44,38.54,37.06,38.32,19.8962309738155,223600,0.0,1.0
2011-01-07,38.48,38.48,37.5607,37.77,19.6106639843688,186000,0.0,1.0
2011-01-06,38.22,38.6499,37.63,38.24,19.8546939571688,206800,0.0,1.0
2011-01-05,37.41,38.25,37.35,38.08,19.7716199238752,259667,0.0,1.0
2011-01-04,37.44,37.5,36.45,37.49,19.465284426105,309000,0.0,1.0
2011-01-03,36.77,37.55,36.77,37.3,19.3666340115689,219200,0.0,1.0
2010-12-31,36.37,36.99,36.26,36.35,18.8733819388882,145400,0.0,1.0
2010-12-30,37.1,37.28,36.21,36.32,18.8578055576456,183400,0.11,1.0
2010-12-29,37.57,38.38,37.02,37.22,19.2667450687777,357667,0.0,1.0
2010-12-28,35.81,37.59,35.43,37.26,19.2874508668097,677867,0.0,1.0
2010-12-27,35.04,35.77,34.93,35.68,18.4695718445456,103200,0.0,1.0
2010-12-23,34.83,35.21,34.81,34.97,18.1020439294776,174400,0.0,1.0
2010-12-22,35.0,35.05,34.419,34.64,17.9312210957136,105467,0.0,1.0
2010-12-21,34.54,35.03,34.22,35.02,18.1279261770176,113800,0.0,1.0
2010-12-20,34.9,35.38,34.45,34.47,17.8432214540775,143800,0.0,1.0
2010-12-17,34.3,35.11,34.11,34.74,17.9829855907936,385067,0.0,1.0
2010-12-16,35.08,35.0835,34.25,34.35,17.7811040599815,167867,0.0,1.0
2010-12-15,35.23,35.9,35.02,35.14,18.1900435711136,196200,0.0,1.0
2010-12-14,35.6,35.79,34.81,35.19,18.2159258186536,119400,0.0,1.0
2010-12-13,36.53,36.72,35.5,35.53,18.3919251019256,197600,0.0,1.0
2010-12-10,35.71,36.37,35.24,36.29,18.7853352645336,170667,0.0,1.0
2010-12-09,37.18,37.18,35.55,35.59,18.4229837989736,255400,0.0,1.0
2010-12-08,36.1,37.02,35.93,36.79,19.0441577399336,336800,0.0,1.0
2010-12-07,37.95,38.0,35.92,36.04,18.6559240268336,292467,0.0,1.0
2010-12-06,36.0,37.429,35.96,37.19,19.2512157202537,353200,0.0,1.0
2010-12-03,34.74,35.57,34.3,35.5,18.3763957534016,241000,0.0,1.0
2010-12-02,34.43,35.32,34.43,34.84,18.0347500858736,362267,0.0,1.0
2010-12-01,32.87,33.851,32.7,33.64,17.4135761449135,276467,0.0,1.0
2010-11-30,32.6,32.87,32.01,32.32,16.7302848098574,322800,0.0,1.0
2010-11-29,33.66,33.98,32.7301,33.01,17.0874598259095,240200,0.0,1.0
2010-11-26,34.19,34.47,33.96,33.97,17.5843989786775,38067,0.0,1.0
2010-11-24,33.94,34.38,33.65,34.21,17.7086337668695,134600,0.0,1.0
2010-11-23,33.95,33.99,33.11,33.54,17.3618116498335,206267,0.0,1.0
2010-11-22,34.87,35.22,33.91,34.22,17.7138102163775,207600,0.0,1.0
2010-11-19,33.79,35.0,33.065,34.86,18.0451029848896,268400,0.0,1.0
2010-11-18,33.32,34.24,33.17,33.78,17.4860464380255,159867,0.0,1.0
2010-11-17,33.11,33.12,32.64,32.84,16.9994601842735,178600,0.0,1.0
2010-11-16,33.61,33.97,32.74,33.03,17.0978127249255,191800,0.0,1.0
2010-11-15,33.48,34.194,33.06,33.95,17.5740460796615,272400,0.0,1.0
2010-11-12,34.63,34.85,33.15,33.24,17.2065181645935,318667,0.0,1.0
2010-11-11,34.96,35.01,34.19,34.99,18.1123968284936,201800,0.0,1.0
2010-11-10,35.98,35.98,34.63,35.11,18.1745142225896,322000,0.0,1.0
2010-11-09,37.4,37.4,35.51,35.81,18.5368656881496,278467,0.0,1.0
2010-11-08,36.3,37.22,36.17,37.13,19.2201570232057,154400,0.0,1.0
2010-11-05,37.91,38.14,36.39,36.47,18.8785113556776,300867,0.0,1.0
2010-11-04,37.26,38.98,36.3,38.09,19.7170961759737,532267,0.0,1.0
2010-11-03,40.09,40.09,37.6775,37.82,19.5773320392577,320000,0.0,1.0
2010-11-02,39.32,40.05,39.22,39.99,20.7006215824938,118667,0.0,1.0
2010-11-01,39.34,39.57,38.7,39.07,20.2243882277577,108200,0.0,1.0
2010-10-29,39.2,39.71,38.84,39.37,20.3796817129978,65267,0.0,1.0
2010-10-28,39.6,39.96,39.08,39.11,20.2450940257898,68600,0.0,1.0
2010-10-27,39.53,39.57,38.7,39.28,20.3330936674258,111200,0.0,1.0
2010-10-26,40.13,40.204,39.53,39.57,20.4832107031578,107600,0.0,1.0
2010-10-25,40.11,40.6,40.01,40.37,20.8973266637978,57400,0.0,1.0
2010-10-22,39.76,40.03,39.41,39.69,20.5453280972538,55467,0.0,1.0
2010-10-21,40.33,40.7,39.03,39.65,20.5246222992218,107467,0.0,1.0
2010-10-20,39.88,40.35,39.71,40.08,20.7472096280658,70267,0.0,1.0
2010-10-19,39.75,40.84,39.36,39.65,20.5246222992218,177467,0.0,1.0
2010-10-18,41.24,41.53,41.0,41.12,21.2855603768978,76200,0.0,1.0
2010-10-15,42.4,42.44,40.79,41.06,21.2545016798498,174667,0.0,1.0
2010-10-14,40.16,41.44,40.16,41.2,21.3269719729618,166800,0.0,1.0
2010-10-13,39.64,40.51,39.27,40.11,20.7627389765898,192400,0.0,1.0
2010-10-12,39.56,39.75,39.15,39.33,20.3589759149658,130800,0.0,1.0
2010-10-11,39.9,40.31,39.45,39.45,20.4210933090618,95200,0.0,1.0
2010-10-08,38.46,40.23,38.46,39.8,20.6022690418418,259867,0.0,1.0
2010-10-07,38.79,38.85,38.24,38.34,19.8465074136737,73400,0.0,1.0
2010-10-06,38.81,39.24,38.39,38.51,19.9345070553097,112200,0.0,1.0
2010-10-05,38.23,38.89,37.791,38.775,20.0716829672717,178000,0.0,1.0
2010-10-04,38.5,38.57,37.545,37.79,19.5618026907337,175267,0.0,1.0
2010-10-01,37.89,38.7,37.8792,38.65,20.0069773484217,132400,0.0,1.0
2010-09-30,38.5,38.78,37.1,37.9,19.6187436353217,369000,0.0,1.0
2010-09-29,39.22,39.4,38.3,38.42,19.8879190097377,212200,0.09,1.0
2010-09-28,39.81,39.99,38.69,39.51,20.4043541956566,193267,0.0,1.0
2010-09-27,40.15,40.15,39.42,39.79,20.5489560477139,102067,0.0,1.0
2010-09-24,39.21,40.1,38.96,40.09,20.7038866034896,155800,0.0,1.0
2010-09-23,39.79,39.885,38.76,38.82,20.0480139173726,373800,0.0,1.0
2010-09-22,39.3,40.16,39.2001,40.12,20.7193796590672,291200,0.0,1.0
2010-09-21,39.42,39.9,38.8501,39.51,20.4043541956566,236467,0.0,1.0
2010-09-20,38.87,39.45,38.25,39.39,20.3423819733464,201267,0.0,1.0
2010-09-17,39.35,39.5,38.67,38.92,20.0996574359645,255267,0.0,1.0
2010-09-16,39.23,39.75,38.81,39.0,20.140972250838,202800,0.0,1.0
2010-09-15,37.7,39.6,37.62,39.365,20.3294710936984,307667,0.0,1.0
2010-09-14,37.49,38.59,37.49,37.61,19.4231273424107,258467,0.0,1.0
2010-09-13,37.1,37.67,36.91,37.46,19.3456620645229,163800,0.0,1.0
2010-09-10,36.15,36.9,36.15,36.77,18.9893217862388,200467,0.0,1.0
2010-09-09,36.29,36.43,35.82,36.1,18.6433102116731,215867,0.0,1.0
2010-09-08,37.16,37.3799,35.43,35.75,18.4625578966015,270400,0.0,1.0
2010-09-07,37.4,37.4,36.72,36.99,19.102937527141,120067,0.0,1.0
2010-09-03,36.97,37.54,36.861,37.51,19.3714838238188,231800,0.0,1.0
2010-09-02,36.6,36.88,36.22,36.58,18.8911991009142,144067,0.0,1.0
2010-09-01,36.36,36.77,36.0,36.56,18.8808703971958,214000,0.0,1.0
2010-08-31,35.77,36.51,35.4,35.88,18.529694470771,349600,0.0,1.0
2010-08-30,37.15,37.44,35.89,35.9,18.5400231744893,257800,0.0,1.0
2010-08-27,36.91,37.07,36.14,37.02,19.1184305827185,163067,0.0,1.0
2010-08-26,37.46,37.6399,35.96,36.55,18.8757060453366,236200,0.0,1.0
2010-08-25,36.75,37.48,36.37,37.24,19.2320463236207,295400,0.0,1.0
2010-08-24,35.99,37.29,35.73,36.95,19.0822801197042,345400,0.0,1.0
2010-08-23,36.18,36.49,35.62,35.72,18.4470648410239,154867,0.0,1.0
2010-08-20,36.15,36.23,35.34,35.87,18.5245301189118,175800,0.0,1.0
2010-08-19,37.02,37.14,36.21,36.34,18.7672546562937,202667,0.0,1.0
2010-08-18,36.61,37.08,35.87,36.92,19.0667870641266,307067,0.0,1.0
2010-08-17,36.0,36.98,35.99,36.82,19.0151435455347,360667,0.0,1.0
2010-08-16,35.52,36.04,35.17,35.74,18.4573935447423,260200,0.0,1.0
2010-08-13,35.74,36.149,35.36,35.75,18.4625578966015,264400,0.0,1.0
2010-08-12,35.89,36.6999,35.55,35.72,18.4470648410239,367200,0.0,1.0
2010-08-11,36.39,36.9,36.08,36.2,18.694953730265,215667,0.0,1.0
2010-08-10,37.35,37.71,36.8275,37.18,19.2010602124656,419000,0.0,1.0
2010-08-09,37.93,37.93,36.39,37.32,19.2733611384942,261200,0.0,1.0
2010-08-06,36.99,39.2,36.38,37.59,19.4127986386923,684400,0.0,1.0
2010-08-05,34.36,36.43,34.1,36.26,18.7259398414201,319200,0.0,1.0
2010-08-04,34.33,34.88,34.02,34.65,17.8944791920907,72267,0.0,1.0
2010-08-03,34.55,35.03,34.12,34.26,17.6930694695823,99067,0.0,1.0
2010-08-02,34.87,35.09,34.34,34.76,17.9512870625418,88800,0.0,1.0
2010-07-30,34.01,34.83,33.62,34.37,17.7498773400334,118267,0.0,1.0
2010-07-29,34.47,34.7,33.72,34.46,17.7963565067661,81467,0.0,1.0
2010-07-28,34.24,34.7,33.97,34.36,17.7447129881742,100000,0.0,1.0
2010-07-27,35.31,35.5,34.16,34.37,17.7498773400334,134200,0.0,1.0
2010-07-26,34.84,35.04,34.5,35.02,18.0855602108807,100000,0.0,1.0
2010-07-23,34.22,35.0,33.91,34.66,17.8996435439499,97667,0.0,1.0
2010-07-22,33.79,34.36,33.68,34.24,17.6827407658639,117000,0.0,1.0
2010-07-21,33.85,33.97,33.22,33.35,17.2231134503961,52400,0.0,1.0
2010-07-20,32.91,33.65,32.6,33.59,17.3470578950166,69467,0.0,1.0
2010-07-19,32.98,33.27,32.52,33.24,17.166305579945,65400,0.0,1.0
2010-07-16,32.86,33.15,32.39,32.81,16.9442384499999,179600,0.0,1.0
2010-07-15,33.75,33.75,32.75,33.13,17.1094977094939,55400,0.0,1.0
2010-07-14,33.9,33.9,33.2,33.62,17.3625509505942,72000,0.0,1.0
2010-07-13,33.47,34.17,32.79,34.05,17.5846180805393,159267,0.0,1.0
2010-07-12,33.61,34.322,33.0,33.04,17.0630185427612,61600,0.0,1.0
2010-07-09,32.65,33.87,32.46,33.84,17.4761666914964,73600,0.0,1.0
2010-07-08,32.73,32.8,32.22,32.79,16.9339097462815,58000,0.0,1.0
2010-07-07,31.66,32.52,31.28,32.42,16.7428287274915,123600,0.0,1.0
2010-07-06,32.63,33.41,31.56,31.67,16.3555023380523,143200,0.0,1.0
2010-07-02,32.79,32.79,31.96,32.24,16.6498703940261,40000,0.0,1.0
2010-07-01,32.58,32.82,31.8301,32.53,16.7996365979426,118467,0.0,1.0
2010-06-30,32.76,33.05,32.03,32.59,16.8306227090977,155000,0.0,1.0
2010-06-29,34.3,34.555,32.53,32.87,16.975224561155,122467,0.09,1.0
2010-06-28,35.5,35.6,34.75,34.91,17.9795233443544,60067,0.0,1.0
2010-06-25,34.67,35.54,34.07,35.5,18.2833881043993,161800,0.0,1.0
2010-06-24,34.93,35.2,34.37,34.65,17.8456168399278,86467,0.0,1.0
2010-06-23,34.33,35.23,34.06,35.0,18.0258755958867,117000,0.0,1.0
2010-06-22,34.31,35.65,34.06,34.26,17.6447570832879,158600,0.0,1.0
2010-06-21,35.2,36.38,33.98,34.24,17.6344565829474,149000,0.0,1.0
2010-06-18,33.35,34.38,33.2,34.15,17.5881043314151,140800,0.0,1.0
2010-06-17,33.8,33.88,33.19,33.25,17.1245818160923,50200,0.0,1.0
2010-06-16,33.61,34.1,32.94,33.76,17.3872445747753,59000,0.0,1.0
2010-06-15,32.86,34.02,32.785,33.8925,17.4554853895311,98467,0.0,1.0
2010-06-14,31.87,32.86,31.87,32.83,16.9082713089417,113400,0.0,1.0
2010-06-11,30.54,31.5,30.44,31.5,16.223288036298,97400,0.0,1.0
2010-06-10,30.96,31.055,30.3,30.73,15.8267187731885,137667,0.0,1.0
2010-06-09,30.4,31.03,29.9,30.46,15.6876620185917,236067,0.0,1.0
2010-06-08,31.16,31.64,30.12,30.16,15.5331545134841,137667,0.0,1.0
2010-06-07,32.05,32.08,30.89,30.97,15.9503247772746,101267,0.0,1.0
2010-06-04,32.91,33.56,31.83,32.015,16.4885259200661,147867,0.0,1.0
2010-06-03,32.97,33.77,32.95,33.66,17.3357420730727,82800,0.0,1.0
2010-06-02,33.16,33.21,32.24,33.15,17.0730793143898,227067,0.0,1.0
2010-06-01,32.78,34.49,32.78,33.19,17.0936803150708,179867,0.0,1.0
2010-05-28,33.74,33.74,32.4201,32.73,16.8567688072392,130600,0.0,1.0
2010-05-27,32.21,34.0,32.21,33.84,17.4284465761373,161600,0.0,1.0
2010-05-26,32.05,32.35,31.3,31.77,16.3623447908948,217867,0.0,1.0
2010-05-25,31.23,31.97,30.36,31.79,16.3726452912354,154000,0.0,1.0
2010-05-24,32.3,32.57,31.54,31.65,16.3005417888518,73400,0.0,1.0
2010-05-21,31.5,33.07,31.425,32.22,16.5941060485562,153000,0.0,1.0
2010-05-20,33.51,33.51,31.57,31.86,16.4086970424271,296467,0.0,1.0
2010-05-19,34.47,34.47,33.67,33.77,17.3923948249455,164867,0.0,1.0
2010-05-18,35.26,35.5,34.56,34.66,17.8507670900981,155800,0.0,1.0
2010-05-17,35.06,35.235,34.44,35.17,18.113429848781,144467,0.0,1.0
2010-05-14,35.6,35.6,34.61,34.99,18.0207253457164,106267,0.0,1.0
2010-05-13,35.29,36.35,35.29,35.77,18.4224448589962,118800,0.0,1.0
2010-05-12,35.43,35.7399,34.83,35.51,18.2885383545696,109867,0.0,1.0
2010-05-11,34.19,35.83,34.19,35.46,18.2627871037183,165800,0.0,1.0
2010-05-10,34.94,35.12,33.94,34.33,17.6808088344797,166600,0.0,1.0
2010-05-07,35.28,35.9,33.53,34.02,17.5211510792019,282067,0.0,1.0
2010-05-06,36.15,36.23,33.49,35.32,18.1906836013348,266000,0.0,1.0
2010-05-05,35.67,36.6699,35.11,36.19,18.6387553661468,251467,0.0,1.0
2010-05-04,36.52,37.99,36.069,36.62,18.8602161234677,333667,0.0,1.0
2010-05-03,36.23,37.19,36.14,37.0,19.0559256299373,117000,0.0,1.0
2010-04-30,36.2,37.23,35.91,36.14,18.6130041152956,303600,0.0,1.0
2010-04-29,35.99,37.18,35.84,37.18,19.1486301330019,127000,0.0,1.0
2010-04-28,35.7,36.11,35.26,35.89,18.4842478610392,177800,0.0,1.0
2010-04-27,35.42,36.2,34.99,35.51,18.2885383545696,196800,0.0,1.0
2010-04-26,35.0,35.62,34.86,35.48,18.2730876040588,115800,0.0,1.0
2010-04-23,34.27,35.2,33.87,35.0,18.0258755958867,113400,0.0,1.0
2010-04-22,33.55,34.31,33.5,34.16,17.5932545815854,153800,0.0,1.0
2010-04-21,33.75,33.95,33.56,33.75,17.382094324605,158800,0.0,1.0
2010-04-20,33.89,34.54,33.59,33.73,17.3717938242645,187867,0.0,1.0
2010-04-19,34.7,34.95,33.367,33.64,17.3254415727322,224000,0.0,1.0
2010-04-16,34.75,35.27,34.21,34.82,17.9331710928221,225667,0.0,1.0
2010-04-15,34.05,34.88,33.84,34.66,17.8507670900981,113200,0.0,1.0
2010-04-14,33.9,34.0,33.39,34.0,17.5108505788613,106067,0.0,1.0
2010-04-13,33.56,33.95,33.1,33.82,17.4181460757968,108467,0.0,1.0
2010-04-12,33.05,33.53,32.85,33.52,17.2636385706892,91267,0.0,1.0
2010-04-09,32.8,33.03,32.7,33.02,17.0061260621765,108600,0.0,1.0
2010-04-08,33.25,33.35,32.77,32.79,16.8876703082607,127867,0.0,1.0
2010-04-07,33.57,33.66,33.18,33.29,17.1451828167734,120000,0.0,1.0
2010-04-06,33.98,34.36,33.67,33.7,17.3563430737537,133667,0.0,1.0
2010-04-05,33.26,34.02,33.2,34.02,17.5211510792019,168467,0.0,1.0
2010-04-01,33.6,33.7225,32.9901,33.2,17.0988305652411,190800,0.0,1.0
2010-03-31,33.5,33.82,33.33,33.48,17.2430375700082,147667,0.0,1.0
2010-03-30,33.47,33.85,33.03,33.73,17.3717938242645,208600,0.09,1.0
2010-03-29,32.93,33.58,32.905,33.47,17.1920147633984,131200,0.0,1.0
2010-03-26,33.08,33.38,32.65,32.76,16.8273200970699,61867,0.0,1.0
2010-03-25,33.1,33.78,32.71,32.88,16.888958632224,314867,0.0,1.0
2010-03-24,32.29,33.29,32.153,32.97,16.9351875335896,367267,0.0,1.0
2010-03-23,32.66,32.8,32.06,32.55,16.7194526605502,189800,0.0,1.0
2010-03-22,32.74,33.7,32.1605,32.78,16.8375931862623,221400,0.0,1.0
2010-03-19,33.76,33.78,32.6,33.04,16.9711433457628,227000,0.0,1.0
2010-03-18,35.05,35.05,33.4,33.59,17.2536532985525,300867,0.0,1.0
2010-03-17,34.82,35.36,34.82,35.19,18.0755004339405,158600,0.0,1.0
2010-03-16,34.07,34.91,33.89,34.87,17.9111310068629,256200,0.0,1.0
2010-03-15,34.12,34.25,33.896,34.07,17.5002074391689,186200,0.0,1.0
2010-03-12,33.82,34.37,33.67,34.27,17.6029383310924,228400,0.0,1.0
2010-03-11,33.26,33.66,33.25,33.59,17.2536532985525,69000,0.0,1.0
2010-03-10,33.58,33.75,33.04,33.49,17.2022878525907,142667,0.0,1.0
2010-03-09,33.98,34.187,33.58,33.75,17.3358380120913,121600,0.0,1.0
2010-03-08,33.66,34.11,33.66,33.98,17.4539785378033,161400,0.0,1.0
2010-03-05,32.6,33.72,32.51,33.5,17.2074243971869,199200,0.0,1.0
2010-03-04,32.33,32.74,31.92,32.6,16.7451353835311,108267,0.0,1.0
2010-03-03,33.33,33.33,32.2,32.36,16.6218583132229,175667,0.0,1.0
2010-03-02,33.0,33.28,32.79,33.18,17.0430549701093,108800,0.0,1.0
2010-03-01,32.36,32.92,32.1675,32.75,16.8221835524738,125200,0.0,1.0
2010-02-26,32.27,32.62,32.0,32.3,16.5910390456459,120200,0.0,1.0
2010-02-25,31.86,32.51,31.8,32.35,16.6167217686267,192000,0.0,1.0
2010-02-24,31.76,32.43,31.625,32.12,16.4985812429147,116867,0.0,1.0
2010-02-23,31.99,32.24,31.55,31.83,16.3496214496256,121867,0.0,1.0
2010-02-22,31.91,32.38,31.75,31.94,16.4061234401836,112400,0.0,1.0
2010-02-19,31.38,32.0,30.64,31.73,16.2982560036639,129600,0.0,1.0
2010-02-18,31.51,31.82,30.7506,31.35,16.1030673090092,286467,0.0,1.0
2010-02-17,32.17,33.16,31.494,32.71,16.8016373740891,214600,0.0,1.0
2010-02-16,31.83,32.62,30.84,31.94,16.4061234401836,167467,0.0,1.0
2010-02-12,30.56,31.88,30.32,31.61,16.2366174685098,312267,0.0,1.0
2010-02-11,29.71,31.0,29.35,30.96,15.9027420697584,286667,0.0,1.0
2010-02-10,28.75,29.95,28.6623,29.86,15.3377221641791,452867,0.0,1.0
2010-02-09,28.79,29.33,28.03,28.76,14.7727022585999,702000,0.0,1.0
2010-02-08,27.42,29.51,26.95,28.92,14.8548869721387,564800,0.0,1.0
2010-02-05,27.67,27.67,26.5416,27.52,14.1357707286741,104400,0.0,1.0
2010-02-04,28.31,28.31,27.31,27.54,14.1460438178665,140200,0.0,1.0
2010-02-03,28.5,28.71,28.2,28.49,14.6340155545031,110667,0.0,1.0
2010-02-02,28.04,28.86,27.61,28.49,14.6340155545031,136467,0.0,1.0
2010-02-01,27.01,28.07,26.57,27.92,14.3412325125211,154800,0.0,1.0
2010-01-29,27.67,27.67,26.82,26.98,13.8583973204807,211867,0.0,1.0
2010-01-28,27.17,27.86,27.03,27.65,14.2025458084244,175400,0.0,1.0
2010-01-27,26.88,27.26,26.75,27.21,13.9765378461927,91000,0.0,1.0
2010-01-26,27.0,27.32,26.57,27.05,13.8943531326539,113267,0.0,1.0
2010-01-25,27.56,27.75,26.74,27.17,13.955991667808,214400,0.0,1.0
2010-01-22,27.5,28.5,27.21,27.5,14.1254976394818,263800,0.0,1.0
2010-01-21,26.93,27.74,26.75,27.49,14.1203610948856,331400,0.0,1.0
2010-01-20,26.64,26.64,26.15,26.44,13.5810239122872,73400,0.0,1.0
2010-01-19,26.47,27.0,26.17,26.91,13.8224415083074,134400,0.0,1.0
2010-01-15,26.62,26.68,26.235,26.56,13.6426624474413,168000,0.0,1.0
2010-01-14,26.04,26.59,26.0,26.51,13.6169797244604,197600,0.0,1.0
2010-01-13,25.12,26.13,25.06,26.1,13.4063813960173,131667,0.0,1.0
2010-01-12,25.56,25.63,24.59,24.98,12.8310884012456,146200,0.0,1.0
2010-01-11,25.65,26.1,25.48,25.64,13.1701003445932,113067,0.0,1.0
2010-01-08,25.99,26.15,25.35,25.46,13.077642541862,125200,0.0,1.0
2010-01-07,26.24,26.59,25.79,25.99,13.3498794054593,146667,0.0,1.0
2010-01-06,26.18,26.5,26.02,26.18,13.4474737527867,171267,0.0,1.0
2010-01-05,26.4,26.72,26.15,26.28,13.4988391987484,218867,0.0,1.0
2010-01-04,26.01,26.6,26.0,26.38,13.5502046447102,210867,0.0,1.0
2009-12-31,26.37,26.48,25.81,25.82,13.2625581473243,65067,0.0,1.0
2009-12-30,26.26,26.53,26.05,26.51,13.6169797244604,77400,0.0875,1.0
2009-12-29,26.55,26.66,26.4201,26.44,13.5363452924047,70000,0.0,1.0
2009-12-28,27.07,27.2025,26.36,26.58,13.6080203431209,45400,0.0,1.0
2009-12-24,26.69,26.99,26.5,26.91,13.776968676952,18867,0.0,1.0
2009-12-23,26.75,26.79,26.03,26.53,13.5824221107223,81667,0.0,1.0
2009-12-22,26.81,27.17,26.58,26.64,13.6387382219993,108400,0.0,1.0
2009-12-21,25.84,26.9,25.84,26.74,13.6899346867966,120400,0.0,1.0
2009-12-18,26.47,26.47,25.65,25.79,13.2035682712223,512067,0.0,1.0
2009-12-17,25.95,26.25,25.7901,26.19,13.4083541304115,105800,0.0,1.0
2009-12-16,26.11,26.11,25.94,26.02,13.3213201402561,230267,0.0,1.0
2009-12-15,26.24,26.24,25.92,26.0,13.3110808472966,178800,0.0,1.0
2009-12-14,26.19,26.42,26.0,26.37,13.5005077670466,145067,0.0,1.0
2009-12-11,26.21,26.36,25.96,26.07,13.3469183726547,178600,0.0,1.0
2009-12-10,26.9,26.9,26.09,26.1,13.3622773120939,222000,0.0,1.0
2009-12-09,27.08,27.3,26.72,26.81,13.7257722121547,145600,0.0,1.0
2009-12-08,27.41,27.6,27.0,27.14,13.8947205459858,154000,0.0,1.0
2009-12-07,27.95,28.04,27.25,27.49,14.0739081727763,161867,0.0,1.0
2009-12-04,27.61,29.12,27.57,28.04,14.3554887291614,252200,0.0,1.0
2009-12-03,27.71,28.14,27.07,27.17,13.9100794854249,204000,0.0,1.0
2009-12-02,27.98,28.67,27.48,27.57,14.1148653446141,175467,0.0,1.0
2009-12-01,26.17,28.42,26.17,28.04,14.3554887291614,395600,0.0,1.0
2009-11-30,27.07,27.07,26.0,26.13,13.3776362515331,223267,0.0,1.0
2009-11-27,27.03,27.59,26.6,27.24,13.9459170107831,84467,0.0,1.0
2009-11-25,27.67,28.14,27.12,27.7,14.1814207488506,213600,0.0,1.0
2009-11-24,28.94,28.94,27.456,27.64,14.1507028699722,204200,0.0,1.0
2009-11-23,28.48,29.3885,28.48,28.84,14.7650604475398,262000,0.0,1.0
2009-11-20,27.27,28.21,27.21,28.07,14.3708476686006,398200,0.0,1.0
2009-11-19,27.29,27.429,26.47,26.59,13.6131399896006,300200,0.0,1.0
2009-11-18,26.35,27.45,26.3,27.35,14.0022331220601,278400,0.0,1.0
2009-11-17,26.58,26.85,26.18,26.29,13.4595505952088,130400,0.0,1.0
2009-11-16,25.23,26.79,25.23,26.77,13.7052936262358,323067,0.0,1.0
2009-11-13,24.2,25.15,24.0,25.095,12.8477528408811,261667,0.0,1.0
2009-11-12,24.34,25.21,24.01,24.03,12.3025104907899,247600,0.0,1.0
2009-11-11,24.9,25.0,24.04,24.31,12.4458605922223,231600,0.0,1.0
2009-11-10,25.2,25.49,24.57,24.68,12.6352875119723,258667,0.0,1.0
2009-11-09,26.06,26.41,25.28,25.48,13.0448592303507,369400,0.0,1.0
2009-11-06,25.54,26.22,25.31,26.06,13.341798726175,310267,0.0,1.0
2009-11-05,27.99,28.45,25.37,25.37,12.9885431190736,1108867,0.0,1.0
2009-11-04,31.98,32.3187,29.74,29.99,15.3538197927087,424667,0.0,1.0
2009-11-03,30.78,32.46,30.577,31.93,16.3470312097762,243400,0.0,1.0
2009-11-02,31.11,31.885,30.7,30.9,15.819707622364,177000,0.0,1.0
2009-10-30,33.15,33.15,30.87,31.03,15.8862630266005,377200,0.0,1.0
2009-10-29,33.75,34.0,33.3,33.36,17.0791406563775,210400,0.0,1.0
2009-10-28,34.1,34.43,33.54,33.63,17.2173711113302,251667,0.0,1.0
2009-10-27,33.9,34.8,33.06,34.13,17.4733534353167,274867,0.0,1.0
2009-10-26,33.83,34.54,33.53,33.97,17.391439091641,173200,0.0,1.0
2009-10-23,34.78,35.12,33.59,33.68,17.2429693437288,168867,0.0,1.0
2009-10-22,36.1,36.24,34.32,34.86,17.8470876283369,256000,0.0,1.0
2009-10-21,36.35,37.56,36.21,36.76,18.8198204594855,173000,0.0,1.0
2009-10-20,36.6,36.77,36.13,36.37,18.620154246776,176467,0.0,1.0
2009-10-19,36.16,36.88,35.47,36.45,18.6611114186139,87200,0.0,1.0
2009-10-16,36.55,36.55,35.59,35.77,18.3129754579923,103267,0.0,1.0
2009-10-15,36.37,36.76,36.235,36.69,18.7839829341274,104867,0.0,1.0
2009-10-14,36.59,36.69,36.0,36.49,18.6815900045328,101667,0.0,1.0
2009-10-13,35.82,36.23,35.58,36.16,18.5126416707017,127200,0.0,1.0
2009-10-12,36.19,36.71,35.75,35.97,18.4153683875869,59000,0.0,1.0
2009-10-09,35.74,36.39,35.39,35.86,18.3590522763098,93667,0.0,1.0
2009-10-08,35.52,36.5,35.15,35.65,18.2515397002355,257667,0.0,1.0
2009-10-07,34.94,35.53,34.62,35.4,18.1235485382423,119467,0.0,1.0
2009-10-06,34.68,35.09,34.55,34.89,17.8624465677761,250467,0.0,1.0
2009-10-05,34.0,34.75,33.76,34.39,17.6064642437896,126467,0.0,1.0
2009-10-02,34.53,34.93,33.73,33.76,17.2839265155667,188600,0.0,1.0
2009-10-01,35.14,35.14,34.39,34.5,17.6627803550666,239600,0.0,1.0
2009-09-30,35.64,36.08,35.11,35.2,18.0211556086477,211267,0.0,1.0
2009-09-29,36.1,36.34,35.52,35.72,18.2873772255936,153267,0.0875,1.0
2009-09-28,35.93,36.82,35.8,36.36,18.5695464894948,129800,0.0,1.0
2009-09-25,34.79,36.4,34.741,35.99,18.380582457561,228267,0.0,1.0
2009-09-24,35.14,35.27,34.86,34.98,17.8647617217417,186667,0.0,1.0
2009-09-23,35.35,35.55,34.51,35.12,17.9362616257166,145800,0.0,1.0
2009-09-22,35.17,35.38,34.7,35.2,17.9771187137023,126600,0.0,1.0
2009-09-21,34.95,35.2694,34.7513,34.84,17.7932618177667,129067,0.0,1.0
2009-09-18,35.98,36.19,35.0,35.34,18.0486186176773,189067,0.0,1.0
2009-09-17,35.5,36.35,35.23,36.03,18.4010110015538,286267,0.0,1.0
2009-09-16,34.2,35.88,33.73,35.55,18.1558684736397,311200,0.0,1.0
2009-09-15,34.15,34.49,33.79,34.2,17.4664051138812,141400,0.0,1.0
2009-09-14,33.9,34.7399,33.23,34.32,17.5276907458598,126800,0.0,1.0
2009-09-11,34.3,34.689,33.81,34.22,17.4766193858777,105400,0.0,1.0
2009-09-10,33.73,34.41,32.891,34.36,17.5481192898526,267200,0.0,1.0
2009-09-09,32.94,34.49,32.625,33.93,17.3285124419295,269067,0.0,1.0
2009-09-08,32.43,33.47,32.11,33.05,16.879084474087,159400,0.0,1.0
2009-09-04,32.11,32.4,31.6,32.34,16.516477818214,163600,0.0,1.0
2009-09-03,31.85,32.18,31.41,32.11,16.3990136902552,168067,0.0,1.0
2009-09-02,32.18,32.6,31.69,31.86,16.2713352902999,336067,0.0,1.0
2009-09-01,32.58,33.45,32.06,32.16,16.4245493702462,326000,0.0,1.0
2009-08-31,32.83,33.2344,32.72,32.9,16.8024774341138,387067,0.0,1.0
2009-08-28,31.31,33.09,31.31,32.92,16.8126917061102,757000,0.0,1.0
2009-08-27,29.65,30.6,28.73,30.49,15.571657658545,284200,0.0,1.0
2009-08-26,30.38,30.78,29.66,29.84,15.2396938186613,349067,0.0,1.0
2009-08-25,28.55,30.92,28.45,30.56,15.6074076105325,669867,0.0,1.0
2009-08-24,28.33,29.0,28.225,28.54,14.5757661388939,333400,0.0,1.0
2009-08-21,28.1,28.62,27.72,28.2,14.4021235149547,329000,0.0,1.0
2009-08-20,27.05,27.88,27.05,27.71,14.1518738510424,206667,0.0,1.0
2009-08-19,27.01,27.51,26.69,27.25,13.9169455951247,173200,0.0,1.0
2009-08-18,26.74,27.35,26.74,27.16,13.8709813711408,216467,0.0,1.0
2009-08-17,27.0,27.24,26.5204,26.75,13.6615887952141,275467,0.0,1.0
2009-08-14,28.28,28.99,27.03,27.4,13.9935526350978,223000,0.0,1.0
2009-08-13,28.41,28.41,27.59,28.39,14.4991590989207,169667,0.0,1.0
2009-08-12,27.87,28.66,27.78,28.19,14.3970163789565,269467,0.0,1.0
2009-08-11,28.37,28.77,27.44,27.76,14.1774095310334,428400,0.0,1.0
2009-08-10,28.2,28.56,27.83,28.42,14.5144805069153,279800,0.0,1.0
2009-08-07,28.12,29.14,28.12,28.25,14.4276591949458,354200,0.0,1.0
2009-08-06,28.93,30.26,27.84,27.96,14.2795522509976,1046867,0.0,1.0
2009-08-05,31.8,31.8,30.33,30.5,15.5767647945432,424200,0.0,1.0
2009-08-04,31.64,31.88,31.11,31.35,16.0108713543911,233200,0.0,1.0
2009-08-03,32.45,32.91,31.49,31.93,16.3070852422874,308067,0.0,1.0
2009-07-31,30.47,32.38,30.37,32.22,16.4551921862355,576867,0.0,1.0
2009-07-30,31.63,33.13,31.55,32.32,16.5062635462176,375800,0.0,1.0
2009-07-29,32.67,32.81,31.13,31.38,16.0261927623858,299800,0.0,1.0
2009-07-28,31.63,33.36,30.85,32.81,16.7565132101299,583467,0.0,1.0
2009-07-27,31.0,31.89,31.0,31.73,16.2049425223231,449000,0.0,1.0
2009-07-24,30.95,31.13,30.68,30.99,15.8270144584555,208800,0.0,1.0
2009-07-23,29.75,31.29,29.75,31.01,15.837228730452,422600,0.0,1.0
2009-07-22,29.08,30.14,29.04,29.8,15.2192652746684,292667,0.0,1.0
2009-07-21,28.49,29.54,28.49,29.29,14.9588013387597,475467,0.0,1.0
2009-07-20,28.47,28.66,28.07,28.44,14.5246947789118,250600,0.0,1.0
2009-07-17,29.38,29.54,28.13,28.47,14.5400161869064,264667,0.0,1.0
2009-07-16,28.92,29.82,28.78,29.3,14.9639084747579,232000,0.0,1.0
2009-07-15,28.23,29.23,28.18,29.2,14.9128371147758,344067,0.0,1.0
2009-07-14,27.55,28.22,27.21,27.97,14.2846593869959,390467,0.0,1.0
2009-07-13,27.88,28.45,26.48,27.37,13.9782312271032,615667,0.0,1.0
2009-07-10,28.82,29.46,27.05,27.86,14.2284808910155,749267,0.0,1.0
2009-07-09,29.61,29.9,28.47,28.89,14.7545158988313,481800,0.0,1.0
2009-07-08,29.85,30.16,28.615,29.53,15.0813726027168,466067,0.0,1.0
2009-07-07,29.59,30.89,29.36,29.96,15.3009794506398,508467,0.0,1.0
2009-07-06,30.78,30.82,29.0,29.67,15.1528725066917,441267,0.0,1.0
2009-07-02,30.93,31.59,30.011,30.89,15.7759430984734,266000,0.0,1.0
2009-07-01,30.23,31.66,29.53,31.34,16.0057642183929,389667,0.0,1.0
2009-06-30,30.11,31.02,29.65,29.94,15.2907651786434,522467,0.0,1.0
2009-06-29,30.33,30.7925,29.68,29.91,15.2754437706488,304000,0.0875,1.0
2009-06-26,29.95,30.42,29.138,30.23,15.3938383260842,431000,0.0,1.0
2009-06-25,28.79,30.085,28.62,29.95,15.2512556356673,276800,0.0,1.0
2009-06-24,28.21,30.08,28.0125,28.84,14.6860171129431,336867,0.0,1.0
2009-06-23,28.55,28.96,27.64,28.23,14.3753905373919,344400,0.0,1.0
2009-06-22,28.52,28.94,27.7,28.45,14.4874197941481,479867,0.0,1.0
2009-06-19,28.7,29.48,28.235,28.61,14.5688956172435,287867,0.0,1.0
2009-06-18,28.76,29.13,27.92,28.18,14.3499293426746,372667,0.0,1.0
2009-06-17,29.2,29.66,28.07,28.88,14.7063860687169,232267,0.0,1.0
2009-06-16,29.2,30.13,28.47,29.04,14.7878618918123,373867,0.0,1.0
2009-06-15,28.82,29.03,27.7306,28.83,14.6809248739996,367267,0.0,1.0
2009-06-12,28.53,30.64,28.15,29.79,15.1697798125719,411067,0.0,1.0
2009-06-11,30.46,31.355,30.16,30.7,15.6331735564269,256067,0.0,1.0
2009-06-10,31.5,31.68,29.59,30.48,15.5211442996708,369800,0.0,1.0
2009-06-09,29.5,31.88,29.27,31.3,15.9387078930346,613200,0.0,1.0
2009-06-08,30.05,30.05,28.6,29.12,14.82859980336,374267,0.0,1.0
2009-06-05,28.8,30.82,28.55,30.05,15.3021780251019,725067,0.0,1.0
2009-06-04,27.47,28.61,27.05,28.22,14.3702982984485,419867,0.0,1.0
2009-06-03,26.95,26.95,25.74,26.51,13.4995254391166,337600,0.0,1.0
2009-06-02,25.95,26.95,25.51,26.84,13.6675693242508,271067,0.0,1.0
2009-06-01,25.54,26.34,24.61,26.0,13.239821253,332600,0.0,1.0
2009-05-29,24.57,25.39,24.44,25.1,12.7815197480885,243667,0.0,1.0
2009-05-28,24.9,24.9,23.01,24.43,12.4403397388766,390867,0.0,1.0
2009-05-27,25.1,26.21,24.25,24.59,12.5218155619719,434800,0.0,1.0
2009-05-26,23.66,25.43,23.49,24.95,12.7051361639366,454000,0.0,1.0
2009-05-22,22.37,24.14,22.2175,23.34,11.8852856940392,274667,0.0,1.0
2009-05-21,22.57,22.69,21.89,22.2,11.3047704544846,325400,0.0,1.0
2009-05-20,22.81,24.2099,22.62,22.75,11.584843596375,370867,0.0,1.0
2009-05-19,22.81,23.18,22.2,22.62,11.51864449011,364000,0.0,1.0
2009-05-18,21.99,22.97,21.83,22.87,11.6459504636966,335467,0.0,1.0
2009-05-15,20.86,22.64,20.66,21.31,10.8515611885166,376400,0.0,1.0
2009-05-14,19.81,21.61,19.702,20.88,10.6325949139477,276667,0.0,1.0
2009-05-13,20.58,20.85,19.32,19.79,10.0775408691104,380267,0.0,1.0
2009-05-12,20.9,21.33,20.5864,20.76,10.5714880466262,356867,0.0,1.0
2009-05-11,21.27,21.58,20.25,20.9,10.6427793918346,314067,0.0,1.0
2009-05-08,19.98,21.67,19.25,21.5,10.9483137284423,536000,0.0,1.0
2009-05-07,19.62,20.62,18.78,19.67,10.0164340017889,913600,0.0,1.0
2009-05-06,17.94,18.13,17.36,17.5,8.9114181510577,375667,0.0,1.0
2009-05-05,17.98,18.26,17.47,17.64,8.98270949626616,381067,0.0,1.0
2009-05-04,16.57,18.163,16.56,17.89,9.1100154698527,303867,0.0,1.0
2009-05-01,16.35,16.7,16.0,16.56,8.43274769037232,183667,0.0,1.0
2009-04-30,16.24,16.57,15.84,16.07,8.1832279821427,268400,0.0,1.0
2009-04-29,15.65,16.3,15.62,16.08,8.18832022108616,180800,0.0,1.0
2009-04-28,15.65,15.86,15.18,15.52,7.90315484025232,376200,0.0,1.0
2009-04-27,15.83,16.34,15.56,15.82,8.05592200855616,221867,0.0,1.0
2009-04-24,15.95,16.4,15.62,16.03,8.16285902636886,240000,0.0,1.0
2009-04-23,16.4,16.66,15.58,15.78,8.03555305278232,361800,0.0,1.0
2009-04-22,14.8,16.76,14.8,16.19,8.24433484946424,617200,0.0,1.0
2009-04-21,13.46,14.216,13.4,14.1,7.18005691028078,190600,0.0,1.0
2009-04-20,13.93,14.11,13.24,13.46,6.85415361789924,188600,0.0,1.0
2009-04-17,14.7,14.7,13.7,14.18,7.22079482182847,489267,0.0,1.0
2009-04-16,14.26,15.11,13.91,14.65,7.46013005217116,494267,0.0,1.0
2009-04-15,15.45,15.56,15.0,15.25,7.76566438877885,270400,0.0,1.0
2009-04-14,15.98,16.17,15.3,15.58,7.93370827391309,207867,0.0,1.0
2009-04-13,15.92,16.22,15.44,16.17,8.23415037157732,178000,0.0,1.0
2009-04-09,14.74,16.09,14.74,16.05,8.17304350425578,229800,0.0,1.0
2009-04-08,15.05,15.49,14.31,14.58,7.42448437956693,334867,0.0,1.0
2009-04-07,14.57,15.15,14.42,14.92,7.59762050364462,220467,0.0,1.0
2009-04-06,14.47,14.74,14.37,14.68,7.47540676900155,186000,0.0,1.0
2009-04-03,15.13,15.13,14.2,14.62,7.44485333534078,284867,0.0,1.0
2009-04-02,14.39,15.5,14.06,15.02,7.64854289307924,276267,0.0,1.0
2009-04-01,13.99,14.06,13.55,14.01,7.13422675978962,477800,0.0,1.0
2009-03-31,13.47,14.63,13.47,14.14,7.20042586605462,233867,0.0,1.0
2009-03-30,13.62,13.74,12.76,13.4,6.82360018423847,230600,0.0875,1.0
2009-03-27,14.2,14.42,13.96,13.98,7.07276593702716,158067,0.0,1.0
2009-03-26,14.41,14.73,14.07,14.44,7.30548927973334,308600,0.0,1.0
2009-03-25,13.85,14.3,13.57,14.29,7.22960123319872,421400,0.0,1.0
2009-03-24,13.55,13.9,13.32,13.77,6.96652267187868,296200,0.0,1.0
2009-03-23,13.3,13.7599,13.21,13.71,6.93616745326483,299267,0.0,1.0
2009-03-20,13.46,13.62,12.8874,12.89,6.52131279887554,198867,0.0,1.0
2009-03-19,13.51,13.8,12.93,13.34,6.74897693847942,310000,0.0,1.0
2009-03-18,13.03,13.5,12.63,13.38,6.76921375088865,211467,0.0,1.0
2009-03-17,13.19,13.19,12.26,13.12,6.63767447022863,219400,0.0,1.0
2009-03-16,12.7,13.16,12.69,12.78,6.46566156475015,187467,0.0,1.0
2009-03-13,12.51,12.9537,12.26,12.66,6.40495112752245,186867,0.0,1.0
2009-03-12,11.8,12.62,11.8,12.5,6.32400387788551,258400,0.0,1.0
2009-03-11,12.38,12.9,11.8,11.83,5.98503727003085,280267,0.0,1.0
2009-03-10,11.94,12.54,11.65,12.33,6.23799742514627,279867,0.0,1.0
2009-03-09,11.42,12.05,11.42,11.7,5.91926762970084,153467,0.0,1.0
2009-03-06,11.14,11.8,11.0,11.55,5.84337958316621,245000,0.0,1.0
2009-03-05,11.72,11.87,11.04,11.07,5.60053783425541,191200,0.0,1.0
2009-03-04,11.65,12.17,11.65,11.91,6.02551089484932,225400,0.0,1.0
2009-03-03,11.14,11.98,11.0,11.41,5.7725507397339,272800,0.0,1.0
2009-03-02,12.18,12.51,11.01,11.02,5.57524181874387,275600,0.0,1.0
2009-02-27,12.35,12.97,12.14,12.36,6.25317503445319,132267,0.0,1.0
2009-02-26,12.89,13.0799,12.4,12.42,6.28353025306705,88400,0.0,1.0
2009-02-25,13.42,13.59,12.67,12.76,6.45554315854553,142000,0.0,1.0
2009-02-24,12.93,13.49,12.83,13.46,6.80968737570712,290467,0.0,1.0
2009-02-23,13.51,13.74,12.8,12.82,6.48589837715938,107267,0.0,1.0
2009-02-20,13.7,14.01,13.05,13.49,6.82486498501405,223067,0.0,1.0
2009-02-19,13.81,14.25,13.8,13.93,7.04746992151562,98200,0.0,1.0
2009-02-18,14.55,14.75,13.38,13.72,6.94122665636714,223267,0.0,1.0
2009-02-17,15.25,15.46,14.42,14.42,7.29537087352873,141600,0.0,1.0
2009-02-13,15.63,16.11,15.54,15.56,7.87212002719189,64067,0.0,1.0
2009-02-12,15.32,15.68,15.05,15.57,7.87717923029419,74267,0.0,1.0
2009-02-11,15.95,16.18,15.36,15.47,7.82658719927111,157867,0.0,1.0
2009-02-10,16.46,16.6,15.69,15.84,8.01377771405652,195600,0.0,1.0
2009-02-09,16.95,17.48,16.31,16.49,8.34262591570657,128867,0.0,1.0
2009-02-06,15.91,18.0,15.64,16.99,8.59558607082199,260800,0.0,1.0
2009-02-05,16.5,17.7,16.14,17.09,8.64617810184507,120200,0.0,1.0
2009-02-04,16.8,17.21,16.31,16.65,8.4235731653435,228667,0.0,1.0
2009-02-03,17.41,17.6092,16.66,16.72,8.45898758705966,134267,0.0,1.0
2009-02-02,16.26,17.36,16.25,17.29,8.74736216389124,133267,0.0,1.0
2009-01-30,16.42,16.53,15.9,16.39,8.29203388468348,114800,0.0,1.0
2009-01-29,17.19,17.25,16.17,16.34,8.26673786917194,99200,0.0,1.0
2009-01-28,16.51,17.66,16.33,17.4,8.80301339801663,145600,0.0,1.0
2009-01-27,15.48,16.5,15.48,16.43,8.31227069709272,70067,0.0,1.0
2009-01-26,15.05,16.2,15.05,15.48,7.83164640237342,94200,0.0,1.0
2009-01-23,14.79,15.3,14.61,15.16,7.66975190309955,72067,0.0,1.0
2009-01-22,15.24,15.6,14.58,15.06,7.61915987207647,76400,0.0,1.0
2009-01-21,14.59,15.78,14.3,15.58,7.8822384333965,177000,0.0,1.0
2009-01-20,15.44,15.6,14.27,14.39,7.2801932642218,176600,0.0,1.0
2009-01-16,15.28,15.66,14.88,15.56,7.87212002719189,133667,0.0,1.0
2009-01-15,14.48,15.4,14.4,15.2,7.68998871550878,154200,0.0,1.0
2009-01-14,15.03,15.29,14.34,14.5,7.33584449834719,217267,0.0,1.0
2009-01-13,15.65,15.66,15.14,15.39,7.78611357445264,210667,0.0,1.0
2009-01-12,17.01,17.01,15.32,15.71,7.94800807372651,274867,0.0,1.0
2009-01-09,17.8,17.81,16.8,16.86,8.52981643049198,141267,0.0,1.0
2009-01-08,17.71,17.9,17.11,17.7,8.95478949108588,109600,0.0,1.0
2009-01-07,17.67,18.38,17.38,17.92,9.06609195933667,222267,0.0,1.0
2009-01-06,17.02,18.36,16.93,17.95,9.0812695686436,341067,0.0,1.0
2009-01-05,17.07,17.21,16.5301,16.98,8.59052686771968,230400,0.0,1.0
2009-01-02,16.4,17.32,16.21,17.21,8.70688853907277,156467,0.0,1.0
2008-12-31,16.27,16.7,15.81,16.48,8.33756671260426,239467,0.0,1.0
2008-12-30,16.0,16.34,15.46,16.11,8.15037619781885,254400,0.085,1.0
2008-12-29,16.5,16.675,15.86,16.12,8.1126313250287,164067,0.0,1.0
2008-12-26,16.96,17.45,16.25,16.49,8.29883936412675,123600,0.0,1.0
2008-12-24,16.17,17.1,16.03,16.92,8.51524330145693,71000,0.0,1.0
2008-12-23,17.14,17.29,15.6901,16.25,8.17805577119829,280067,0.0,1.0
2008-12-22,18.94,18.94,16.54,17.08,8.59576569674257,215667,0.0,1.0
2008-12-19,18.515,19.07,18.11,18.99,9.55700179046495,394467,0.0,1.0
2008-12-18,17.98,19.293,17.98,18.76,9.44125084724184,276000,0.0,1.0
2008-12-17,16.82,18.31,16.82,17.97,9.04367152051897,348200,0.0,1.0
2008-12-16,16.28,17.0,16.14,16.88,8.49511270263551,306667,0.0,1.0
2008-12-15,16.64,17.09,15.61,16.0,8.05223952856447,296400,0.0,1.0
2008-12-12,13.95,17.16,13.92,16.64,8.37432910970705,513267,0.0,1.0
2008-12-11,14.48,15.36,13.9,14.09,7.09100343484209,193067,0.0,1.0
2008-12-10,13.34,15.38,13.31,14.73,7.41309301598467,275000,0.0,1.0
2008-12-09,13.25,14.31,13.25,13.36,6.72362000635133,312200,0.0,1.0
2008-12-08,12.41,13.452,12.41,13.37,6.72865265605668,412467,0.0,1.0
2008-12-05,11.67,12.36,11.55,12.24,6.15996323935182,361400,0.0,1.0
2008-12-04,11.9,12.45,11.57,11.92,5.99891844878053,499000,0.0,1.0
2008-12-03,11.95,12.34,11.5,12.0,6.03917964642335,273467,0.0,1.0
2008-12-02,11.25,12.12,11.01,12.08,6.07944084406617,233267,0.0,1.0
2008-12-01,12.55,12.62,11.15,11.17,5.62146972087907,258067,0.0,1.0
2008-11-28,12.8,13.05,12.32,12.66,6.37133452697664,145267,0.0,1.0
2008-11-26,11.54,13.0,10.65,12.95,6.51728136843187,753600,0.0,1.0
2008-11-25,15.38,15.88,15.18,15.88,7.99184773210024,238067,0.0,1.0
2008-11-24,14.14,15.48,13.91,15.29,7.69492139948442,225267,0.0,1.0
2008-11-21,13.92,14.41,13.01,14.06,7.07590548572603,334867,0.0,1.0
2008-11-20,15.41,15.57,13.69,13.72,6.90479539574403,157067,0.0,1.0
2008-11-19,16.59,17.13,15.5,15.51,7.80563969300218,163467,0.0,1.0
2008-11-18,16.7,17.4,15.86,16.7,8.40452500793917,234800,0.0,1.0
2008-11-17,17.45,17.45,16.62,16.63,8.3692964600017,185667,0.0,1.0
2008-11-14,18.7,18.82,17.46,17.58,8.84739818201021,278267,0.0,1.0
2008-11-13,18.63,19.19,16.81,18.98,9.5519691407596,345400,0.0,1.0
2008-11-12,20.17,20.99,18.51,18.59,9.35569580225084,233200,0.0,1.0
2008-11-11,19.89,20.71,19.59,20.28,10.2062136024555,348000,0.0,1.0
2008-11-10,22.84,22.84,21.13,21.39,10.7648377197496,249600,0.0,1.0
2008-11-07,22.82,23.04,22.02,22.48,11.3133965376331,202600,0.0,1.0
2008-11-06,23.51,23.92,22.7,22.74,11.4442454299723,240867,0.0,1.0
2008-11-05,25.46,25.82,23.29,23.84,11.9978368975611,538867,0.0,1.0
2008-11-04,26.21,26.21,23.18,23.29,11.7210411637667,401200,0.0,1.0
2008-11-03,26.48,27.155,25.28,25.66,12.9137791439353,277667,0.0,1.0
2008-10-31,24.78,27.15,24.59,26.63,13.4019461653545,330467,0.0,1.0
2008-10-30,25.68,26.001,23.83,25.02,12.5916895627927,340800,0.0,1.0
2008-10-29,24.43,26.83,24.24,25.14,12.6520813592569,625000,0.0,1.0
2008-10-28,27.89,29.8,27.41,29.79,14.992263472246,216667,0.0,1.0
2008-10-27,28.37,29.12,27.48,27.48,13.8297213903095,183800,0.0,1.0
2008-10-24,28.5,29.7,27.2,28.65,14.4185414058358,223200,0.0,1.0
2008-10-23,31.8,32.25,28.71,30.27,15.2338306581029,257867,0.0,1.0
2008-10-22,32.72,33.29,30.91,31.74,15.9736301647898,322400,0.0,1.0
2008-10-21,33.48,34.45,32.9,33.28,16.7486582194141,331467,0.0,1.0
2008-10-20,31.96,33.26,31.34,33.06,16.6379399258963,172867,0.0,1.0
2008-10-17,30.45,33.06,28.71,31.27,15.7370956286382,173200,0.0,1.0
2008-10-16,30.01,32.29,28.86,31.63,15.9182710180309,264067,0.0,1.0
2008-10-15,32.67,32.99,29.69,29.91,15.0526552687102,174667,0.0,1.0
2008-10-14,33.68,34.5,32.47,33.17,16.6932990726552,261800,0.0,1.0
2008-10-13,29.79,33.31,29.19,33.26,16.7385929200034,281600,0.0,1.0
2008-10-10,28.4,29.59,27.25,28.79,14.4889985017107,414200,0.0,1.0
2008-10-09,30.11,31.5,28.62,28.65,14.4185414058358,325000,0.0,1.0
2008-10-08,29.75,30.97,28.61,30.1,15.1482756131119,410600,0.0,1.0
2008-10-07,32.6599,32.66,30.05,30.19,15.1935694604601,294267,0.0,1.0
2008-10-06,31.49,31.596,28.8,30.95,15.5760508380669,468867,0.0,1.0
2008-10-03,32.45,34.23,31.8,31.83,16.0189240121379,235800,0.0,1.0
2008-10-02,34.94,34.99,31.79,32.23,16.220230000352,516467,0.0,1.0
2008-10-01,35.14,35.99,34.51,34.98,17.6042086693241,267200,0.0,1.0
2008-09-30,35.79,35.8425,34.5,35.22,17.7249922622525,359200,0.0,1.0
2008-09-29,37.55,37.95,34.12,35.75,17.9917226966362,412200,0.085,1.0
2008-09-26,38.87,38.87,37.61,38.38,19.2694939890302,191000,0.0,1.0
2008-09-25,40.09,40.26,38.09,38.96,19.560695305175,339267,0.0,1.0
2008-09-24,40.56,40.76,39.53,40.35,20.2585743214531,135467,0.0,1.0
2008-09-23,40.71,41.27,39.59,40.6,20.3840921301362,299867,0.0,1.0
2008-09-22,42.18,42.39,40.55,40.61,20.3891128424835,225600,0.0,1.0
2008-09-19,47.58,48.48,42.27,42.28,21.2275718044867,992267,0.0,1.0
2008-09-18,42.32,46.03,41.69,45.41,22.7990547691991,769067,0.0,1.0
2008-09-17,42.11,42.89,41.38,41.82,20.9966190365098,413467,0.0,1.0
2008-09-16,39.7,42.8,39.2901,42.71,21.4434624354216,448600,0.0,1.0
2008-09-15,41.45,41.45,39.81,40.02,20.0928908139914,254267,0.0,1.0
2008-09-12,41.17,42.325,41.17,42.0,21.0869918587616,245467,0.0,1.0
2008-09-11,41.13,41.78,40.47,41.2,20.6853348709757,169000,0.0,1.0
2008-09-10,42.13,42.47,40.51,41.37,20.7706869808802,371600,0.0,1.0
2008-09-09,45.54,46.0,41.57,41.74,20.9564533377312,501600,0.0,1.0
2008-09-08,44.68,45.88,44.0,45.7,22.9446554272716,211467,0.0,1.0
2008-09-05,45.11,45.3,44.05,44.96,22.5731227135696,309800,0.0,1.0
2008-09-04,45.82,45.97,44.44,45.1,22.6434126864321,261200,0.0,1.0
2008-09-03,45.6,47.12,45.11,45.89,23.0400489618707,308800,0.0,1.0
2008-09-02,45.64,45.87,44.7,45.68,22.9346140025769,341000,0.0,1.0
2008-08-29,45.97,45.97,44.8,44.96,22.5731227135696,160200,0.0,1.0
2008-08-28,44.97,45.89,44.87,45.47,22.8291790432831,168067,0.0,1.0
2008-08-27,44.09,45.0,44.09,44.96,22.5731227135696,231667,0.0,1.0
2008-08-26,44.9,44.98,43.47,43.89,22.0359064924059,310667,0.0,1.0
2008-08-25,44.52,44.99,43.61,44.5,22.3421699455926,184267,0.0,1.0
2008-08-22,43.96,44.94,43.47,44.67,22.4275220554972,265467,0.0,1.0
2008-08-21,44.51,45.38,43.95,44.3,22.2417556986462,294267,0.0,1.0
2008-08-20,44.57,45.51,43.92,45.01,22.5982262753062,210000,0.0,1.0
2008-08-19,44.64,44.97,43.5,44.58,22.3823356443712,159000,0.0,1.0
2008-08-18,44.69,45.43,44.14,44.84,22.5128741654017,263400,0.0,1.0
2008-08-15,46.0,46.0,43.43,44.1,22.1413414516997,247600,0.0,1.0
2008-08-14,44.59,46.2,44.43,45.78,22.9848211260501,200667,0.0,1.0
2008-08-13,44.34,45.405,44.14,45.18,22.6835783852107,235067,0.0,1.0
2008-08-12,45.29,45.98,44.01,45.07,22.6283505493901,293600,0.0,1.0
2008-08-11,46.62,46.79,45.41,46.22,23.2057324693324,238867,0.0,1.0
2008-08-08,44.89,47.28,44.22,46.72,23.4567680866986,406800,0.0,1.0
2008-08-07,45.825,47.44,44.21,44.66,22.4225013431498,436267,0.0,1.0
2008-08-06,46.66,47.45,45.88,46.89,23.5421201966031,488067,0.0,1.0
2008-08-05,46.91,46.91,45.7,45.97,23.0802146606493,340600,0.0,1.0
2008-08-04,46.49,46.95,45.75,46.1,23.1454839211645,404400,0.0,1.0
2008-08-01,45.39,46.82,44.94,46.11,23.1505046335118,336067,0.0,1.0
2008-07-31,45.02,46.96,44.7,45.39,22.7890133445045,742867,0.0,1.0
2008-07-30,42.0,43.24,41.95,42.16,21.1673232563188,215400,0.0,1.0
2008-07-29,40.89,41.9,40.34,41.65,20.9112669266053,150000,0.0,1.0
2008-07-28,40.98,41.29,40.57,40.94,20.5547963499452,186400,0.0,1.0
2008-07-25,40.2,41.5,40.2,40.93,20.5497756375979,199000,0.0,1.0
2008-07-24,40.92,41.31,40.59,40.75,20.4594028153461,180400,0.0,1.0
2008-07-23,40.8,41.06,40.44,40.88,20.5246720758613,258667,0.0,1.0
2008-07-22,40.13,40.86,39.92,40.86,20.5146306511666,218000,0.0,1.0
2008-07-21,40.28,41.07,40.22,40.87,20.519651363514,247667,0.0,1.0
2008-07-18,39.62,40.88,39.08,40.29,20.2284500473692,288667,0.0,1.0
2008-07-17,38.8,40.0,38.8,39.65,19.9071244571404,293200,0.0,1.0
2008-07-16,38.22,39.25,38.01,39.19,19.6761716891635,260867,0.0,1.0
2008-07-15,38.52,38.73,37.84,38.3,19.2293282902516,257267,0.0,1.0
2008-07-14,38.76,39.95,38.51,38.93,19.5456331681331,289000,0.0,1.0
2008-07-11,38.76,39.86,37.58,39.55,19.8569173336672,355267,0.0,1.0
2008-07-10,37.97,39.08,37.94,39.03,19.5958402916063,236267,0.0,1.0
2008-07-09,38.56,38.86,37.785,38.23,19.1941833038204,315467,0.0,1.0
2008-07-08,38.04,38.87,37.2,38.81,19.4853846199652,236000,0.0,1.0
2008-07-07,36.99,38.46,36.71,37.8,18.9782926728854,371067,0.0,1.0
2008-07-03,39.1,39.35,36.72,37.49,18.8226505901184,254400,0.0,1.0
2008-07-02,40.12,40.97,39.13,39.22,19.6912338262055,526667,0.0,1.0
2008-07-01,40.26,41.18,39.94,40.41,20.2886985955371,403667,0.0,1.0
2008-06-30,41.88,42.1,40.71,40.71,20.4393199659568,610600,0.0,1.0
2008-06-27,38.9,42.62,38.5,41.62,20.8962047895633,2710800,0.085,1.0
2008-06-26,32.65,33.3,32.25,32.93,16.4995090209883,352267,0.0,1.0
2008-06-25,33.49,34.05,32.75,33.18,16.624771008697,341800,0.0,1.0
2008-06-24,33.77,34.36,32.94,33.09,16.5796766931219,339800,0.0,1.0
2008-06-23,35.27,35.44,34.14,34.38,17.2260285496987,353200,0.0,1.0
2008-06-20,34.97,35.32,34.27,35.2,17.6368878693832,471667,0.0,1.0
2008-06-19,34.0,34.47,33.55,34.41,17.2410599882238,290467,0.0,1.0
2008-06-18,35.59,35.66,33.76,34.0,17.0356303283815,501200,0.0,1.0
2008-06-17,36.39,36.65,35.56,35.74,17.907453762834,273600,0.0,1.0
2008-06-16,37.34,37.47,35.53,36.24,18.1579777382514,372800,0.0,1.0
2008-06-13,36.81,37.31,36.1,37.29,18.6840780866279,464267,0.0,1.0
2008-06-12,37.69,38.0,35.78,36.2,18.137935820218,613067,0.0,1.0
2008-06-11,40.47,40.74,37.32,37.57,18.8243715128616,652200,0.0,1.0
2008-06-10,40.06,40.47,39.87,40.42,20.2523581727406,433400,0.0,1.0
2008-06-09,40.24,40.89,40.07,40.37,20.2273057751989,259800,0.0,1.0
2008-06-06,41.15,41.2,40.04,40.24,20.1621695415904,255600,0.0,1.0
2008-06-05,40.97,41.75,40.37,41.22,20.6531965334084,194400,0.0,1.0
2008-06-04,40.98,41.44,40.28,41.14,20.6131126973416,317000,0.0,1.0
2008-06-03,41.2,41.92,40.25,41.01,20.5479764637331,523267,0.0,1.0
2008-06-02,41.76,42.16,40.55,41.12,20.6030917383249,339467,0.0,1.0
2008-05-30,42.91,42.91,41.38,42.36,21.22439119736,334200,0.0,1.0
2008-05-29,42.61,43.2,42.36,43.17,21.6302400375362,234467,0.0,1.0
2008-05-28,42.21,42.77,41.46,42.59,21.339632226052,270600,0.0,1.0
2008-05-27,41.8,42.43,41.49,41.63,20.8586261932507,246267,0.0,1.0
2008-05-23,41.57,41.91,40.31,41.25,20.6682279719335,222867,0.0,1.0
2008-05-22,40.77,41.82,40.66,41.45,20.7684375621004,315867,0.0,1.0
2008-05-21,41.05,41.75,40.2,40.62,20.3525677629076,297667,0.0,1.0
2008-05-20,39.41,41.21,39.26,40.96,20.5229240661914,432600,0.0,1.0
2008-05-19,40.53,40.546,38.73,39.35,19.7162368653474,672400,0.0,1.0
2008-05-16,41.4,41.4,38.96,40.53,20.3074734473324,802800,0.0,1.0
2008-05-15,41.71,41.83,40.75,41.15,20.61812317685,369200,0.0,1.0
2008-05-14,43.36,43.45,41.36,41.57,20.8285633162006,376800,0.0,1.0
2008-05-13,43.43,43.43,42.34,43.12,21.6051876399945,346600,0.0,1.0
2008-05-12,43.41,43.58,42.26,43.45,21.7705334637699,302800,0.0,1.0
2008-05-09,44.69,44.7,42.54,42.81,21.4498627752357,300667,0.0,1.0
2008-05-08,44.36,44.7,42.72,44.38,22.2365080580462,468200,0.0,1.0
2008-05-07,45.34,46.38,45.25,45.81,22.9530066277399,202667,0.0,1.0
2008-05-06,45.99,46.42,45.0,45.0,22.5471577875638,211000,0.0,1.0
2008-05-05,46.39,46.66,45.65,45.95,23.0231533408568,141867,0.0,1.0
2008-05-02,46.22,46.58,45.59,45.99,23.0431952588902,212800,0.0,1.0
2008-05-01,45.76,46.12,45.22,45.91,23.0031114228234,172000,0.0,1.0
2008-04-30,45.48,47.12,45.25,45.45,22.7726293654394,189400,0.0,1.0
2008-04-29,45.6,47.23,45.2598,45.43,22.7626084064227,337267,0.0,1.0
2008-04-28,45.39,46.25,45.2,46.25,23.1734677261072,458267,0.0,1.0
2008-04-25,44.05,45.95,43.11,45.63,22.8628179965897,281067,0.0,1.0
2008-04-24,44.08,44.5,43.34,43.78,21.9358792875454,141200,0.0,1.0
2008-04-23,43.4,44.17,43.25,43.97,22.031078398204,136600,0.0,1.0
2008-04-22,42.32,44.305,42.32,43.21,21.6502819555696,163267,0.0,1.0
2008-04-21,43.25,43.68,41.93,42.61,21.3496531850687,229600,0.0,1.0
2008-04-18,44.25,44.6,43.33,43.62,21.8557116154118,158200,0.0,1.0
2008-04-17,44.22,45.17,43.06,43.44,21.7655229842616,158200,0.0,1.0
2008-04-16,43.25,44.33,42.15,44.23,22.161350865421,126000,0.0,1.0
2008-04-15,42.35,43.02,41.55,42.79,21.439841816219,62867,0.0,1.0
2008-04-14,41.93,42.86,41.22,41.98,21.0339929760428,135400,0.0,1.0
2008-04-11,42.31,43.48,41.77,42.02,21.0540348940762,125400,0.0,1.0
2008-04-10,43.19,43.87,42.44,42.64,21.3646846235938,216800,0.0,1.0
2008-04-09,44.49,44.75,43.59,43.59,21.8406801768868,134800,0.0,1.0
2008-04-08,43.37,44.63,43.37,44.34,22.2164661400129,102800,0.0,1.0
2008-04-07,43.79,44.2,43.36,43.54,21.815627779345,88000,0.0,1.0
2008-04-04,43.48,44.47,43.2,43.44,21.7655229842616,118267,0.0,1.0
2008-04-03,44.5,45.0,43.2,43.53,21.8106172998367,188200,0.0,1.0
2008-04-02,44.7,45.48,44.38,44.95,22.522105390022,141200,0.0,1.0
2008-04-01,44.96,45.17,44.28,45.17,22.6323359392057,146667,0.0,1.0
2008-03-31,43.31,44.79,42.94,44.61,22.3517490867382,305000,0.0,1.0
2008-03-28,42.65,43.93,42.5001,43.12,21.6051876399945,198467,0.0775,1.0
2008-03-27,44.0,44.0,42.58,42.67,21.3413590276883,199467,0.0,1.0
2008-03-26,44.19,44.464,43.49,44.24,22.126593001756,104600,0.0,1.0
2008-03-25,43.58,44.76,43.58,44.21,22.1115885309139,137467,0.0,1.0
2008-03-24,42.28,43.79,42.23,43.51,21.7614842112659,166400,0.0,1.0
2008-03-20,42.1,42.85,41.8,42.28,21.1463009067415,432600,0.0,1.0
2008-03-19,43.73,44.07,41.7,41.71,20.8612159607424,234400,0.0,1.0
2008-03-18,42.35,43.72,42.13,43.64,21.8265035849148,200267,0.0,1.0
2008-03-17,42.0,42.05,40.59,41.47,20.7411801940059,239067,0.0,1.0
2008-03-14,44.37,44.93,42.02,42.17,21.0912845136539,336667,0.0,1.0
2008-03-13,42.57,44.26,42.05,44.18,22.0965840600719,210000,0.0,1.0
2008-03-12,43.81,44.0,42.72,42.82,21.4163813818985,173067,0.0,1.0
2008-03-11,43.57,43.99,42.21,43.67,21.8415080557569,235267,0.0,1.0
2008-03-10,43.96,44.005,42.03,42.13,21.0712785525312,138000,0.0,1.0
2008-03-07,43.3,44.44,43.3,43.98,21.9965542544582,191867,0.0,1.0
2008-03-06,43.13,45.13,43.13,43.77,21.8915229585637,285267,0.0,1.0
2008-03-05,43.82,44.67,43.11,43.61,21.8114991140728,267867,0.0,1.0
2008-03-04,45.71,45.72,43.6396,43.7,21.8565125265989,365667,0.0,1.0
2008-03-03,46.78,46.78,45.22,46.33,23.1719044704194,243067,0.0,1.0
2008-02-29,47.68,47.7,46.03,46.26,23.1368940384546,230067,0.0,1.0
2008-02-28,46.11,47.74,45.92,47.31,23.6620505179267,245667,0.0,1.0
2008-02-27,47.23,48.65,45.98,46.27,23.1418955287353,453867,0.0,1.0
2008-02-26,45.05,47.25,45.05,47.06,23.5370132609095,320667,0.0,1.0
2008-02-25,43.35,45.27,43.16,45.04,22.5267122242109,217467,0.0,1.0
2008-02-22,43.81,43.98,42.14,43.42,21.7164707987397,190000,0.0,1.0
2008-02-21,44.36,44.97,43.61,43.83,21.9215319002479,134067,0.0,1.0
2008-02-20,44.63,44.63,43.59,44.28,22.1465989628787,152867,0.0,1.0
2008-02-19,45.43,45.77,44.33,44.76,22.3866704963517,165000,0.0,1.0
2008-02-15,44.81,45.5,44.19,44.89,22.4516898700006,129400,0.0,1.0
2008-02-14,46.4,47.55,44.72,45.29,22.651749481228,280067,0.0,1.0
2008-02-13,45.53,46.17,45.0801,46.07,23.0418657231216,169000,0.0,1.0
2008-02-12,45.99,46.14,44.9,45.39,22.7017643840349,383667,0.0,1.0
2008-02-11,47.61,47.75,46.17,47.01,23.5120058095061,256000,0.0,1.0
2008-02-08,47.17,47.5565,46.75,47.12,23.5670222025936,255467,0.0,1.0
2008-02-07,47.9,48.7,45.895,46.89,23.4519879261378,990600,0.0,1.0
2008-02-06,45.62,46.88,45.37,45.65,22.8318031313328,180467,0.0,1.0
2008-02-05,46.17,46.28,45.21,45.87,22.9418359175079,247200,0.0,1.0
2008-02-04,46.85,47.0,46.0,46.27,23.1418955287353,221000,0.0,1.0
2008-02-01,45.82,47.5,45.58,46.85,23.4319819650151,243067,0.0,1.0
2008-01-31,44.92,46.1,44.43,45.55,22.7817882285259,322467,0.0,1.0
2008-01-30,45.87,46.2499,45.01,45.02,22.5167092436495,179600,0.0,1.0
2008-01-29,45.89,46.22,45.1,46.02,23.0168582717181,144600,0.0,1.0
2008-01-28,44.26,46.21,43.86,45.74,22.8768165438589,233400,0.0,1.0
2008-01-25,44.03,44.84,43.68,44.36,22.1866108851242,219667,0.0,1.0
2008-01-24,43.87,44.94,43.29,43.77,21.8915229585637,210067,0.0,1.0
2008-01-23,42.96,43.09,41.0,43.07,21.5414186389157,391800,0.0,1.0
2008-01-22,41.5,43.62,40.55,42.94,21.4763992652668,287400,0.0,1.0
2008-01-18,44.34,44.83,43.31,44.05,22.031564686423,310867,0.0,1.0
2008-01-17,45.15,46.08,43.86,44.35,22.1816093948435,332667,0.0,1.0
2008-01-16,45.65,46.69,45.25,45.54,22.7767867382452,320467,0.0,1.0
2008-01-15,45.44,46.5499,45.27,45.68,22.8468076021748,270867,0.0,1.0
2008-01-14,46.81,47.0,45.43,46.16,23.0868791356478,234267,0.0,1.0
2008-01-11,46.07,46.53,45.3,46.16,23.0868791356478,252200,0.0,1.0
2008-01-10,46.95,46.95,45.39,46.29,23.1518985092967,173667,0.0,1.0
2008-01-09,46.08,47.24,45.68,46.99,23.5020028289447,307000,0.0,1.0
2008-01-08,46.45,47.02,45.39,45.66,22.8368046216134,396067,0.0,1.0
2008-01-07,46.94,48.0,46.19,46.23,23.1218895676126,496800,0.0,1.0
2008-01-04,45.58,47.14,45.25,46.76,23.3869685524889,366000,0.0,1.0
2008-01-03,44.91,46.65,44.69,46.1,23.0568701939636,322067,0.0,1.0
2008-01-02,44.81,45.4999,44.06,44.73,22.3716660255096,143200,0.0,1.0
2007-12-31,45.6,45.7,44.42,44.8,22.4066764574744,139867,0.0,1.0
2007-12-28,45.83,46.25,45.03,45.54,22.7767867382452,118200,0.0775,1.0
2007-12-27,45.61,46.45,45.39,45.6,22.7680490001421,165667,0.0,1.0
2007-12-26,45.88,46.14,45.01,45.47,22.7031400885189,160000,0.0,1.0
2007-12-24,44.97,46.1,44.7101,46.04,22.9877407010206,107200,0.0,1.0
2007-12-21,45.0,45.93,44.63,44.97,22.4534904284296,414467,0.0,1.0
2007-12-20,43.84,44.43,42.558,44.34,22.1389318567171,194600,0.0,1.0
2007-12-19,42.42,43.99,42.42,43.3,21.6196605637314,223800,0.0,1.0
2007-12-18,42.37,42.57,41.24,42.4,21.1702911755707,194467,0.0,1.0
2007-12-17,42.51,42.98,41.79,42.11,21.0254943727189,259600,0.0,1.0
2007-12-14,42.26,43.48,42.26,42.83,21.3849898832475,1848267,0.0,1.0
2007-12-13,42.05,42.61,41.63,42.56,21.2501790667993,245800,0.0,1.0
2007-12-12,41.9,42.79,41.5,42.04,20.9905434203064,643600,0.0,1.0
2007-12-11,40.9,41.08,40.0,40.04,19.9919447799493,258600,0.0,1.0
2007-12-10,40.79,41.34,40.67,40.97,20.4562931477154,181867,0.0,1.0
2007-12-07,41.15,41.3499,40.56,40.61,20.2765453924511,176800,0.0,1.0
2007-12-06,40.32,41.11,40.07,41.04,20.4912441001279,236867,0.0,1.0
2007-12-05,41.54,41.88,39.84,40.25,20.0967976371868,335400,0.0,1.0
2007-12-04,41.61,41.805,40.4,40.82,20.3813982496886,264600,0.0,1.0
2007-12-03,42.77,43.68,40.83,41.74,20.8407536242529,387000,0.0,1.0
2007-11-30,44.9,44.99,41.6,42.42,21.1802771619743,771800,0.0,1.0
2007-11-29,40.75,41.16,39.71,40.84,20.3913842360922,239800,0.0,1.0
2007-11-28,41.73,41.73,40.42,40.84,20.3913842360922,295600,0.0,1.0
2007-11-27,40.57,41.36,40.57,41.2,20.5711319913564,166067,0.0,1.0
2007-11-26,42.0,42.54,40.5,40.57,20.256573419644,137067,0.0,1.0
2007-11-23,42.0,42.35,40.94,42.0,20.9705714474993,64200,0.0,1.0
2007-11-21,42.7,42.7,41.21,41.61,20.7758447126296,283267,0.0,1.0
2007-11-20,43.74,44.49,42.3716,42.95,21.4449058016689,207600,0.0,1.0
2007-11-19,43.7,43.92,42.73,43.61,21.7744433529868,320667,0.0,1.0
2007-11-16,43.36,44.4,43.19,44.0,21.9691700878564,313800,0.0,1.0
2007-11-15,43.18,43.75,42.06,43.25,21.5946955977225,432400,0.0,1.0
2007-11-14,42.83,44.3499,42.2,43.42,21.6795764821528,529067,0.0,1.0
2007-11-13,41.09,42.5,40.1,40.62,20.2815383856529,303600,0.0,1.0
2007-11-12,41.0,41.83,39.94,39.98,19.9619868207386,345000,0.0,1.0
2007-11-09,42.0,42.23,40.78,40.98,20.4612861409172,212000,0.0,1.0
2007-11-08,42.38,42.78,41.49,42.71,21.3250739648261,311000,0.0,1.0
2007-11-07,42.4,43.0,41.79,42.09,21.0155083863154,411600,0.0,1.0
2007-11-06,43.96,45.4,42.14,42.99,21.4648777744761,512067,0.0,1.0
2007-11-05,45.75,45.78,43.85,44.61,22.2737426731653,374600,0.0,1.0
2007-11-02,47.21,47.24,45.87,46.04,22.9877407010206,373600,0.0,1.0
2007-11-01,49.01,49.23,44.38,46.54,23.2373903611099,809400,0.0,1.0
2007-10-31,49.66,49.98,47.05,49.65,24.7902112468652,509600,0.0,1.0
2007-10-30,50.6,50.92,48.29,49.07,24.5006176411617,342600,0.0,1.0
2007-10-29,50.21,50.28,49.07,50.2,25.0648258729634,174467,0.0,1.0
2007-10-26,49.62,50.25,49.19,49.97,24.9499870293224,162267,0.0,1.0
2007-10-25,50.37,50.69,48.84,48.93,24.4307157363367,232800,0.0,1.0
2007-10-24,50.82,50.87,49.01,49.85,24.8900711109009,219600,0.0,1.0
2007-10-23,50.38,51.16,49.7,50.82,25.3743914514741,398800,0.0,1.0
2007-10-22,49.13,50.0,48.72,50.0,24.9649660089277,273467,0.0,1.0
2007-10-19,49.27,49.5,48.68,48.92,24.4257227431349,307267,0.0,1.0
2007-10-18,49.0,50.42,48.06,49.21,24.5705195459867,813200,0.0,1.0
2007-10-17,47.47,47.83,46.13,47.03,23.4820470279974,213867,0.0,1.0
2007-10-16,46.8,47.26,46.36,46.96,23.4470960755849,136400,0.0,1.0
2007-10-15,47.41,48.0,46.26,46.65,23.2923132863296,152600,0.0,1.0
2007-10-12,46.26,47.77,46.02,47.39,23.6617947832617,140667,0.0,1.0
2007-10-11,47.72,47.9,45.85,46.35,23.142523490276,237067,0.0,1.0
2007-10-10,47.81,47.885,46.72,47.39,23.6617947832617,215000,0.0,1.0
2007-10-09,47.0,47.86,47.0,47.79,23.8615145113331,262667,0.0,1.0
2007-10-08,47.55,47.64,47.12,47.27,23.6018788648403,128000,0.0,1.0
2007-10-05,47.5,47.94,47.46,47.53,23.7316966880867,194400,0.0,1.0
2007-10-04,47.25,47.75,47.06,47.2,23.5669279124278,177867,0.0,1.0
2007-10-03,47.45,47.95,47.2,47.35,23.6418228104546,269400,0.0,1.0
2007-10-02,48.8,49.1,47.51,47.95,23.9414024025617,234000,0.0,1.0
2007-10-01,47.93,48.97,47.9,48.79,24.3608138315117,228600,0.0,1.0
2007-09-28,48.19,48.69,47.91,48.02,23.9763533549742,163400,0.0,1.0
2007-09-27,47.67,48.83,47.02,48.29,24.1111641714224,194200,0.0775,1.0
2007-09-26,47.45,47.74,46.54,47.36,23.6089261416977,240000,0.0,1.0
2007-09-25,46.83,47.58,46.64,47.07,23.4643613490226,197867,0.0,1.0
2007-09-24,47.74,48.53,46.94,47.34,23.598956155996,212667,0.0,1.0
2007-09-21,48.59,48.68,47.74,48.2,24.0276655411704,319800,0.0,1.0
2007-09-20,48.65,48.76,47.63,48.06,23.9578756412583,168800,0.0,1.0
2007-09-19,48.4,49.26,48.13,48.75,24.301840147968,211000,0.0,1.0
2007-09-18,47.2,48.48,46.52,48.04,23.9479056555566,260267,0.0,1.0
2007-09-17,47.28,47.28,46.59,46.85,23.3546915063036,196000,0.0,1.0
2007-09-14,47.65,47.74,46.83,47.08,23.4693463418735,211200,0.0,1.0
2007-09-13,47.79,48.42,47.02,47.67,23.7634609200745,343600,0.0,1.0
2007-09-12,47.73,48.33,47.28,47.42,23.6388360988029,313000,0.0,1.0
2007-09-11,48.7,48.7,47.41,47.8,23.8282658271358,350800,0.0,1.0
2007-09-10,47.31,47.75,46.05,46.78,23.3197965563475,230600,0.0,1.0
2007-09-07,47.8,48.21,46.66,47.2,23.5291662560839,234000,0.0,1.0
2007-09-06,48.09,48.78,47.6601,48.37,24.1124104196351,241867,0.0,1.0
2007-09-05,48.24,49.13,47.85,48.09,23.9728306198109,258867,0.0,1.0
2007-09-04,47.15,49.39,47.15,48.7,24.2769151837137,450400,0.0,1.0
2007-08-31,47.33,47.99,47.13,47.26,23.5590762131891,171867,0.0,1.0
2007-08-30,46.59,48.21,46.22,46.63,23.2450216635846,272467,0.0,1.0
2007-08-29,44.73,47.22,44.66,47.09,23.4743313347244,409467,0.0,1.0
2007-08-28,46.34,47.53,45.03,45.14,22.5022577288056,269467,0.0,1.0
2007-08-27,46.86,47.98,46.75,47.09,23.4743313347244,339267,0.0,1.0
2007-08-24,46.04,46.65,46.03,46.47,23.1652617779707,170200,0.0,1.0
2007-08-23,47.12,47.64,46.04,46.13,22.9957720210413,249800,0.0,1.0
2007-08-22,45.22,47.1599,44.95,47.01,23.4344513919174,385267,0.0,1.0
2007-08-21,46.08,46.08,44.16,44.77,22.3178129933236,485600,0.0,1.0
2007-08-20,46.23,46.7166,44.84,45.63,22.746522378498,285600,0.0,1.0
2007-08-17,46.43,46.99,45.48,46.12,22.9907870281904,404667,0.0,1.0
2007-08-16,45.73,46.37,41.86,44.45,22.1582932220959,597867,0.0,1.0
2007-08-15,47.0,48.33,45.82,45.93,22.896072164024,275000,0.0,1.0
2007-08-14,50.02,50.02,47.02,47.12,23.489286313277,464400,0.0,1.0
2007-08-13,49.94,50.7,48.58,49.86,24.855174354414,562467,0.0,1.0
2007-08-10,49.01,49.95,43.68,49.04,24.4464049406431,1183867,0.0,1.0
2007-08-09,47.07,52.67,47.01,50.73,25.2888687324393,1726200,0.0,1.0
2007-08-08,46.74,48.54,46.74,48.28,24.0675454839773,1045467,0.0,1.0
2007-08-07,45.75,46.93,45.45,46.93,23.3945714491105,555800,0.0,1.0
2007-08-06,45.49,46.1,44.32,45.92,22.8910871711731,476467,0.0,1.0
2007-08-03,46.85,47.4,45.0,45.18,22.5221977002091,448800,0.0,1.0
2007-08-02,49.17,49.19,44.51,46.86,23.3596764991545,1398867,0.0,1.0
2007-08-01,43.01,43.95,42.51,43.71,21.7894037511319,357067,0.0,1.0
2007-07-31,43.18,44.12,42.8,42.87,21.3706643516592,248867,0.0,1.0
2007-07-30,42.5,43.15,42.06,42.8,21.3357694017032,239600,0.0,1.0
2007-07-27,42.88,43.2,42.1,42.4,21.1363696876686,231000,0.0,1.0
2007-07-26,44.08,44.5,42.25,42.99,21.4304842658696,263867,0.0,1.0
2007-07-25,45.22,46.14,44.01,44.93,22.3975728789375,283200,0.0,1.0
2007-07-24,46.54,46.54,44.56,44.8,22.3327679718762,288667,0.0,1.0
2007-07-23,46.54,47.16,45.81,46.61,23.2350516778828,268000,0.0,1.0
2007-07-20,47.46,47.68,45.84,46.55,23.2051417207776,233467,0.0,1.0
2007-07-19,47.83,48.13,47.43,47.56,23.708625998715,216667,0.0,1.0
2007-07-18,48.06,48.06,47.03,47.6,23.7285659701185,245000,0.0,1.0
2007-07-17,47.66,48.13,47.53,47.92,23.8880857413462,153200,0.0,1.0
2007-07-16,47.83,47.95,47.14,47.65,23.7534909343728,186000,0.0,1.0
2007-07-13,47.14,47.94,47.02,47.88,23.8681457699427,144667,0.0,1.0
2007-07-12,48.26,48.7525,47.68,47.94,23.8980557270479,321200,0.0,1.0
2007-07-11,47.0,48.32,46.25,47.98,23.9179956984514,257667,0.0,1.0
2007-07-10,46.78,47.19,46.24,46.6,23.230066685032,110467,0.0,1.0
2007-07-09,47.91,48.12,47.21,47.43,23.6438210916538,212800,0.0,1.0
2007-07-06,47.92,47.92,47.06,47.43,23.6438210916538,158267,0.0,1.0
2007-07-05,47.41,48.49,46.86,47.3,23.5790161845925,272667,0.0,1.0
2007-07-03,47.48,47.48,46.47,46.9,23.3796164705579,249267,0.0,1.0
2007-07-02,45.54,48.33,45.54,46.22,23.0406369566991,1038067,0.0,1.0
2007-06-29,46.46,47.86,45.33,45.33,22.5969725929721,1131600,0.0,1.0
2007-06-28,45.0,46.65,44.58,46.65,23.2549916492863,750267,0.0475,1.0
2007-06-27,44.26,44.93,43.65,44.85,22.3349510245835,784067,0.0,1.0
2007-06-26,46.12,46.4358,44.24,44.39,22.1058746038186,597200,0.0,1.0
2007-06-25,45.27,46.43,44.95,45.98,22.8976822321149,510200,0.0,1.0
2007-06-22,45.99,46.75,44.94,45.6,22.7084451888742,1202267,0.0,1.0
2007-06-21,44.45,45.84,43.31,45.5,22.6586459669688,1391035,0.0,1.0
2007-06-20,41.63,42.5,40.16,40.4,20.1188856497921,676067,0.0,1.0
2007-06-19,41.28,41.3099,40.15,41.17,20.5023396584639,333867,0.0,1.0
2007-06-18,41.98,42.12,41.3,41.38,20.6069180244653,238400,0.0,1.0
2007-06-15,41.3,42.35,41.03,41.93,20.8808137449451,346800,0.0,1.0
2007-06-14,40.44,41.33,40.1,40.85,20.3429821483665,353267,0.0,1.0
2007-06-13,40.0,40.44,39.79,40.26,20.0491667391245,279267,0.0,1.0
2007-06-12,39.87,40.15,39.23,39.87,19.8549497736933,284200,0.0,1.0
2007-06-11,39.23,40.16,39.15,40.0,19.9196887621704,212600,0.0,1.0
2007-06-08,39.0,39.88,39.0,39.43,19.6358331973095,195667,0.0,1.0
2007-06-07,39.17,39.74,38.75,39.11,19.4764756872121,214667,0.0,1.0
2007-06-06,39.86,39.95,39.01,39.25,19.5461945978797,293600,0.0,1.0
2007-06-05,39.76,40.49,39.6,40.1,19.9694879840758,351867,0.0,1.0
2007-06-04,39.98,40.46,39.87,40.19,20.0143072837907,328067,0.0,1.0
2007-06-01,39.13,40.39,39.13,40.23,20.0342269725529,402067,0.0,1.0
2007-05-31,39.02,39.66,38.38,39.1,19.4714957650216,546800,0.0,1.0
2007-05-30,39.42,40.36,39.42,40.06,19.9495682953136,158867,0.0,1.0
2007-05-29,39.55,40.28,39.02,39.17,19.5063552203554,232867,0.0,1.0
2007-05-25,39.54,39.94,39.25,39.55,19.695592263596,131467,0.0,1.0
2007-05-24,40.2,40.52,39.3,39.46,19.6507729638811,228467,0.0,1.0
2007-05-23,41.0,41.14,40.18,40.25,20.044186816934,193667,0.0,1.0
2007-05-22,40.83,41.02,40.02,40.85,20.3429821483665,264867,0.0,1.0
2007-05-21,39.27,41.44,39.27,40.65,20.2433837045557,579067,0.0,1.0
2007-05-18,38.33,39.41,38.24,39.26,19.5511745200702,286067,0.0,1.0
2007-05-17,39.09,39.09,38.1,38.29,19.0681220675876,407867,0.0,1.0
2007-05-16,39.57,39.57,38.76,39.11,19.4764756872121,208000,0.0,1.0
2007-05-15,39.3,39.53,38.93,39.32,19.5810540532135,425600,0.0,1.0
2007-05-14,39.92,40.5,39.04,39.18,19.5113351425459,344067,0.0,1.0
2007-05-11,40.07,40.6899,39.09,39.67,19.7553513298825,406667,0.0,1.0
2007-05-10,40.48,40.71,40.0,40.0,19.9196887621704,533400,0.0,1.0
2007-05-09,40.99,41.08,40.01,40.74,20.2882030042705,679267,0.0,1.0
2007-05-08,41.28,41.42,40.84,41.0,20.4176809812246,475467,0.0,1.0
2007-05-07,43.03,43.03,41.14,41.65,20.7413759236099,713600,0.0,1.0
2007-05-04,42.22,43.0,41.6,43.0,21.4136654193332,893000,0.0,1.0
2007-05-03,41.27,42.4625,40.25,42.42,21.1248299322817,2287067,0.0,1.0
2007-05-02,45.82,46.97,45.511,46.23,23.0221802868784,820267,0.0,1.0
2007-05-01,46.5,46.5,44.85,45.59,22.7034652666837,471400,0.0,1.0
2007-04-30,47.27,48.46,46.4,46.45,23.1317385750704,749200,0.0,1.0
2007-04-27,46.48,47.28,45.95,47.02,23.4155941399313,489467,0.0,1.0
2007-04-26,44.75,46.84,44.73,46.77,23.2910960851677,740400,0.0,1.0
2007-04-25,43.7,45.39,43.33,44.69,22.2552722695349,539467,0.0,1.0
2007-04-24,44.28,44.48,43.29,43.54,21.6825812176225,246400,0.0,1.0
2007-04-23,43.15,44.53,43.15,44.28,22.0510954597226,256067,0.0,1.0
2007-04-20,43.0,43.88,42.84,43.36,21.5929426181927,274400,0.0,1.0
2007-04-19,43.07,43.4999,42.07,42.47,21.1497295432344,441200,0.0,1.0
2007-04-18,43.54,43.68,42.85,43.35,21.5879626960022,227600,0.0,1.0
2007-04-17,43.29,43.94,42.81,43.65,21.7373603617184,399000,0.0,1.0
2007-04-16,42.78,43.29,42.6,43.1,21.4634646412386,218267,0.0,1.0
2007-04-13,42.5,42.84,42.18,42.71,21.2692476758074,186267,0.0,1.0
2007-04-12,42.09,42.35,41.56,42.29,21.0600909438046,259667,0.0,1.0
2007-04-11,43.24,43.24,41.95,42.1,20.9654724221843,385400,0.0,1.0
2007-04-10,44.13,44.13,43.07,43.26,21.5431433962873,208600,0.0,1.0
2007-04-09,44.11,44.62,43.86,44.19,22.0062761600077,261600,0.0,1.0
2007-04-05,43.12,44.11,42.81,44.07,21.9465170937212,613067,0.0,1.0
2007-04-04,44.39,46.0,43.13,44.59,22.2054730476294,1046667,0.0,1.0
2007-04-03,44.0,44.49,43.28,44.25,22.036155693151,318800,0.0,1.0
2007-04-02,44.9,44.9,43.29,43.58,21.7025009063846,354800,0.0,1.0
2007-03-30,44.49,45.49,44.02,44.4,22.1108545260091,565667,0.0,1.0
2007-03-29,44.49,44.86,43.16,43.41,21.6178422291454,372867,0.0475,1.0
2007-03-28,44.19,45.0,44.01,44.23,22.0021207339378,452667,0.0,1.0
2007-03-27,44.16,44.7,43.95,44.34,22.0568400032286,623600,0.0,1.0
2007-03-26,42.83,44.24,42.64,44.15,21.9623249017263,425667,0.0,1.0
2007-03-23,42.27,42.84,41.94,42.71,21.2459999219191,130600,0.0,1.0
2007-03-22,42.61,42.71,42.23,42.3,21.0420462818351,157600,0.0,1.0
2007-03-21,41.15,42.74,41.06,42.54,21.1614337784697,400800,0.0,1.0
2007-03-20,40.54,41.65,40.26,41.15,20.4699811937947,272667,0.0,1.0
2007-03-19,40.06,40.75,39.81,40.48,20.1366910990233,312667,0.0,1.0
2007-03-16,40.27,40.8,39.54,39.96,19.8780181896485,359867,0.0,1.0
2007-03-15,40.74,40.94,39.8,40.2,19.997405686283,266600,0.0,1.0
2007-03-14,40.3,41.02,39.77,40.9,20.3456192181337,461867,0.0,1.0
2007-03-13,42.1,42.46,40.52,40.6,20.1963848473406,394867,0.0,1.0
2007-03-12,42.41,42.56,41.82,42.48,21.131586904311,349600,0.0,1.0
2007-03-09,42.46,42.8,41.59,42.2,20.9923014915708,256667,0.0,1.0
2007-03-08,42.67,42.98,41.77,42.15,20.9674290964386,423867,0.0,1.0
2007-03-07,41.79,42.69,41.33,41.88,20.8331181627247,495000,0.0,1.0
2007-03-06,41.13,41.83,40.65,41.66,20.7236796241431,565600,0.0,1.0
2007-03-05,41.0,41.42,40.19,40.68,20.2361806795521,347400,0.0,1.0
2007-03-02,41.87,42.1,41.0,41.51,20.6490624387465,496667,0.0,1.0
2007-03-01,41.68,42.79,41.15,42.3,21.0420462818351,421600,0.0,1.0
2007-02-28,42.25,42.25,41.75,42.08,20.9326077432535,409400,0.0,1.0
2007-02-27,42.75,43.49,41.01,42.22,21.0022504496236,778800,0.0,1.0
2007-02-26,42.39,44.04,42.26,43.25,21.5146217893468,636867,0.0,1.0
2007-02-23,42.05,42.28,41.77,42.11,20.9475311803328,266067,0.0,1.0
2007-02-22,41.44,42.48,41.44,42.01,20.8977863900684,456600,0.0,1.0
2007-02-21,40.54,41.4299,40.0,41.31,20.5495728582177,368267,0.0,1.0
2007-02-20,39.95,40.74,39.82,40.64,20.2162827634463,358067,0.0,1.0
2007-02-16,39.82,40.07,39.17,39.96,19.8780181896485,230800,0.0,1.0
2007-02-15,39.38,40.67,39.12,39.83,19.8133499623048,292067,0.0,1.0
2007-02-14,39.99,40.02,39.0,39.25,19.5248301787714,331867,0.0,1.0
2007-02-13,40.0,40.64,39.31,39.81,19.8034010042519,584867,0.0,1.0
2007-02-12,40.0,40.01,38.97,39.82,19.8083754832784,575267,0.0,1.0
2007-02-09,43.25,43.8,40.55,40.62,20.2063338053935,1251000,0.0,1.0
2007-02-08,44.67,45.31,44.074,44.6,22.186176457916,451467,0.0,1.0
2007-02-07,43.0,45.95,42.86,44.68,22.2259722901275,1459667,0.0,1.0
2007-02-06,41.97,42.16,41.34,41.85,20.8181947256454,297467,0.0,1.0
2007-02-05,40.81,42.36,40.76,41.81,20.7982968095397,428600,0.0,1.0
2007-02-02,40.55,41.3499,40.37,40.91,20.3505936971602,187867,0.0,1.0
2007-02-01,40.15,41.34,40.0,40.58,20.1864358892877,273067,0.0,1.0
2007-01-31,38.74,40.15,38.07,39.76,19.7785286091197,387600,0.0,1.0
2007-01-30,39.5,39.7299,38.11,38.42,19.111948419577,441400,0.0,1.0
2007-01-29,37.85,39.4,37.62,39.22,19.5099067416921,380467,0.0,1.0
2007-01-26,37.85,38.26,36.95,37.84,18.8234286360435,468667,0.0,1.0
2007-01-25,39.7,39.73,37.75,37.8,18.8035307199378,472467,0.0,1.0
2007-01-24,41.27,41.27,39.53,39.69,19.7437072559347,660000,0.0,1.0
2007-01-23,41.02,42.4,40.92,41.34,20.564496295297,972800,0.0,1.0
2007-01-22,39.02,40.63,38.501,40.53,20.1615634941555,663000,0.0,1.0
2007-01-19,39.22,39.22,38.12,39.05,19.4253405982426,407200,0.0,1.0
2007-01-18,39.87,39.87,38.51,39.1,19.4502129933748,318267,0.0,1.0
2007-01-17,37.7,40.0,37.7,39.65,19.7238093398289,437000,0.0,1.0
2007-01-16,38.18,38.87,37.77,37.8,18.8035307199378,362800,0.0,1.0
2007-01-12,38.95,39.61,37.37,38.0,18.9030203004666,795800,0.0,1.0
2007-01-11,38.32,39.53,38.17,38.85,19.3258510177138,318600,0.0,1.0
2007-01-10,37.51,38.5,37.4101,38.19,18.9975354019689,278000,0.0,1.0
2007-01-09,38.63,38.63,37.0,37.72,18.7637348877263,424000,0.0,1.0
2007-01-08,38.46,39.38,38.25,38.9,19.350723412846,264400,0.0,1.0
2007-01-05,39.75,39.79,37.43,38.53,19.1666676888678,666867,0.0,1.0
2007-01-04,39.5,40.21,39.01,40.14,19.9675588121244,444467,0.0,1.0
2007-01-03,42.49,42.6,39.6401,40.21,20.0023801653095,409867,0.0,1.0
2006-12-29,41.8,42.67,41.6901,42.39,21.0868165930731,284200,0.0,1.0
2006-12-28,42.5,42.5,41.0,41.94,20.8629650368834,322067,0.0475,1.0
2006-12-27,40.88,42.75,40.88,42.43,21.0828367136638,290867,0.0,1.0
2006-12-26,40.07,41.38,40.07,40.68,20.2132877094472,112400,0.0,1.0
2006-12-22,39.98,40.3,39.6,40.0,19.8754058106659,89000,0.0,1.0
2006-12-21,40.38,40.77,39.67,39.87,19.8108107417812,187800,0.0,1.0
2006-12-20,40.22,40.8,40.02,40.3,20.0244713542459,172400,0.0,1.0
2006-12-19,39.0,40.31,38.761,40.06,19.9052189193819,288000,0.0,1.0
2006-12-18,40.49,41.13,39.04,39.16,19.4580222886419,285467,0.0,1.0
2006-12-15,40.0,40.32,39.53,39.93,19.8406238504972,311800,0.0,1.0
2006-12-14,41.0,41.1,39.85,39.9,19.8257172961392,589400,0.0,1.0
2006-12-13,37.83,39.21,36.721,38.96,19.3586452595886,420800,0.0,1.0
2006-12-12,38.54,38.68,37.0,37.78,18.7723207881739,317267,0.0,1.0
2006-12-11,38.45,39.1,38.211,38.68,19.2195174189139,237000,0.0,1.0
2006-12-08,38.22,39.02,37.82,38.45,19.1052338355026,190200,0.0,1.0
2006-12-07,39.35,39.74,38.1,38.24,19.0008879549966,267867,0.0,1.0
2006-12-06,39.75,39.94,39.04,39.35,19.5524304662426,373200,0.0,1.0
2006-12-05,40.04,40.34,39.5,39.91,19.8306861475919,242400,0.0,1.0
2006-12-04,40.15,40.98,39.62,39.98,19.8654681077606,349067,0.0,1.0
2006-12-01,41.07,41.39,39.5,39.92,19.8356549990446,278867,0.0,1.0
2006-11-30,41.64,41.64,40.56,41.2,20.4716679849859,237800,0.0,1.0
2006-11-29,39.4,41.75,39.4,41.4,20.5710450140392,367200,0.0,1.0
2006-11-28,39.02,39.39,38.36,39.39,19.5723058720532,349467,0.0,1.0
2006-11-27,40.63,40.93,39.03,39.18,19.4679599915472,502067,0.0,1.0
2006-11-24,40.35,41.29,40.35,40.57,20.1586303434679,73200,0.0,1.0
2006-11-22,42.0,42.26,40.52,40.69,20.2182565608999,238200,0.0,1.0
2006-11-21,41.51,42.36,40.9,42.28,21.0083039418739,354467,0.0,1.0
2006-11-20,40.8,41.71,40.19,41.17,20.4567614306279,229800,0.0,1.0
2006-11-17,40.95,41.35,40.03,40.61,20.1785057492785,338467,0.0,1.0
2006-11-16,41.34,43.0,41.08,41.18,20.4617302820805,464067,0.0,1.0
2006-11-15,39.81,41.24,39.1718,40.73,20.2381319667105,634800,0.0,1.0
2006-11-14,38.5,39.77,37.91,39.72,19.7362779699912,358600,0.0,1.0
2006-11-13,38.4,39.33,37.74,38.29,19.0257322122599,339467,0.0,1.0
2006-11-10,39.0,39.13,37.751,38.4,19.0803895782393,473267,0.0,1.0
2006-11-09,37.77,39.34,36.62,38.76,19.2592682305353,914800,0.0,1.0
2006-11-08,35.13,37.49,34.6,37.15,18.4592831466559,989267,0.0,1.0
2006-11-07,34.67,35.24,34.47,35.1,17.4406685988593,264867,0.0,1.0
2006-11-06,34.0,34.72,33.78,34.66,17.222039134942,227200,0.0,1.0
2006-11-03,34.85,34.92,33.65,33.89,16.8394375730867,306200,0.0,1.0
2006-11-02,37.0,37.84,34.79,34.87,17.326385015448,864467,0.0,1.0
2006-11-01,35.98,36.42,33.33,33.58,16.685403178054,574600,0.0,1.0
2006-10-31,37.12,37.48,35.81,35.95,17.863020972336,322667,0.0,1.0
2006-10-30,37.14,37.45,36.56,37.33,18.5487224728039,167867,0.0,1.0
2006-10-27,38.08,38.1,37.06,37.4,18.5835044329726,161867,0.0,1.0
2006-10-26,38.13,38.42,37.62,38.38,19.0704518753339,114800,0.0,1.0
2006-10-25,37.46,38.53,37.29,37.86,18.8120715997953,186600,0.0,1.0
2006-10-24,37.55,38.06,36.93,37.49,18.6282240960466,219667,0.0,1.0
2006-10-23,37.99,38.05,37.07,37.44,18.6033798387833,215600,0.0,1.0
2006-10-20,38.47,38.64,37.84,38.14,18.9511994404699,165200,0.0,1.0
2006-10-19,37.35,38.77,36.56,38.3,19.0307010637126,377600,0.0,1.0
2006-10-18,37.18,38.0,36.28,36.57,18.1710897624013,266067,0.0,1.0
2006-10-17,37.82,37.82,36.5,37.12,18.4443765922979,234667,0.0,1.0
2006-10-16,36.7,37.98,36.7,37.84,18.8021338968899,371400,0.0,1.0
2006-10-13,35.95,37.38,35.93,36.88,18.325124157434,287267,0.0,1.0
2006-10-12,35.4,36.38,35.4,36.03,17.9027717839573,243800,0.0,1.0
2006-10-11,35.88,36.15,35.0025,35.37,17.5748275880813,447200,0.0,1.0
2006-10-10,34.88,36.28,34.88,35.64,17.7089865773033,504200,0.0,1.0
2006-10-09,33.4,35.39,33.28,34.99,17.38601123288,466200,0.0,1.0
2006-10-06,34.4,34.58,33.3,33.42,16.6059015548114,431467,0.0,1.0
2006-10-05,32.58,34.83,32.58,34.64,17.2121014320367,553600,0.0,1.0
2006-10-04,31.5,32.8,31.05,32.79,16.2928639132934,569467,0.0,1.0
2006-10-03,32.83,32.83,31.53,31.99,15.89535579708,479400,0.0,1.0
2006-10-02,34.19,34.36,33.0,33.0,16.3972097937994,320800,0.0,1.0
2006-09-29,32.73,34.44,32.73,34.15,16.968627710856,442267,0.0,1.0
2006-09-28,33.57,33.82,32.59,32.95,16.372365536536,411000,0.045,1.0
2006-09-27,33.3,34.17,33.1001,33.61,16.6775331317768,564200,0.0,1.0
2006-09-26,32.08,33.61,32.0,33.3,16.5237088154766,661867,0.0,1.0
2006-09-25,33.55,33.69,31.37,32.38,16.0671979412952,638267,0.0,1.0
2006-09-22,35.65,35.78,33.9,33.98,16.8611298963932,487267,0.0,1.0
2006-09-21,36.92,37.44,35.64,35.77,17.7493412711591,369400,0.0,1.0
2006-09-20,37.22,38.08,36.57,36.95,18.3348660880438,532400,0.0,1.0
2006-09-19,38.0,38.59,36.38,37.21,18.4638800307473,538467,0.0,1.0
2006-09-18,37.37,38.65,37.0,38.1,18.9055046807705,566867,0.0,1.0
2006-09-15,38.23,38.69,36.66,37.45,18.582969824012,647400,0.0,1.0
2006-09-14,38.25,38.35,37.44,38.04,18.8757322324543,408267,0.0,1.0
2006-09-13,37.45,38.81,37.1595,38.25,18.9799358015609,430467,0.0,1.0
2006-09-12,36.54,37.65,36.52,37.47,18.5928939734507,451667,0.0,1.0
2006-09-11,37.8,37.81,36.53,36.71,18.2157762947791,521067,0.0,1.0
2006-09-08,38.73,38.73,37.51,37.81,18.761604513909,366267,0.0,1.0
2006-09-07,39.46,39.67,38.11,38.74,19.2230774628097,548267,0.0,1.0
2006-09-06,42.47,42.47,39.6,39.68,19.6895124864298,1077800,0.0,1.0
2006-09-05,41.7,42.72,41.07,42.69,21.1830969769578,625067,0.0,1.0
2006-09-01,41.0,41.85,40.66,41.59,20.637268757828,431200,0.0,1.0
2006-08-31,39.94,41.3274,39.31,41.01,20.3494684241049,535867,0.0,1.0
2006-08-30,39.5,40.24,38.77,39.76,19.7292090841846,647667,0.0,1.0
2006-08-29,39.82,40.29,39.398,39.62,19.6597400381136,569000,0.0,1.0
2006-08-28,39.35,40.26,39.02,39.74,19.7192849347459,579400,0.0,1.0
2006-08-25,38.78,39.74,38.47,39.48,19.5902709920425,492200,0.0,1.0
2006-08-24,38.81,39.5,38.16,38.94,19.3223189571969,808200,0.0,1.0
2006-08-23,37.8,39.3,37.7,38.61,19.158570491458,2020600,0.0,1.0
2006-08-22,35.7,37.27,35.7,37.25,18.4837283296247,439600,0.0,1.0
2006-08-21,36.48,37.39,35.82,35.93,17.8287344666689,435467,0.0,1.0
2006-08-18,34.71,36.69,34.71,36.5,18.1115727256725,541267,0.0,1.0
2006-08-17,35.63,36.19,34.65,34.94,17.337489069452,442400,0.0,1.0
2006-08-16,35.99,36.41,34.43,35.8,17.7642274953172,448667,0.0,1.0
2006-08-15,34.87,35.75,33.72,35.74,17.734455047001,469600,0.0,1.0
2006-08-14,36.89,37.02,34.09,34.27,17.0050300632547,524400,0.0,1.0
2006-08-11,36.72,37.78,35.74,36.89,18.3050936397277,355467,0.0,1.0
2006-08-10,36.72,37.55,36.11,36.4,18.0619519784789,433400,0.0,1.0
2006-08-09,37.2,38.0399,36.63,37.39,18.5531973756958,374667,0.0,1.0
2006-08-08,39.56,39.56,37.09,37.19,18.4539558813085,386800,0.0,1.0
2006-08-07,37.99,39.48,37.23,39.11,19.4066742274261,472467,0.0,1.0
2006-08-04,38.97,40.44,37.6,38.44,19.0742152212288,533267,0.0,1.0
2006-08-03,37.5,39.0,37.39,39.0,19.3520914055131,343600,0.0,1.0
2006-08-02,38.11,38.3,37.3652,37.63,18.6722871689605,325267,0.0,1.0
2006-08-01,37.19,38.77,36.83,37.67,18.6921354678379,523067,0.0,1.0
2006-07-31,37.64,38.49,36.96,37.38,18.5482353009764,537067,0.0,1.0
2006-07-28,34.9,38.15,34.47,38.14,18.925352979648,1401200,0.0,1.0
2006-07-27,36.76,39.42,36.75,38.56,19.1337601178612,697867,0.0,1.0
2006-07-26,37.32,37.44,36.01,36.6,18.1611934728662,358000,0.0,1.0
2006-07-25,36.9,38.34,36.6,37.47,18.5928939734507,449600,0.0,1.0
2006-07-24,38.5,39.0,36.27,37.07,18.3944109846762,671667,0.0,1.0
2006-07-21,39.25,39.53,38.2,38.39,19.049404847632,566867,0.0,1.0
2006-07-20,41.73,42.81,39.0,39.37,19.5356881701295,486400,0.0,1.0
2006-07-19,40.16,42.25,40.13,41.47,20.5777238611956,602267,0.0,1.0
2006-07-18,40.49,41.49,39.01,40.12,19.9078437740817,493667,0.0,1.0
2006-07-17,41.49,41.732,39.5,40.21,19.952502446556,491267,0.0,1.0
2006-07-14,42.25,43.3858,38.75,41.09,20.3891650218598,862067,0.0,1.0
2006-07-13,45.94,45.94,42.2,42.6,21.1384383044836,787800,0.0,1.0
2006-07-12,46.92,47.21,45.38,45.48,22.5675158236599,490267,0.0,1.0
2006-07-11,45.64,47.38,43.75,46.77,23.2076234624577,974000,0.0,1.0
2006-07-10,41.3736,46.49,41.05,45.83,22.7411884388376,1651200,0.0,1.0
2006-07-07,41.62,41.74,40.1,40.6,20.1460233606111,432600,0.0,1.0
2006-07-06,42.33,43.88,41.5,41.92,20.8010172235669,562867,0.0,1.0
2006-07-05,42.9,42.9,41.49,41.99,20.8357517466025,427800,0.0,1.0
2006-07-03,42.13,43.49,41.55,42.81,21.2426418735902,459000,0.0,1.0
2006-06-30,41.49,42.0,40.3,41.61,20.6471929072667,1118800,0.0,1.0
2006-06-29,42.89,42.89,39.95,41.51,20.5975721600731,627233,0.045,2.0
2006-06-28,76.8,82.99,74.34,82.65,20.4835680306827,1038000,0.0,1.0
2006-06-27,78.48,78.99,75.06,75.57,18.7288957783266,406100,0.0,1.0
2006-06-26,76.63,78.4699,75.74,78.13,19.3633535418904,216100,0.0,1.0
2006-06-23,76.92,78.25,75.34,76.69,19.0064710498857,316300,0.0,1.0
2006-06-22,74.6,78.79,74.0,77.19,19.1303885818318,650900,0.0,1.0
2006-06-21,72.02,75.74,71.75,74.38,18.433972052295,518200,0.0,1.0
2006-06-20,72.3,74.0,70.01,73.1125,18.1198411088117,537900,0.0,1.0
2006-06-19,73.75,76.99,71.64,72.38,17.9383019245107,607500,0.0,1.0
2006-06-16,75.08,76.11,73.97,74.95,18.5752380387135,566800,0.0,1.0
2006-06-15,76.12,77.99,71.93,75.9,18.810681349411,1281500,0.0,1.0
2006-06-14,75.7,79.53,73.6,77.0,19.0832999196923,902000,0.0,1.0
2006-06-13,80.21,80.32,74.0,75.36,18.6768504149092,1197200,0.0,1.0
2006-06-12,85.2,90.6,80.76,81.42,20.1787309020954,894400,0.0,1.0
2006-06-09,92.79,95.89,89.16,90.9634,22.5439200508433,773400,0.0,1.0
2006-06-08,90.89,93.57,84.75,90.46,22.41915987968,905200,0.0,1.0
2006-06-07,95.51,98.85,91.07,93.2,23.0982279547444,851900,0.0,1.0
2006-06-06,101.12,101.62,91.36,95.44,23.6533784978627,948800,0.0,1.0
2006-06-05,108.25,108.99,100.07,100.92,25.0115146479915,533400,0.0,1.0
2006-06-02,106.5,107.99,102.4,106.08,26.2903435776748,374400,0.0,1.0
2006-06-01,103.97,104.9,101.41,104.49,25.8962858260863,305200,0.0,1.0
2006-05-31,104.61,105.99,99.55,103.28,25.5964053987769,766600,0.0,1.0
2006-05-30,103.32,107.5,102.07,103.27,25.5939270481379,965800,0.0,1.0
2006-05-26,99.56,101.57,99.08,100.93,25.0139929986304,286500,0.0,1.0
2006-05-25,99.34,101.05,96.01,100.61,24.9346857781849,507200,0.0,1.0
2006-05-24,100.88,101.61,93.3,97.223,24.0952684167824,1215600,0.0,1.0
2006-05-23,92.98,102.0,91.85,97.85,24.2506610018427,1384900,0.0,1.0
2006-05-22,92.01,94.52,85.31,89.25,22.1192794523706,1114000,0.0,1.0
2006-05-19,93.5,96.99,88.01,93.56,23.1874485777456,1012900,0.0,1.0
2006-05-18,104.01,108.5999,91.53,92.3,22.8751763972415,1263200,0.0,1.0
2006-05-17,110.01,111.66,101.5,104.67,25.9408961375869,853200,0.0,1.0
2006-05-16,114.77,118.27,110.2,112.48,27.8764879865843,504800,0.0,1.0
2006-05-15,109.47,114.5,107.07,114.1,28.2779807900895,697000,0.0,1.0
2006-05-12,116.26,118.99,110.02,111.21,27.5617374554413,563500,0.0,1.0
2006-05-11,118.53,125.0,115.02,116.88,28.9669622677095,905800,0.0,1.0
2006-05-10,115.35,119.07,113.1,117.68,29.1652303188232,394700,0.0,1.0
2006-05-09,120.26,121.46,112.95,115.28,28.5704261654822,795500,0.0,1.0
2006-05-08,112.3,119.9,108.5,119.39,29.5890282780787,882300,0.0,1.0
2006-05-05,113.0,114.28,107.25,110.2,27.3114240409102,830200,0.0,1.0
2006-05-04,113.97,125.4,103.5,110.8,27.4601250792455,1822500,0.0,1.0
2006-05-03,118.88,123.55,114.31,122.08,30.2557045999485,639600,0.0,1.0
2006-05-02,114.91,118.66,112.03,117.55,29.1330117605172,591400,0.0,1.0
2006-05-01,105.11,113.65,104.51,113.4,28.104496245365,597900,0.0,1.0
2006-04-28,108.0,111.77,103.17,104.5,25.8987641767252,436100,0.0,1.0
2006-04-27,112.9,113.0,107.18,110.94,27.4948219881904,523500,0.0,1.0
2006-04-26,109.21,117.72,108.6,115.03,28.5084673995091,968300,0.0,1.0
2006-04-25,105.5,113.25,105.01,107.7,26.69183638118,967000,0.0,1.0
2006-04-24,94.1,103.13,92.86,103.1,25.5517950872763,515600,0.0,1.0
2006-04-21,92.75,94.65,91.6101,93.49,23.1701001232731,133700,0.0,1.0
2006-04-20,92.58,93.9,89.85,91.94,22.7859557742404,169900,0.0,1.0
2006-04-19,92.74,94.65,91.28,92.95,23.0362691887714,198300,0.0,1.0
2006-04-18,92.78,93.31,88.45,91.92,22.7809990729625,308400,0.0,1.0
2006-04-17,87.82,91.98,87.58,91.4,22.6521248397386,286800,0.0,1.0
2006-04-13,87.75,88.83,84.217,86.75,21.4996917926403,224500,0.0,1.0
2006-04-12,83.0,88.09,77.08,87.39,21.6583062335313,627200,0.0,1.0
2006-04-11,86.12,88.5,81.85,82.95,20.5579185498503,301200,0.0,1.0
2006-04-10,90.0,93.27,85.5,86.1,21.3385990011105,585600,0.0,1.0
2006-04-07,86.2,88.98,86.2,88.97,22.0498856344808,248600,0.0,1.0
2006-04-06,88.29,89.0,84.85,85.75,21.2518567287482,291400,0.0,1.0
2006-04-05,80.86,88.4,80.3,88.28,21.8788794403953,407400,0.0,1.0
2006-04-04,78.05,80.944,77.8322,80.19,19.8738937735081,122600,0.0,1.0
2006-04-03,79.35,80.8066,77.35,78.0,19.3311349835844,192200,0.0,1.0
2006-03-31,80.0,80.0,76.44,78.23,19.3881370482796,212000,0.0,1.0
2006-03-30,77.94,81.65,77.45,79.94,19.8119350075351,483800,0.09,1.0
2006-03-29,72.3,77.89,72.0,77.27,19.1286794706015,218400,0.0,1.0
2006-03-28,70.5,72.39,70.17,71.9,17.7993018498285,384600,0.0,1.0
2006-03-27,68.12,68.75,67.77,68.4,16.9328546109634,43500,0.0,1.0
2006-03-24,66.0,69.51,65.25,68.3,16.9080989755672,45300,0.0,1.0
2006-03-23,67.0,67.0,65.42,65.81,16.2916836542032,33200,0.0,1.0
2006-03-22,64.91,66.86,64.4,66.79,16.5342888810854,21800,0.0,1.0
2006-03-21,65.68,66.95,65.22,65.3,16.1654299136829,44800,0.0,1.0
2006-03-20,63.84,66.33,63.84,66.33,16.4204129582632,69100,0.0,1.0
2006-03-17,62.93,63.91,62.65,63.81,15.7965709462803,85300,0.0,1.0
2006-03-16,61.6,62.68,59.892,62.68,15.5168322663039,24500,0.0,1.0
2006-03-15,60.53,61.9,60.52,61.41,15.2024356967728,30900,0.0,1.0
2006-03-14,59.57,60.53,59.3,60.53,14.9845861052867,49400,0.0,1.0
2006-03-13,59.1501,59.71,58.9201,59.69,14.7766387679591,38000,0.0,1.0
2006-03-10,56.86,59.1,56.86,59.0,14.6058248837257,33700,0.0,1.0
2006-03-09,55.19,59.25,55.19,58.32,14.4374865630319,75800,0.0,1.0
2006-03-08,54.59,55.5,54.102,54.74,13.5512348158499,28900,0.0,1.0
2006-03-07,55.2,55.4499,54.0,54.58,13.5116257992161,34100,0.0,1.0
2006-03-06,56.1,57.1,55.62,55.63,13.7715599708756,36100,0.0,1.0
2006-03-03,57.76,58.14,56.05,56.62,14.0166407612975,21400,0.0,1.0
2006-03-02,59.58,59.99,57.622,58.456,14.4711542271707,20200,0.0,1.0
2006-03-01,55.48,59.6,54.62,59.57,14.7469320054837,67800,0.0,1.0
2006-02-28,57.68,58.0,55.726,56.25,13.9250449103317,22200,0.0,1.0
2006-02-27,58.48,58.5,57.75,57.98,14.353317402685,28100,0.0,1.0
2006-02-24,57.47,58.2,56.57,58.2,14.4077798005566,20600,0.0,1.0
2006-02-23,58.12,58.7,55.5,57.41,14.212210280927,30300,0.0,1.0
2006-02-22,59.6,60.25,57.49,58.12,14.3879752922396,55400,0.0,1.0
2006-02-21,59.26,60.28,58.95,60.25,14.9152703261775,52200,0.0,1.0
2006-02-17,59.29,59.29,57.98,59.25,14.6677139722161,23300,0.0,1.0
2006-02-16,56.45,59.18,55.6701,58.99,14.6033493201861,31800,0.0,1.0
2006-02-15,55.56,57.55,55.41,56.91,14.0884321039463,77400,0.0,1.0
2006-02-14,55.39,56.64,55.39,56.0,13.8631558218414,35300,0.0,1.0
2006-02-13,54.69,56.8904,54.69,55.43,13.7220487000833,65800,0.0,1.0
2006-02-10,54.19,55.46,52.01,54.8,13.5660881970876,64800,0.0,1.0
2006-02-09,55.0,56.57,54.37,55.08,13.6354039761968,67700,0.0,1.0
2006-02-08,52.36,55.91,51.87,55.25,13.6774885563703,67400,0.0,1.0
2006-02-07,52.42,53.1,51.37,52.76,13.0610732350063,41800,0.0,1.0
2006-02-06,51.14,52.99,51.14,52.62,13.0264153454517,22200,0.0,1.0
2006-02-03,50.0,51.97,49.54,50.77,12.568436090623,28200,0.0,1.0
2006-02-02,52.44,52.99,50.0,50.42,12.4817913667365,69000,0.0,1.0
2006-02-01,49.47,52.34,48.9,52.33,12.9546240028028,75500,0.0,1.0
2006-01-31,48.65,49.75,48.4,48.95,12.1178835264131,65700,0.0,1.0
2006-01-30,48.82,49.0,48.12,48.5,12.0064831671305,12600,0.0,1.0
2006-01-27,48.47,49.26,47.76,48.63,12.0386654931455,17700,0.0,1.0
2006-01-26,47.51,48.735,47.3,48.23,11.9396429515609,24900,0.0,1.0
2006-01-25,48.12,48.12,46.39,47.16,11.6747576528221,54600,0.0,1.0
2006-01-24,45.55,50.0,45.55,46.92,11.6153441278714,61800,0.0,1.0
2006-01-23,46.1,46.1,45.3601,45.8,11.3380810114345,24400,0.0,1.0
2006-01-20,46.3,46.3,45.07,45.24,11.1994494532161,17900,0.0,1.0
2006-01-19,45.97,46.0,45.51,45.85,11.3504588291326,27500,0.0,1.0
2006-01-18,45.8,45.99,45.0555,45.45,11.251436287548,19800,0.0,1.0
2006-01-17,46.61,46.61,45.63,46.08,11.4073967905437,19700,0.0,1.0
2006-01-13,46.77,46.77,46.43,46.44,11.4965170779699,10400,0.0,1.0
2006-01-12,47.19,47.19,46.21,46.58,11.5311749675245,36700,0.0,1.0
2006-01-11,47.11,47.58,46.71,47.21,11.6871354705202,27500,0.0,1.0
2006-01-10,47.79,47.79,47.17,47.49,11.7564512496294,46800,0.0,1.0
2006-01-09,47.79,48.0,47.3027,47.67,11.8010113933425,60900,0.0,1.0
2006-01-06,49.0,50.94,47.21,47.55,11.7713046308671,245500,0.0,1.0
2006-01-05,43.12,44.3,42.68,43.93,10.8751506295266,15800,0.0,1.0
2006-01-04,42.77,43.24,42.36,42.87,10.6127408943275,22700,0.0,1.0
2006-01-03,43.1,43.1,42.2082,42.96,10.635020966184,20200,0.0,1.0
2005-12-30,43.06,43.73,42.94,43.08,10.6647277286594,14500,0.0,1.0
2005-12-29,43.4,43.57,42.6,43.57,10.7860303421005,14500,0.085,1.0
2005-12-28,44.19,44.25,43.63,44.15,10.9083321407339,29900,0.0,1.0
2005-12-27,44.15,44.15,43.36,43.63,10.7798534835837,6200,0.0,1.0
2005-12-23,44.51,44.54,43.5,43.72,10.8020901742443,30100,0.0,1.0
2005-12-22,44.25,44.818,43.79,44.17,10.9132736275473,54900,0.0,1.0
2005-12-21,44.22,44.65,43.83,44.04,10.8811539632598,81600,0.0,1.0
2005-12-20,43.6,44.59,43.22,44.22,10.925627344581,38500,0.0,1.0
2005-12-19,43.44,43.77,42.97,43.22,10.6785530039075,38000,0.0,1.0
2005-12-16,42.91,43.39,42.31,42.85,10.5871354978584,59000,0.0,1.0
2005-12-15,42.87,42.94,42.34,42.78,10.5698402940112,28300,0.0,1.0
2005-12-14,41.61,43.32,41.49,42.54,10.5105424522496,35700,0.0,1.0
2005-12-13,41.9,41.9,41.05,41.57,10.2708803417963,24900,0.0,1.0
2005-12-12,41.81,42.0,41.05,41.65,10.2906462890502,57100,0.0,1.0
2005-12-09,41.6,43.91,41.55,43.14,10.6587870566537,138500,0.0,1.0
2005-12-08,41.5,41.7,41.0,41.5,10.2535851379492,21300,0.0,1.0
2005-12-07,41.37,41.79,41.16,41.35,10.2165239868481,16000,0.0,1.0
2005-12-06,41.12,41.76,40.53,41.2,10.1794628357471,43300,0.0,1.0
2005-12-05,40.34,40.86,40.33,40.65,10.0435719483767,38700,0.0,1.0
2005-12-02,41.78,41.99,40.45,40.91,10.1078112769518,42400,0.0,1.0
2005-12-01,41.29,41.99,41.0,41.98,10.3721808214724,52700,0.0,1.0
2005-11-30,41.05,41.15,40.57,41.15,10.1671091187134,48900,0.0,1.0
2005-11-29,40.5,41.26,40.28,40.59,10.0287474879363,63300,0.0,1.0
2005-11-28,40.9,40.9,39.98,40.26,9.94721295551406,18300,0.0,1.0
2005-11-25,41.53,41.65,40.58,41.28,10.199228783001,14000,0.0,1.0
2005-11-23,40.5,41.05,39.88,40.9,10.1053405335451,33300,0.0,1.0
2005-11-22,39.95,40.63,39.84,40.54,10.0163937709026,80200,0.0,1.0
2005-11-21,41.28,41.46,40.15,40.43,9.98921559342855,14100,0.0,1.0
2005-11-18,41.89,41.95,41.3,41.31,10.2066410132212,40000,0.0,1.0
2005-11-17,39.72,41.49,39.72,41.43,10.236289934102,73100,0.0,1.0
2005-11-16,40.13,40.19,39.49,39.92,9.86320767968508,43500,0.0,1.0
2005-11-15,40.87,41.41,39.79,40.4,9.98180336320834,53200,0.0,1.0
2005-11-14,39.94,41.38,39.38,41.06,10.1448724280528,54800,0.0,1.0
2005-11-11,39.12,39.5,38.6,39.34,9.71990456209446,55900,0.0,1.0
2005-11-10,39.4,39.67,38.97,39.52,9.76437794341569,11600,0.0,1.0
2005-11-09,38.68,39.74,38.0,39.69,9.80638058133018,13200,0.0,1.0
2005-11-08,36.53,38.84,36.53,38.35,9.47530096482772,20500,0.0,1.0
2005-11-07,35.94,37.03,35.94,36.6,9.04292086864914,38700,0.0,1.0
2005-11-04,34.44,36.53,34.44,35.19,8.69454604829955,34000,0.0,1.0
2005-11-03,36.77,36.94,33.21,35.83,8.85267362633057,71600,0.0,1.0
2005-11-02,34.73,37.2935,34.73,37.21,9.19363621645996,49000,0.0,1.0
2005-11-01,34.63,35.75,34.14,35.0,8.64760192357159,47300,0.0,1.0
2005-10-31,33.48,34.95,33.26,34.85,8.61054077247057,38100,0.0,1.0
2005-10-28,29.68,33.12,29.68,32.93,8.13615803837749,43000,0.0,1.0
2005-10-27,30.39,30.5,29.23,29.33,7.24669041195299,10600,0.0,1.0
2005-10-26,30.12,30.46,29.99,30.26,7.47646954877932,4900,0.0,1.0
2005-10-25,30.06,30.069,29.49,29.97,7.40481798998401,4800,0.0,1.0
2005-10-24,29.09,30.05,29.09,29.92,7.39246427295034,13100,0.0,1.0
2005-10-21,28.75,29.11,28.46,28.67,7.0836213471085,14100,0.0,1.0
2005-10-20,28.96,28.96,27.95,28.92,7.14538993227687,21100,0.0,1.0
2005-10-19,28.25,29.34,28.15,29.34,7.24916115535972,14000,0.0,1.0
2005-10-18,28.19,28.27,27.72,28.19,6.96502566358523,8900,0.0,1.0
2005-10-17,27.63,28.41,27.63,27.99,6.91561079545053,62700,0.0,1.0
2005-10-14,27.35,27.86,27.2,27.49,6.7920736251138,15000,0.0,1.0
2005-10-13,27.04,27.54,26.85,27.31,6.74760024379257,12400,0.0,1.0
2005-10-12,26.92,27.49,26.78,26.9,6.64629976411645,13900,0.0,1.0
2005-10-11,27.92,27.93,26.5,26.59,6.56970671850767,27400,0.0,1.0
2005-10-10,27.77,27.88,27.61,27.88,6.88843261797645,17800,0.0,1.0
2005-10-07,27.7,27.84,27.5,27.65,6.83160551962155,32700,0.0,1.0
2005-10-06,27.39,27.89,27.15,27.2,6.72042206631849,20300,0.0,1.0
2005-10-05,29.81,29.99,27.17,27.19,6.71795132291176,31100,0.0,1.0
2005-10-04,29.43,29.69,29.38,29.62,7.3183419707483,24700,0.0,1.0
2005-10-03,29.7,29.99,29.22,29.42,7.2689271026136,24000,0.0,1.0
2005-09-30,28.68,29.74,28.6,29.28,7.23433669491932,25300,0.0,1.0
2005-09-29,28.35,28.5499,28.31,28.54,7.05150168282094,41700,0.085,1.0
2005-09-28,29.03,29.3,28.28,28.45,7.00839206554606,41000,0.0,1.0
2005-09-27,29.08,29.31,29.03,29.04,7.15373306092996,12500,0.0,1.0
2005-09-26,28.5,29.18,28.5,29.18,7.18822075474987,4200,0.0,1.0
2005-09-23,28.63,28.88,28.35,28.54,7.03056272585886,17900,0.0,1.0
2005-09-22,28.57,28.87,27.95,28.42,7.00100184544179,31100,0.0,1.0
2005-09-21,27.57,28.2,27.57,27.93,6.8802949170721,32100,0.0,1.0
2005-09-20,28.05,28.21,27.5,27.73,6.83102678304366,28300,0.0,1.0
2005-09-19,28.02,28.22,27.5,27.67,6.81624634283513,34500,0.0,1.0
2005-09-16,29.19,29.532,27.558,28.11,6.9246362376977,117300,0.0,1.0
2005-09-15,30.01,30.95,29.45,29.55,7.2793668027025,43100,0.0,1.0
2005-09-14,33.5,33.5,29.95,30.02,7.39514691766934,69500,0.0,1.0
2005-09-13,33.07,33.42,32.6,33.18,8.17358343531874,15500,0.0,1.0
2005-09-12,32.7,33.04,32.56,32.8,8.0799739806647,23200,0.0,1.0
2005-09-09,32.73,33.31,32.52,32.95,8.11692508118603,22400,0.0,1.0
2005-09-08,33.04,33.17,32.84,32.84,8.08982760747039,14900,0.0,1.0
2005-09-07,32.26,33.06,32.21,33.0,8.12924211469314,14900,0.0,1.0
2005-09-06,31.64,32.47,31.23,32.26,7.9469500187879,46400,0.0,1.0
2005-09-02,31.14,32.02,30.41,31.86,7.84841375073101,45600,0.0,1.0
2005-09-01,29.79,30.79,29.61,30.55,7.52570747284471,33300,0.0,1.0
2005-08-31,32.5,32.668,29.76,30.06,7.40500054447503,79500,0.0,1.0
2005-08-30,33.31,33.33,32.2,33.18,8.17358343531874,34400,0.0,1.0
2005-08-29,35.68,35.68,33.33,33.72,8.30660739719554,30500,0.0,1.0
2005-08-26,36.44,36.44,35.31,35.44,8.73031334984015,30500,0.0,1.0
2005-08-25,36.42,37.08,36.14,36.55,9.00375149369801,13600,0.0,1.0
2005-08-24,36.66,37.45,36.66,36.98,9.10967798185916,37300,0.0,1.0
2005-08-23,36.853,37.38,36.24,37.266,9.18013141351984,31300,0.0,1.0
2005-08-22,37.01,37.51,35.65,36.57,9.00867830710085,11700,0.0,1.0
2005-08-19,36.07,37.42,36.07,37.2,9.16387292929045,33700,0.0,1.0
2005-08-18,35.43,36.43,35.25,35.82,8.82392280449419,13500,0.0,1.0
2005-08-17,35.72,36.0,35.2601,35.58,8.76480104366006,7600,0.0,1.0
2005-08-16,38.16,38.16,35.11,36.07,8.88550797202975,29000,0.0,1.0
2005-08-15,38.93,38.93,37.3,38.01,9.36340887210565,26500,0.0,1.0
2005-08-12,38.94,39.2699,38.2801,38.35,9.447164699954,22600,0.0,1.0
2005-08-11,38.86,39.71,38.67,39.01,9.60974954224786,10900,0.0,1.0
2005-08-10,40.88,40.88,38.61,39.08,9.62699338915782,28800,0.0,1.0
2005-08-09,38.93,40.49,38.93,40.49,9.97433373405834,13600,0.0,1.0
2005-08-08,39.7,39.7,38.63,39.15,9.64423723606777,29000,0.0,1.0
2005-08-05,39.8,39.91,39.43,39.43,9.71321262370759,19800,0.0,1.0
2005-08-04,39.25,39.71,39.194,39.54,9.74031009742324,26000,0.0,1.0
2005-08-03,40.5,41.6,38.45,39.27,9.67379811648484,67400,0.0,1.0
2005-08-02,39.38,41.94,39.38,41.85,10.3093570454518,57100,0.0,1.0
2005-08-01,41.86,42.33,39.48,39.86,9.81913911186875,46800,0.0,1.0
2005-07-29,41.4,41.61,41.24,41.61,10.2502352846176,17500,0.0,1.0
2005-07-28,42.0,42.0,41.02,41.4,10.1985037438878,39800,0.0,1.0
2005-07-27,42.09,42.09,41.13,41.75,10.2847229784375,20600,0.0,1.0
2005-07-26,42.0,42.08,41.7,41.92,10.3266008923617,35900,0.0,1.0
2005-07-25,41.67,42.01,41.14,41.75,10.2847229784375,74000,0.0,1.0
2005-07-22,39.4,41.74,39.4,41.16,10.1393819830536,44100,0.0,1.0
2005-07-21,40.28,40.61,39.47,39.8,9.80435867166021,12600,0.0,1.0
2005-07-20,39.71,40.1,39.41,40.08,9.87333405930003,28600,0.0,1.0
2005-07-19,40.5,40.5,39.7,39.7732,9.7977567417004,7900,0.0,1.0
2005-07-18,40.25,40.4,39.0,40.03,9.86101702579292,20300,0.0,1.0
2005-07-15,38.0,40.2,38.0,40.0,9.85362680568866,16600,0.0,1.0
2005-07-14,39.63,40.06,38.07,38.65,9.52106690099666,17100,0.0,1.0
2005-07-13,39.12,40.25,38.08,39.92,9.83391955207728,92300,0.0,1.0
2005-07-12,38.49,39.11,38.47,38.9,9.58265206853222,34700,0.0,1.0
2005-07-11,38.0,39.49,37.5,39.15,9.64423723606777,79500,0.0,1.0
2005-07-08,36.22,37.76,36.17,37.58,9.25748238394449,77400,0.0,1.0
2005-07-07,34.17,37.0,34.17,36.65,9.02838556071223,78400,0.0,1.0
2005-07-06,34.75,34.75,33.64,34.52,8.50367993330931,38200,0.0,1.0
2005-07-05,35.98,35.98,33.35,34.7,8.54802125393491,73200,0.0,1.0
2005-07-01,35.65,36.71,35.65,36.6,9.01606852720512,34300,0.0,1.0
2005-06-30,35.61,36.604,34.99,35.81,8.82145939779277,28200,0.0,1.0
2005-06-29,35.0,36.09,34.85,36.0,8.86826412511979,72700,0.085,1.0
2005-06-28,34.51,35.11,34.51,35.0,8.60161408838001,37200,0.0,1.0
2005-06-27,34.4,34.89,34.0,34.68,8.52297075957197,19800,0.0,1.0
2005-06-24,33.82,34.95,33.78,34.48,8.47381867906694,289700,0.0,1.0
2005-06-23,34.68,34.75,34.46,34.75,8.54017398774872,7800,0.0,1.0
2005-06-22,34.5,34.7,34.19,34.67,8.52051315554671,9600,0.0,1.0
2005-06-21,34.6,34.79,34.1901,34.7,8.52788596762247,10400,0.0,1.0
2005-06-20,34.08,34.8,34.08,34.8,8.55246200787498,16900,0.0,1.0
2005-06-17,34.72,35.0,34.4,34.85,8.56475002800124,12700,0.0,1.0
2005-06-16,34.35,34.9,34.26,34.69,8.52542836359722,18400,0.0,1.0
2005-06-15,33.5,34.7,33.5,34.49,8.47627628309219,50000,0.0,1.0
2005-06-14,33.25,33.89,33.25,33.6,8.25754952484481,13600,0.0,1.0
2005-06-13,32.54,34.03,32.54,33.9,8.33127764560235,20200,0.0,1.0
2005-06-10,33.75,33.97,32.434,33.27,8.17644859201151,15000,0.0,1.0
2005-06-09,33.0,33.56,33.0,33.5,8.2329734845923,23600,0.0,1.0
2005-06-08,33.25,33.25,32.08,32.99,8.10763567930447,15700,0.0,1.0
2005-06-07,32.806,32.98,32.228,32.94,8.09534765917821,29100,0.0,1.0
2005-06-06,32.87,33.38,32.79,32.8,8.0609412028247,29300,0.0,1.0
2005-06-03,31.22,32.8,30.5,32.762,8.05160230752874,11200,0.0,1.0
2005-06-02,31.32,32.7798,30.7,32.0,7.86433288080458,12500,0.0,1.0
2005-06-01,32.03,32.8,31.24,31.86,7.82992642445106,6000,0.0,1.0
2005-05-31,32.8,32.8,31.88,32.8,8.0609412028247,8700,0.0,1.0
2005-05-27,31.9,32.73,31.75,32.0,7.86433288080458,10100,0.0,1.0
2005-05-26,30.5,31.9,30.5,31.62,7.77094392784503,11500,0.0,1.0
2005-05-25,30.25,30.89,30.0,30.5,7.49569227701687,12700,0.0,1.0
2005-05-24,29.99,30.32,29.9,30.26,7.43670978041083,5500,0.0,1.0
2005-05-23,29.67,30.0,29.0,30.0,7.37281207575429,4500,0.0,1.0
2005-05-20,29.408,29.87,29.2,29.2,7.17620375373418,4000,0.0,1.0
2005-05-19,30.0,30.0,29.2,29.82,7.32857520329977,7000,0.0,1.0
2005-05-18,29.51,29.61,29.03,29.46,7.24010145839072,9100,0.0,1.0
2005-05-17,29.45,29.45,28.92,29.24,7.18603416983519,4800,0.0,1.0
2005-05-16,29.65,29.7,28.74,29.15,7.16391573360792,10900,0.0,1.0
2005-05-13,31.24,31.24,29.551,30.0,7.37281207575429,12300,0.0,1.0
2005-05-12,29.62,30.49,29.282,30.06,7.3875576999058,8400,0.0,1.0
2005-05-11,29.68,29.96,29.0,29.41,7.22781343826446,8300,0.0,1.0
2005-05-10,28.0,30.0,28.0,29.97,7.36543926367854,9200,0.0,1.0
2005-05-09,29.12,29.12,28.34,28.34,6.96484980756256,6200,0.0,1.0
2005-05-06,28.81,29.91,28.24,29.12,7.15654292153217,9200,0.0,1.0
2005-05-05,29.0,29.99,28.19,29.76,7.31382957914826,8300,0.0,1.0
2005-05-04,28.75,30.13,28.52,29.7,7.29908395499675,8700,0.0,1.0
2005-05-03,27.9,29.97,27.45,29.69,7.2966263509715,5200,0.0,1.0
2005-05-02,27.47,27.669,27.02,27.4,6.73383502918892,4800,0.0,1.0
2005-04-29,27.999,27.999,26.9,27.03,6.64290368025462,13700,0.0,1.0
2005-04-28,27.65,28.75,27.5,27.5,6.75841106944144,7100,0.0,1.0
2005-04-27,27.5,29.99,27.5,27.65,6.79527512982021,8400,0.0,1.0
2005-04-26,28.71,28.71,28.17,28.17,6.92307053913328,1500,0.0,1.0
2005-04-25,29.99,29.99,27.66,28.4,6.97959543171407,3600,0.0,1.0
2005-04-22,28.27,30.45,28.27,29.23,7.18357656580993,8100,0.0,1.0
2005-04-21,29.0,29.159,29.0,29.1,7.15162771348167,5100,0.0,1.0
2005-04-20,28.91,28.93,27.87,28.5,7.00417147196658,14400,0.0,1.0
2005-04-19,27.26,28.5,27.0,28.03,6.88866408277976,9900,0.0,1.0
2005-04-18,27.57,28.32,27.01,28.32,6.95993459951205,10400,0.0,1.0
2005-04-15,28.0,28.92,27.25,28.54,7.01400188806759,7800,0.0,1.0
2005-04-14,30.2,30.688,26.44,28.1,6.90586731095652,40200,0.0,1.0
2005-04-13,32.0,32.0,30.7,30.72,7.5497595655724,4100,0.0,1.0
2005-04-12,31.29,31.5,31.29,31.5,7.74145267954201,800,0.0,1.0
2005-04-11,30.5,31.89,30.5,31.239,7.67730921448295,3900,0.0,1.0
2005-04-08,32.0,32.0,30.61,30.72,7.5497595655724,5400,0.0,1.0
2005-04-07,32.5,32.5,30.63,30.76,7.5595899816734,6700,0.0,1.0
2005-04-06,31.37,32.0,31.37,31.716,7.79453692648744,9400,0.0,1.0
2005-04-05,32.0,32.0,31.78,32.0,7.86433288080458,4700,0.0,1.0
2005-04-04,32.0,32.0,31.31,31.999,7.86408712040206,7600,0.0,1.0
2005-04-01,30.9,32.93,30.9,32.469,7.97959450958887,16800,0.0,1.0
2005-03-31,29.75,32.3,29.75,31.0,7.61857247827944,17600,0.0,1.0
2005-03-30,29.75,30.71,29.75,30.02,7.3777272838048,6000,0.08,1.0
2005-03-29,30.4,30.489,29.3,30.03,7.36056977849363,18600,0.0,1.0
2005-03-28,30.972,30.972,30.3,30.4,7.45125944942412,1600,0.0,1.0
2005-03-24,30.04,30.99,30.04,30.99,7.59587270847544,3700,0.0,1.0
2005-03-23,30.99,30.99,29.02,30.68,7.51988947066881,14900,0.0,1.0
2005-03-22,30.5,31.48,30.5,31.48,7.71597524565366,1500,0.0,1.0
2005-03-21,32.9,32.9,30.75,30.89,7.57136198660233,5400,0.0,1.0
2005-03-18,32.5,32.69,31.89,32.5,7.96598460875933,7200,0.0,1.0
2005-03-17,31.75,32.839,30.5,32.07,7.86058850470498,13500,0.0,1.0
2005-03-16,33.0,33.0,31.39,31.75,7.78215419471104,9300,0.0,1.0
2005-03-15,32.75,32.99,32.51,32.9,8.06402749625176,10300,0.0,1.0
2005-03-14,31.4,32.99,31.4,32.63,7.99784854719437,12900,0.0,1.0
2005-03-11,31.5,32.25,30.69,31.77,7.78705633908566,7600,0.0,1.0
2005-03-10,31.52,31.93,30.45,31.219,7.65200226156485,16600,0.0,1.0
2005-03-09,31.63,32.07,31.63,32.022,7.84882335820589,6500,0.0,1.0
2005-03-08,32.25,33.0,31.8,32.13,7.87529493782884,10200,0.0,1.0
2005-03-07,32.6,32.67,32.07,32.07,7.86058850470498,10000,0.0,1.0
2005-03-04,32.5,32.5,31.5,31.863,7.80985131042765,4800,0.0,1.0
2005-03-03,32.75,32.75,31.51,31.51,7.72332846221559,16200,0.0,1.0
2005-03-02,32.0,32.44,31.84,32.27,7.90960994845119,15000,0.0,1.0
2005-03-01,32.56,32.8,31.6,31.99,7.84097992720649,51900,0.0,1.0
2005-02-28,30.25,32.449,30.25,31.6,7.74538811190138,38800,0.0,1.0
2005-02-25,31.0,31.0,30.201,30.5,7.47577017129722,4300,0.0,1.0
2005-02-24,31.99,31.99,30.26,30.5,7.47577017129722,4900,0.0,1.0
2005-02-23,31.5,32.0,30.36,30.84,7.55910662566578,15400,0.0,1.0
2005-02-22,31.0,32.49,30.38,31.42,7.70126881252979,33400,0.0,1.0
2005-02-18,29.07,31.66,29.07,31.12,7.62773664691048,14900,0.0,1.0
2005-02-17,31.7,31.7,30.0,30.54,7.48557446004646,8100,0.0,1.0
2005-02-16,29.94,31.43,29.7,31.28,7.66695380190745,66700,0.0,1.0
2005-02-15,29.9,29.95,29.2,29.9,7.32870584005859,17600,0.0,1.0
2005-02-14,29.51,30.0,29.28,29.48,7.22576080819154,11400,0.0,1.0
2005-02-11,31.7,31.7,29.0,29.2,7.15713078694685,17200,0.0,1.0
2005-02-10,31.05,31.81,30.34,31.7,7.76989883377449,17300,0.0,1.0
2005-02-09,31.5,31.89,30.01,31.681,7.7652417966186,17000,0.0,1.0
2005-02-08,31.01,32.95,30.64,31.87,7.81156706095877,37500,0.0,1.0
2005-02-07,30.5,33.31,30.46,32.48,7.96108246438471,52400,0.0,1.0
2005-02-04,29.59,30.52,28.87,30.05,7.36547192286825,28300,0.0,1.0
2005-02-03,27.99,29.8,27.99,29.6,7.25517367443927,28800,0.0,1.0
2005-02-02,26.69,28.0,26.511,27.92,6.8433935469711,45000,0.0,1.0
2005-02-01,25.95,25.95,25.21,25.5,6.25023407764194,4600,0.0,1.0
2005-01-31,25.75,26.25,25.0,25.35,6.21346799483228,6800,0.0,1.0
2005-01-28,26.71,27.05,25.5,25.55,6.26248943857849,17700,0.0,1.0
2005-01-27,26.78,27.77,26.78,27.0,6.61789490573852,11300,0.0,1.0
2005-01-26,26.76,28.92,26.76,28.031,6.87060044825024,27100,0.0,1.0
2005-01-25,26.65,28.079,26.0,28.0,6.86300212446958,53600,0.0,1.0
2005-01-24,25.25,25.39,24.694,25.0,6.12768046827641,6500,0.0,1.0
2005-01-21,24.65,25.02,23.751,24.84,6.08846331327944,4200,0.0,1.0
2005-01-20,25.25,25.25,23.14,24.34,5.96590970391391,9300,0.0,1.0
2005-01-19,25.142,25.142,24.44,24.511,6.00782303831692,2700,0.0,1.0
2005-01-18,24.5,24.73,24.4,24.4,5.98061613703778,2500,0.0,1.0
2005-01-14,24.25,24.73,24.25,24.73,6.06150151921903,2700,0.0,1.0
2005-01-13,24.666,24.749,24.57,24.749,6.06615855637492,1500,0.0,1.0
2005-01-12,23.98,24.75,23.98,24.716,6.05807001815679,13600,0.0,1.0
2005-01-11,24.61,24.75,24.601,24.7,6.05414830265709,8300,0.0,1.0
2005-01-10,25.25,25.25,24.581,24.82,6.08356116890482,1800,0.0,1.0
2005-01-07,25.0,25.1,24.75,24.75,6.06640366359365,700,0.0,1.0
2005-01-06,25.2,25.2,25.19,25.19,6.17425083983531,600,0.0,1.0
2005-01-05,25.12,25.27,24.7,24.75,6.06640366359365,1200,0.0,1.0
2005-01-04,25.0,25.0,25.0,25.0,6.12768046827641,0,0.0,1.0
2005-01-03,25.6,25.75,25.0,25.0,6.12768046827641,2800,0.0,1.0
2004-12-31,25.669,25.75,25.5,25.5,6.25023407764194,2300,0.0,1.0
2004-12-30,25.48,25.5,25.48,25.5,6.25023407764194,1100,0.08,1.0
2004-12-29,24.951,25.36,24.951,25.0,6.10851649495889,2400,0.0,1.0
2004-12-28,24.88,25.428,24.85,25.428,6.21309429735259,2400,0.0,1.0
2004-12-27,25.99,25.99,24.36,25.18,6.1524978137226,6100,0.0,1.0
2004-12-23,25.0,25.799,25.0,25.3,6.1818186928984,1200,0.0,1.0
2004-12-22,25.178,25.959,25.178,25.45,6.21846979186815,1800,0.0,1.0
2004-12-21,25.5,25.54,25.1,25.1,6.13295056093873,2100,0.0,1.0
2004-12-20,25.99,25.99,25.7,25.7,6.27955495681774,1200,0.0,1.0
2004-12-17,25.99,25.99,25.99,25.99,6.35041374815926,0,0.0,1.0
2004-12-16,25.11,25.99,24.83,25.99,6.35041374815926,4300,0.0,1.0
2004-12-15,25.75,25.95,25.5,25.62,6.26000770403387,2500,0.0,1.0
2004-12-14,25.9,26.29,25.9,26.051,6.36531852840696,7000,0.0,1.0
2004-12-13,26.0,26.0,25.56,25.9,6.32842308877741,14200,0.0,1.0
2004-12-10,25.5,25.73,24.02,25.7,6.27955495681774,7600,0.0,1.0
2004-12-09,25.4,25.4,24.5,24.85,6.07186539598914,24400,0.0,1.0
2004-12-08,23.82,25.14,23.82,25.11,6.13539396753671,16200,0.0,1.0
2004-12-07,22.59,22.97,22.59,22.79,5.56852363680453,1000,0.0,1.0
2004-12-06,23.499,23.679,22.82,23.679,5.78574248336526,800,0.0,1.0
2004-12-03,21.65,23.27,21.65,23.27,5.68580715350774,5200,0.0,1.0
2004-12-02,22.1,22.5,22.1,22.5,5.497664845463,6700,0.0,1.0
2004-12-01,22.91,22.95,22.5,22.6,5.52209891144284,3400,0.0,1.0
2004-11-30,22.989,22.989,22.74,22.88,5.59051429618638,1100,0.0,1.0
2004-11-29,21.95,21.95,21.95,21.95,5.36327748257391,0,0.0,1.0
2004-11-26,23.0,23.0,21.93,21.951,5.36352182323371,1200,0.0,1.0
2004-11-24,22.93,22.93,21.72,21.92,5.35594726277996,3500,0.0,1.0
2004-11-23,21.9,22.499,21.9,22.2,5.4243626475235,6700,0.0,1.0
2004-11-22,23.0,23.01,22.0,22.0,5.37549451556383,5700,0.0,1.0
2004-11-19,23.441,23.441,23.26,23.26,5.68336374690975,2400,0.0,1.0
2004-11-18,24.59,24.59,23.441,23.441,5.72758940633326,3000,0.0,1.0
2004-11-17,23.65,23.85,23.65,23.84,5.8250813295928,2500,0.0,1.0
2004-11-16,24.84,24.84,23.84,23.85,5.82752473619078,2900,0.0,1.0
2004-11-15,24.99,24.99,23.84,23.84,5.8250813295928,6700,0.0,1.0
2004-11-12,23.65,24.04,23.5,23.869,5.83216720872695,2500,0.0,1.0
2004-11-11,24.1,24.35,23.56,23.62,5.77132638443716,3200,0.0,1.0
2004-11-10,24.49,24.49,24.05,24.27,5.93014781330609,2100,0.0,1.0
2004-11-09,23.37,24.71,23.37,24.71,6.03765770361737,6100,0.0,1.0
2004-11-08,22.69,24.8,22.69,24.8,6.05964836299922,6100,0.0,1.0
2004-11-05,24.0,24.0,23.49,23.5,5.74200550526136,3400,0.0,1.0
2004-11-04,24.09,24.55,23.35,23.35,5.70535440629161,8800,0.0,1.0
2004-11-03,25.0,25.0,24.601,24.82,6.06453517619519,8500,0.0,1.0
2004-11-02,24.6,24.99,24.54,24.99,6.10607308836091,6700,0.0,1.0
2004-11-01,22.19,24.8,22.19,24.3,5.93747803310004,12200,0.0,1.0
2004-10-29,22.75,23.459,22.75,23.459,5.73198753820963,1100,0.0,1.0
2004-10-28,21.5,23.5,21.5,22.51,5.50010825206099,7100,0.0,1.0
2004-10-27,22.1,22.11,20.84,21.7,5.30219231762432,5300,0.0,1.0
2004-10-26,22.65,23.87,22.4,22.4,5.47323077948317,1100,0.0,1.0
2004-10-25,22.11,22.549,21.95,22.46,5.48789121907107,1900,0.0,1.0
2004-10-22,24.0,24.0,22.25,22.25,5.43657968051341,3700,0.0,1.0
2004-10-21,24.42,24.44,23.74,23.99,5.86173242856255,3200,0.0,1.0
2004-10-20,24.0,24.449,24.0,24.13,5.89594012093432,3300,0.0,1.0
2004-10-19,24.5,25.29,24.26,24.271,5.93039215396589,2800,0.0,1.0
2004-10-18,24.6,25.41,24.25,25.4,6.20625275887823,34300,0.0,1.0
2004-10-15,24.1,24.75,24.1,24.541,5.99636413211145,2800,0.0,1.0
2004-10-14,23.1,24.99,23.0,24.93,6.09141264877301,15200,0.0,1.0
2004-10-13,23.95,24.05,23.73,23.73,5.79820385701498,1300,0.0,1.0
2004-10-12,24.0,24.0,23.34,23.85,5.82752473619078,2900,0.0,1.0
2004-10-11,24.03,24.79,22.55,23.99,5.86173242856255,13600,0.0,1.0
2004-10-08,23.64,24.9,23.62,24.37,5.95458187928593,24000,0.0,1.0
2004-10-07,21.46,24.7,21.36,24.4,5.96191209907988,40400,0.0,1.0
2004-10-06,21.0,21.4,21.0,21.39,5.22644671308683,2500,0.0,1.0
2004-10-05,20.95,21.29,20.88,21.07,5.14825770195135,13300,0.0,1.0
2004-10-04,21.29,21.29,20.01,21.15,5.16780495473522,8000,0.0,1.0
2004-10-01,20.94,21.0,20.55,21.0,5.13115385576547,4400,0.0,1.0
2004-09-30,21.3,21.3,20.6,20.85,5.09450275679572,3100,0.0,1.0
2004-09-29,21.0,21.25,20.01,21.22,5.18490880092111,7200,0.08,1.0
2004-09-28,20.05,20.9,19.48,20.81,5.06563155620508,18500,0.0,1.0
2004-09-27,21.0,21.0,19.48,20.1,4.89280126284105,24500,0.0,1.0
2004-09-24,20.3,20.99,20.1,20.97,5.10457922794909,8500,0.0,1.0
2004-09-23,20.7,20.98,20.61,20.97,5.10457922794909,5400,0.0,1.0
2004-09-22,20.1,20.88,20.0,20.8,5.06319732672108,14400,0.0,1.0
2004-09-21,19.26,20.08,19.26,19.88,4.83924821419303,4200,0.0,1.0
2004-09-20,19.25,20.1,19.25,20.1,4.89280126284105,12900,0.0,1.0
2004-09-17,19.0,19.88,18.55,19.77,4.81247168986903,18100,0.0,1.0
2004-09-16,19.19,19.23,19.161,19.23,4.681023297733,5400,0.0,1.0
2004-09-15,18.11,19.12,18.11,19.03,4.63233870805299,65200,0.0,1.0
2004-09-14,18.1,18.18,17.96,18.1,4.40595536604094,2800,0.0,1.0
2004-09-13,18.03,18.2,18.03,18.199,4.43005423793255,2400,0.0,1.0
2004-09-10,18.1,18.1,17.42,18.02,4.38648153016894,9000,0.0,1.0
2004-09-09,17.77,18.01,17.75,17.99,4.37917884171693,1400,0.0,1.0
2004-09-08,17.42,18.049,17.42,17.87,4.34996808790893,1300,0.0,1.0
2004-09-07,17.76,17.76,17.76,17.76,4.32319156358492,0,0.0,1.0
2004-09-03,18.0,18.0,17.761,17.761,4.32343498653332,900,0.0,1.0
2004-09-02,17.95,18.0,17.75,17.999,4.38136964825254,9100,0.0,1.0
2004-09-01,17.92,17.92,17.42,17.79,4.33049425203692,3300,0.0,1.0
2004-08-31,17.7,17.7,17.6,17.7,4.30858618668092,1500,0.0,1.0
2004-08-30,17.88,17.92,17.66,17.66,4.29884926874492,1500,0.0,1.0
2004-08-27,17.88,17.88,17.61,17.65,4.29641503926092,7700,0.0,1.0
2004-08-26,17.5,17.65,17.33,17.65,4.29641503926092,3500,0.0,1.0
2004-08-25,17.51,17.6,17.4,17.491,4.25771079046531,600,0.0,1.0
2004-08-24,17.27,17.65,17.27,17.6,4.28424389184091,10000,0.0,1.0
2004-08-23,17.3,17.59,17.29,17.47,4.25259890854891,5800,0.0,1.0
2004-08-20,17.31,17.57,17.3,17.44,4.24529622009691,11200,0.0,1.0
2004-08-19,17.25,17.34,17.25,17.25,4.1990458599009,3100,0.0,1.0
2004-08-18,17.13,17.46,17.1,17.28,4.2063485483529,15200,0.0,1.0
2004-08-17,17.14,17.35,17.1,17.26,4.2014800893849,10000,0.0,1.0
2004-08-16,17.792,17.9,17.25,17.25,4.1990458599009,1900,0.0,1.0
2004-08-13,17.4,17.4,16.99,17.37,4.2282566137089,9600,0.0,1.0
2004-08-12,16.87,17.65,16.87,17.4,4.2355593021609,11800,0.0,1.0
2004-08-11,17.1,17.31,17.1,17.11,4.16496664712489,16500,0.0,1.0
2004-08-10,17.19,17.8,17.19,17.34,4.2209539252569,10600,0.0,1.0
2004-08-09,17.1,17.21,17.0,17.1,4.16253241764089,6100,0.0,1.0
2004-08-06,17.11,17.11,17.1,17.11,4.16496664712489,4600,0.0,1.0
2004-08-05,16.75,17.15,16.75,17.11,4.16496664712489,15500,0.0,1.0
2004-08-04,16.5,16.55,16.45,16.55,4.02864979602086,3900,0.0,1.0
2004-08-03,16.67,16.67,16.5,16.609,4.04301174997646,2800,0.0,1.0
2004-08-02,16.67,16.69,16.67,16.69,4.06272900879687,700,0.0,1.0
2004-07-30,16.75,16.75,16.75,16.75,4.07733438570087,300,0.0,1.0
2004-07-29,16.7133,16.7133,16.71,16.71,4.06759746776487,3600,0.0,1.0
2004-07-28,16.75,16.88,16.75,16.75,4.07733438570087,1200,0.0,1.0
2004-07-27,16.76,16.77,16.75,16.75,4.07733438570087,1900,0.0,1.0
2004-07-26,16.86,16.86,16.75,16.75,4.07733438570087,1500,0.0,1.0
2004-07-23,16.99,16.99,16.85,16.85,4.10167668054088,2800,0.0,1.0
2004-07-22,17.0,17.36,16.85,16.88,4.10897936899288,3900,0.0,1.0
2004-07-21,16.9,16.94,16.9,16.94,4.12358474589688,1400,0.0,1.0
2004-07-20,16.8671,16.89,16.85,16.87,4.10654513950888,5400,0.0,1.0
2004-07-19,16.97,16.97,16.94,16.94,4.12358474589688,1900,0.0,1.0
2004-07-16,17.75,17.75,17.0,17.01,4.14062435228488,1200,0.0,1.0
2004-07-15,16.9,17.03,16.9,17.03,4.14549281125289,1400,0.0,1.0
2004-07-14,16.96,16.99,16.9,16.94,4.12358474589688,2100,0.0,1.0
2004-07-13,16.9,16.96,16.85,16.96,4.12845320486488,4400,0.0,1.0
2004-07-12,16.93,16.93,16.851,16.9,4.11384782796088,3500,0.0,1.0
2004-07-09,16.85,16.9,16.85,16.85,4.10167668054088,5400,0.0,1.0
2004-07-08,16.75,16.86,16.75,16.85,4.10167668054088,1300,0.0,1.0
2004-07-07,16.92,16.92,16.85,16.85,4.10167668054088,1400,0.0,1.0
2004-07-06,16.932,17.05,16.92,16.93,4.12115051641288,2000,0.0,1.0
2004-07-02,16.98,16.98,16.98,16.98,4.13332166383288,0,0.0,1.0
2004-07-01,16.92,16.98,16.92,16.98,4.13332166383288,300,0.0,1.0
2004-06-30,17.32,17.32,16.92,16.93,4.12115051641288,1800,0.0,1.0
2004-06-29,16.86,17.28,16.86,17.28,4.2063485483529,4800,0.075,1.0
2004-06-28,16.86,16.86,16.85,16.85,4.08395119791105,1100,0.0,1.0
2004-06-25,16.801,16.86,16.801,16.86,4.08637490782079,500,0.0,1.0
2004-06-24,16.8,16.8,16.8,16.8,4.07183264836236,0,0.0,1.0
2004-06-23,16.81,16.81,16.8,16.8,4.07183264836236,1200,0.0,1.0
2004-06-22,16.821,16.821,16.81,16.81,4.0742563582721,3700,0.0,1.0
2004-06-21,16.86,17.02,16.86,17.02,4.12515426637663,400,0.0,1.0
2004-06-18,17.04,17.04,16.9,16.98,4.11545942673767,1200,0.0,1.0
2004-06-17,16.8,16.9,16.8,16.9,4.09606974745975,1200,0.0,1.0
2004-06-16,16.73,16.83,16.73,16.75,4.05971409881366,1800,0.0,1.0
2004-06-15,16.61,16.73,16.61,16.73,4.05486667899418,4000,0.0,1.0
2004-06-14,16.96,16.96,16.95,16.95,4.10818829700845,1100,0.0,1.0
2004-06-10,16.97,16.97,16.96,16.96,4.11061200691819,1000,0.0,1.0
2004-06-09,17.12,17.12,17.12,17.12,4.14939136547402,1000,0.0,1.0
2004-06-08,16.651,16.92,16.651,16.92,4.10091716727923,2500,0.0,1.0
2004-06-07,16.25,16.67,16.25,16.66,4.037900709626,600,0.0,1.0
2004-06-04,16.3,17.09,16.3,16.9,4.09606974745975,11000,0.0,1.0
2004-06-03,17.48,17.5,17.429,17.48,4.23664492222464,4200,0.0,1.0
2004-06-02,17.249,17.52,17.11,17.52,4.2463397618636,1600,0.0,1.0
2004-06-01,17.2,17.4,17.12,17.14,4.1542387852935,3900,0.0,1.0
2004-05-28,17.49,17.49,17.26,17.26,4.18332330421037,1600,0.0,1.0
2004-05-27,17.5,17.51,17.49,17.49,4.23906863213438,1300,0.0,1.0
2004-05-26,17.56,17.56,17.55,17.55,4.25361089159282,200,0.0,1.0
2004-05-25,17.5,17.53,17.35,17.35,4.20513669339803,1500,0.0,1.0
2004-05-24,17.52,17.52,17.5,17.5,4.24149234204412,900,0.0,1.0
2004-05-21,17.63,17.82,16.88,17.62,4.270576860961,15900,0.0,1.0
2004-05-20,16.3,16.8,16.1,16.8,4.07183264836236,8600,0.0,1.0
2004-05-19,16.248,16.34,16.15,16.34,3.96034199251434,900,0.0,1.0
2004-05-18,16.29,16.4,16.08,16.25,3.93852860332668,4900,0.0,1.0
2004-05-17,16.28,16.75,16.28,16.35,3.96276570242408,4300,0.0,1.0
2004-05-14,16.21,16.7,16.15,16.55,4.01123990061887,7200,0.0,1.0
2004-05-13,16.9,17.18,16.9,16.93,4.10334087718897,5000,0.0,1.0
2004-05-12,17.33,17.33,16.99,16.99,4.11788313664741,4600,0.0,1.0
2004-05-11,17.45,17.45,17.45,17.45,4.22937379249542,500,0.0,1.0
2004-05-10,17.65,17.75,17.39,17.54,4.25118718168308,7600,0.0,1.0
2004-05-07,18.24,18.26,18.12,18.189,4.40848595482517,2600,0.0,1.0
2004-05-06,18.5,18.84,18.1,18.22,4.41599945554537,8700,0.0,1.0
2004-05-05,18.84,18.85,18.84,18.85,4.56869317985895,600,0.0,1.0
2004-05-04,18.9,18.9,18.75,18.84,4.56626946994921,1300,0.0,1.0
2004-05-03,18.99,19.0,18.91,18.91,4.58323543931739,3100,0.0,1.0
2004-04-30,18.99,18.99,18.969,18.969,4.59753532778485,1200,0.0,1.0
2004-04-29,18.901,18.99,18.9,18.9,4.58081172940765,2400,0.0,1.0
2004-04-28,18.75,19.0,18.75,18.846,4.56772369589506,3200,0.0,1.0
2004-04-27,18.75,18.9,18.75,18.9,4.58081172940765,700,0.0,1.0
2004-04-26,18.75,18.99,18.75,18.99,4.60262511859531,300,0.0,1.0
2004-04-23,18.8,19.0,18.76,18.78,4.55172721049078,3100,0.0,1.0
2004-04-22,18.99,18.99,18.8,18.81,4.55899834022,3700,0.0,1.0
2004-04-21,18.99,19.0,18.75,18.75,4.54445608076156,9200,0.0,1.0
2004-04-20,18.9,18.99,18.9,18.96,4.59535398886609,1600,0.0,1.0
2004-04-19,19.09,19.09,18.9,18.9,4.58081172940765,2400,0.0,1.0
2004-04-16,18.95,19.28,18.95,19.27,4.67048899606801,3500,0.0,1.0
2004-04-15,19.75,19.75,19.15,19.18,4.64867560688036,7800,0.0,1.0
2004-04-14,19.46,19.65,19.43,19.55,4.73835287354072,4700,0.0,1.0
2004-04-13,19.16,19.51,19.15,19.51,4.72865803390176,9200,0.0,1.0
2004-04-12,19.25,19.48,19.25,19.48,4.72138690417254,1400,0.0,1.0
2004-04-08,19.41,19.41,19.15,19.37,4.69472609516541,2400,0.0,1.0
2004-04-07,19.5,19.51,19.0,19.0,4.60504882850505,1400,0.0,1.0
2004-04-06,19.5,19.59,19.5,19.58,4.74562400326994,2100,0.0,1.0
2004-04-05,19.261,19.45,19.261,19.45,4.71411577444332,700,0.0,1.0
2004-04-02,19.35,19.47,19.15,19.39,4.69957351498489,1300,0.0,1.0
2004-04-01,18.8,19.34,18.8,19.34,4.68745496543619,1200,0.0,1.0
2004-03-31,18.81,18.81,18.8,18.8,4.55657463031026,1700,0.0,1.0
2004-03-30,18.75,18.75,18.75,18.75,4.54445608076156,300,0.075,1.0
2004-03-29,19.19,19.19,19.19,19.19,4.63256904062759,600,0.0,1.0
2004-03-26,19.11,19.1765,19.0,19.09,4.60842850367799,5400,0.0,1.0
2004-03-25,19.4709,19.75,19.06,19.1,4.61084255737295,8700,0.0,1.0
2004-03-24,20.0,20.0,19.48,19.48,4.70257659778142,2700,0.0,1.0
2004-03-23,19.49,19.69,19.48,19.69,4.75327172537557,1600,0.0,1.0
2004-03-22,19.61,19.9,19.49,19.49,4.70499065147638,4900,0.0,1.0
2004-03-19,20.0,20.0,19.491,19.8,4.77982631602013,4200,0.0,1.0
2004-03-18,19.89,19.92,19.48,19.86,4.79431063818988,2400,0.0,1.0
2004-03-17,20.0,20.0,19.55,19.8,4.77982631602013,8400,0.0,1.0
2004-03-16,19.5,19.51,19.49,19.49,4.70499065147638,3200,0.0,1.0
2004-03-15,20.0,20.0,19.769,19.769,4.77234274956575,400,0.0,1.0
2004-03-12,20.0,20.0,19.35,19.451,4.69557584206603,3700,0.0,1.0
2004-03-11,19.501,19.66,19.501,19.65,4.74361551059573,1700,0.0,1.0
2004-03-10,19.81,19.82,19.74,19.74,4.76534199385037,1900,0.0,1.0
2004-03-09,19.95,20.0,19.72,19.99,4.82569333622436,8200,0.0,1.0
2004-03-08,19.71,19.771,19.71,19.771,4.77282556030474,1100,0.0,1.0
2004-03-05,19.5,19.969,19.5,19.67,4.74844361798565,24900,0.0,1.0
2004-03-04,19.5,19.95,19.5,19.8,4.77982631602013,13500,0.0,1.0
2004-03-03,19.65,19.75,19.65,19.74,4.76534199385037,3900,0.0,1.0
2004-03-02,19.51,19.69,19.51,19.67,4.74844361798565,7500,0.0,1.0
2004-03-01,19.5,19.511,19.32,19.511,4.71006016423579,10500,0.0,1.0
2004-02-27,19.75,19.75,19.29,19.49,4.70499065147638,3000,0.0,1.0
2004-02-26,19.35,19.49,18.87,19.48,4.70257659778142,17500,0.0,1.0
2004-02-25,19.25,19.35,19.15,19.35,4.67119389974694,5600,0.0,1.0
2004-02-24,19.15,19.3,19.15,19.15,4.62291282584775,1800,0.0,1.0
2004-02-23,19.75,19.75,19.14,19.15,4.62291282584775,4700,0.0,1.0
2004-02-20,19.75,19.75,19.15,19.25,4.64705336279734,2300,0.0,1.0
2004-02-19,19.5,19.65,19.25,19.519,4.71199140719176,13300,0.0,1.0
2004-02-18,19.5,19.621,19.4,19.621,4.73661475488035,2100,0.0,1.0
2004-02-17,19.5,19.53,19.42,19.521,4.71247421793075,4800,0.0,1.0
2004-02-13,19.75,19.75,19.25,19.55,4.71947497364613,8800,0.0,1.0
2004-02-12,19.5,19.71,19.5,19.71,4.75809983276549,2500,0.0,1.0
2004-02-11,19.4,19.5,19.4,19.45,4.69533443669654,16500,0.0,1.0
2004-02-10,19.13,19.75,19.12,19.695,4.75447875222305,15400,0.0,1.0
2004-02-09,19.25,19.25,19.09,19.181,4.63039639230212,4200,0.0,1.0
2004-02-06,18.5,19.58,18.5,19.0,4.58670202042335,2200,0.0,1.0
2004-02-05,18.78,19.58,18.78,19.2,4.63498309432255,21400,0.0,1.0
2004-02-04,18.59,18.67,18.3,18.58,4.48531176523505,3500,0.0,1.0
2004-02-03,18.05,18.79,18.05,18.499,4.46575793030587,4000,0.0,1.0
2004-02-02,18.02,18.22,18.0,18.07,4.3621950267921,3400,0.0,1.0
2004-01-30,18.6,18.68,18.02,18.1,4.36943718787698,3100,0.0,1.0
2004-01-29,18.06,18.37,18.06,18.26,4.40806204699634,12100,0.0,1.0
2004-01-28,18.51,18.89,18.43,18.55,4.47806960415017,17200,0.0,1.0
2004-01-27,18.7,19.0,18.0,18.8,4.53842094652416,16700,0.0,1.0
2004-01-26,17.74,18.62,17.74,18.619,4.49472657464539,20200,0.0,1.0
2004-01-23,16.6,18.35,16.55,18.11,4.37185124157194,53900,0.0,1.0
2004-01-22,16.49,16.6,16.48,16.48,3.97836048929352,1200,0.0,1.0
2004-01-21,16.3,16.45,16.3,16.41,3.9614621134288,1500,0.0,1.0
2004-01-20,16.151,16.45,16.151,16.4,3.95904805973384,2900,0.0,1.0
2004-01-16,15.99,16.3,15.99,16.3,3.93490752278424,6000,0.0,1.0
2004-01-15,15.94,16.0,15.771,15.99,3.8600718582405,2800,0.0,1.0
2004-01-14,15.87,16.0,15.851,15.851,3.82651651188056,1800,0.0,1.0
2004-01-13,15.99,16.0,15.88,15.99,3.8600718582405,3000,0.0,1.0
2004-01-12,15.99,15.99,15.75,15.85,3.82627510651106,4500,0.0,1.0
2004-01-09,15.68,15.78,15.51,15.78,3.80937673064634,11500,0.0,1.0
2004-01-08,15.8,15.851,15.75,15.75,3.80213456956146,8100,0.0,1.0
2004-01-07,15.99,16.0,15.85,15.85,3.82627510651106,8900,0.0,1.0
2004-01-06,15.751,16.0,15.75,15.99,3.8600718582405,5900,0.0,1.0
2004-01-05,15.5,15.929,15.5,15.76,3.80454862325642,2300,0.0,1.0
2004-01-02,15.51,15.99,15.51,15.56,3.75626754935723,8500,0.0,1.0
2003-12-31,15.79,16.0,15.56,15.967,3.85451953474209,4300,0.0,1.0
2003-12-30,15.51,16.05,15.51,16.01,3.86489996563042,10200,0.075,1.0
2003-12-29,15.47,16.04,15.47,16.0,3.84447618589286,8400,0.0,1.0
2003-12-26,15.58,15.89,15.58,15.69,3.76998945979119,1500,0.0,1.0
2003-12-24,15.87,15.87,15.82,15.82,3.80122582880156,300,0.0,1.0
2003-12-23,15.88,15.88,15.86,15.86,3.8108370192663,1800,0.0,1.0
2003-12-22,15.85,15.94,15.3,15.3,3.67628035276005,4600,0.0,1.0
2003-12-19,15.9,16.03,15.8,15.9,3.82044820973103,4600,0.0,1.0
2003-12-18,15.0,15.75,14.8,15.75,3.78440624548828,27500,0.0,1.0
2003-12-17,16.43,16.43,14.9,15.25,3.66426636467913,27800,0.0,1.0
2003-12-16,16.5,16.82,15.75,15.75,3.78440624548828,17900,0.0,1.0
2003-12-15,16.99,16.99,16.82,16.82,4.04150559041987,1200,0.0,1.0
2003-12-12,17.0,17.0,16.75,16.93,4.06793636419788,1400,0.0,1.0
2003-12-11,16.8,16.8,16.8,16.8,4.0366999951875,600,0.0,1.0
2003-12-10,16.87,16.87,16.79,16.79,4.03429719757132,1300,0.0,1.0
2003-12-09,16.65,16.69,16.65,16.69,4.01026922140949,1500,0.0,1.0
2003-12-08,16.95,17.01,16.68,16.68,4.00786642379331,6500,0.0,1.0
2003-12-05,17.1,17.14,17.0,17.12,4.11358951890536,6100,0.0,1.0
2003-12-04,17.49,17.7,17.25,17.25,4.14482588791574,12200,0.0,1.0
2003-12-03,17.26,17.26,17.25,17.26,4.14722868553192,1800,0.0,1.0
2003-12-02,17.001,17.2,16.91,17.2,4.13281189983482,6000,0.0,1.0
2003-12-01,16.99,17.55,16.85,17.2,4.13281189983482,9300,0.0,1.0
2003-11-28,16.35,16.79,16.35,16.79,4.03429719757132,600,0.0,1.0
2003-11-26,16.32,16.569,16.3,16.41,3.94299088815636,1500,0.0,1.0
2003-11-25,16.16,16.91,16.05,16.79,4.03429719757132,6700,0.0,1.0
2003-11-24,16.5,16.55,16.36,16.36,3.93097690007545,1000,0.0,1.0
2003-11-21,15.99,16.38,15.99,16.38,3.93578249530781,7600,0.0,1.0
2003-11-20,16.41,16.45,16.33,16.33,3.9237685072269,4000,0.0,1.0
2003-11-19,16.73,16.73,16.27,16.361,3.93121717983707,2500,0.0,1.0
2003-11-18,16.53,16.53,16.2,16.4,3.94058809054018,14100,0.0,1.0
2003-11-17,16.53,16.531,16.53,16.531,3.97206473931218,800,0.0,1.0
2003-11-14,16.94,16.94,16.11,16.64,3.99825523332857,4400,0.0,1.0
2003-11-13,16.261,16.51,16.25,16.51,3.96701886431819,6700,0.0,1.0
2003-11-12,16.21,16.329,16.21,16.329,3.92352822746528,800,0.0,1.0
2003-11-11,16.0,16.4,15.85,16.4,3.94058809054018,10100,0.0,1.0
2003-11-10,16.14,16.14,15.98,16.1,3.86850416205469,5900,0.0,1.0
2003-11-07,16.001,16.14,15.831,16.07,3.86129576920614,2300,0.0,1.0
2003-11-06,16.0,16.14,15.99,16.14,3.87811535251942,3900,0.0,1.0
2003-11-05,16.01,16.15,16.0,16.15,3.8805181501356,2600,0.0,1.0
2003-11-04,16.36,16.36,16.0,16.1,3.86850416205469,3300,0.0,1.0
2003-11-03,16.08,16.37,15.97,15.97,3.83726779304431,5100,0.0,1.0
2003-10-31,16.16,16.21,16.0,16.08,3.86369856682232,8100,0.0,1.0
2003-10-30,16.17,16.211,16.17,16.211,3.89517521559432,400,0.0,1.0
2003-10-29,15.96,16.28,15.96,16.24,3.90214332868125,12600,0.0,1.0
2003-10-28,16.19,16.2,16.15,16.2,3.89253213821652,3800,0.0,1.0
2003-10-27,15.96,16.15,15.96,16.15,3.8805181501356,7400,0.0,1.0
2003-10-24,16.28,16.28,16.01,16.01,3.84687898350904,12200,0.0,1.0
2003-10-23,16.2,16.28,15.5,16.28,3.91175451914598,24000,0.0,1.0
2003-10-22,16.1,16.25,15.87,16.1,3.86850416205469,5600,0.0,1.0
2003-10-21,15.87,16.12,15.87,16.05,3.85649017397377,7800,0.0,1.0
2003-10-20,15.93,16.0,15.75,15.99,3.84207338827668,1800,0.0,1.0
2003-10-17,15.75,16.0,15.5,16.0,3.84447618589286,4000,0.0,1.0
2003-10-16,16.0,16.109,15.751,16.109,3.87066667990926,4700,0.0,1.0
2003-10-15,15.96,16.1,15.92,16.0,3.84447618589286,9300,0.0,1.0
2003-10-14,15.71,15.8,15.7,15.8,3.7964202335692,1300,0.0,1.0
2003-10-13,15.81,15.81,15.8,15.8,3.7964202335692,1600,0.0,1.0
2003-10-10,15.8,15.9,15.71,15.73,3.77960065025592,2300,0.0,1.0
2003-10-09,15.825,15.96,15.7,15.949,3.83222191805033,4700,0.0,1.0
2003-10-08,15.79,15.94,15.68,15.77,3.78921184072065,9000,0.0,1.0
2003-10-07,15.519,15.79,15.25,15.79,3.79401743595302,11200,0.0,1.0
2003-10-06,15.1,15.6,15.1,15.6,3.74836428124554,6800,0.0,1.0
2003-10-03,15.12,15.51,15.12,15.51,3.72673910269989,30500,0.0,1.0
2003-10-02,15.25,15.3,15.11,15.24,3.66186356706295,11500,0.0,1.0
2003-10-01,15.25,15.25,15.11,15.11,3.63062719805257,5700,0.0,1.0
2003-09-30,15.25,15.25,15.24,15.24,3.66186356706295,400,0.0,1.0
2003-09-29,14.25,15.35,14.25,15.34,3.68589154322478,6900,0.07,1.0
2003-09-26,15.25,15.25,15.07,15.07,3.60456752475,7900,0.0,1.0
2003-09-25,15.25,15.26,15.14,15.237,3.64451196911849,22700,0.0,1.0
2003-09-24,14.81,15.25,14.81,15.25,3.6476214168837,4700,0.0,1.0
2003-09-23,15.21,15.25,15.169,15.169,3.62824716542354,4000,0.0,1.0
2003-09-22,15.25,15.25,14.65,15.15,3.62370258792053,42600,0.0,1.0
2003-09-19,15.2,15.32,15.05,15.32,3.66436459715792,4400,0.0,1.0
2003-09-18,15.04,15.179,14.62,15.179,3.63063904831985,7600,0.0,1.0
2003-09-17,14.31,15.01,14.31,14.899,3.56366632722297,10300,0.0,1.0
2003-09-16,14.2,14.84,14.2,14.78,3.5352029207568,8600,0.0,1.0
2003-09-15,14.38,14.42,14.3,14.31,3.42278442462989,1800,0.0,1.0
2003-09-12,14.38,14.58,14.31,14.37,3.43713572200779,7900,0.0,1.0
2003-09-11,14.1,14.39,14.1,14.31,3.42278442462989,5800,0.0,1.0
2003-09-10,14.07,14.3,14.0,14.2,3.3964737127704,5400,0.0,1.0
2003-09-09,14.0,14.17,14.0,14.07,3.36537923511828,7900,0.0,1.0
2003-09-08,13.42,14.25,13.42,14.03,3.35581170353301,17400,0.0,1.0
2003-09-05,13.5,13.56,13.4,13.4,3.20512308106503,7000,0.0,1.0
2003-09-04,13.5,13.5,13.44,13.48,3.22425814423556,2400,0.0,1.0
2003-09-03,13.31,13.5,13.31,13.49,3.22665002713188,11800,0.0,1.0
2003-09-02,13.42,13.43,13.3,13.43,3.21229872975398,600,0.0,1.0
2003-08-29,13.311,13.5,13.311,13.5,3.2290419100282,300,0.0,1.0
2003-08-28,13.26,13.43,13.26,13.43,3.21229872975398,800,0.0,1.0
2003-08-27,13.448,13.448,13.428,13.428,3.21182035317471,1500,0.0,1.0
2003-08-26,13.34,13.48,13.34,13.48,3.22425814423556,300,0.0,1.0
2003-08-25,13.31,13.41,13.31,13.41,3.20751496396134,2300,0.0,1.0
2003-08-22,13.3,13.48,13.3,13.4,3.20512308106503,800,0.0,1.0
2003-08-21,13.35,13.48,13.35,13.43,3.21229872975398,3200,0.0,1.0
2003-08-20,13.39,13.39,13.3,13.39,3.20273119816871,2900,0.0,1.0
2003-08-19,13.3,13.311,13.3,13.311,3.1838353232878,1800,0.0,1.0
2003-08-18,13.39,13.39,13.31,13.354,3.19412041974197,4400,0.0,1.0
2003-08-15,13.35,13.4,13.35,13.4,3.20512308106503,3300,0.0,1.0
2003-08-14,13.35,13.38,13.35,13.35,3.19316366658344,3600,0.0,1.0
2003-08-13,13.35,13.361,13.35,13.36,3.19555554947976,400,0.0,1.0
2003-08-12,13.36,13.39,13.3,13.36,3.19555554947976,7500,0.0,1.0
2003-08-11,13.31,13.379,13.3,13.379,3.20010012698276,1000,0.0,1.0
2003-08-08,13.1,13.33,13.1,13.29,3.17881236920554,2700,0.0,1.0
2003-08-07,13.06,13.39,13.06,13.251,3.1694840259099,4400,0.0,1.0
2003-08-06,13.12,13.12,13.12,13.12,3.13815035996814,100,0.0,1.0
2003-08-05,13.19,13.39,13.19,13.39,3.20273119816871,1300,0.0,1.0
2003-08-04,13.05,13.25,13.05,13.2,3.15728542313868,4300,0.0,1.0
2003-08-01,13.1,13.29,13.01,13.21,3.159677306035,2500,0.0,1.0
2003-07-31,13.4,13.4,13.11,13.11,3.13575847707183,1200,0.0,1.0
2003-07-30,13.34,13.48,13.15,13.44,3.21469061265029,15800,0.0,1.0
2003-07-29,13.34,13.47,13.34,13.35,3.19316366658344,1700,0.0,1.0
2003-07-28,13.13,13.459,13.13,13.35,3.19316366658344,7300,0.0,1.0
2003-07-25,13.25,13.32,13.25,13.25,3.16924483762027,1600,0.0,1.0
2003-07-24,13.21,13.329,13.21,13.26,3.17163672051658,800,0.0,1.0
2003-07-23,13.21,13.41,13.2,13.21,3.159677306035,2400,0.0,1.0
2003-07-22,13.1,13.489,13.1,13.3,3.18120425210185,4600,0.0,1.0
2003-07-21,13.16,13.201,13.16,13.2,3.15728542313868,4100,0.0,1.0
2003-07-18,13.3,13.34,13.15,13.16,3.14771789155341,4000,0.0,1.0
2003-07-17,13.1,13.2,13.1,13.13,3.14054224286446,5000,0.0,1.0
2003-07-16,13.12,13.19,13.12,13.18,3.15250165734605,1000,0.0,1.0
2003-07-15,13.12,13.17,13.12,13.17,3.15010977444973,1200,0.0,1.0
2003-07-14,13.17,13.19,13.17,13.19,3.15489354024236,700,0.0,1.0
2003-07-11,13.44,13.44,13.12,13.17,3.15010977444973,2900,0.0,1.0
2003-07-10,13.1,13.3,13.1,13.16,3.14771789155341,6500,0.0,1.0
2003-07-09,13.28,13.29,13.15,13.23,3.16446107182763,11200,0.0,1.0
2003-07-08,13.22,13.25,13.2,13.22,3.16206918893132,8100,0.0,1.0
2003-07-07,13.17,13.29,13.17,13.2,3.15728542313868,10000,0.0,1.0
2003-07-03,13.25,13.25,13.1,13.25,3.16924483762027,3300,0.0,1.0
2003-07-02,12.68,13.33,12.68,13.21,3.159677306035,13900,0.0,1.0
2003-07-01,12.25,12.77,12.25,12.75,3.04965069280441,6000,0.0,1.0
2003-06-30,13.0,13.049,12.235,12.25,2.93005654798855,42800,0.0,1.0
2003-06-27,12.83,13.18,12.83,12.98,3.1046639994197,2200,0.07,1.0
2003-06-26,13.185,13.37,13.051,13.34,3.17365653274014,2900,0.0,1.0
2003-06-25,13.06,13.189,13.05,13.05,3.1046639994197,3200,0.0,1.0
2003-06-24,12.99,13.21,12.95,13.13,3.12369642240465,4600,0.0,1.0
2003-06-23,13.06,13.06,13.0,13.05,3.1046639994197,1100,0.0,1.0
2003-06-20,13.0,13.05,12.97,13.0,3.09276873505411,9100,0.0,1.0
2003-06-19,13.1,13.1,12.93,12.93,3.07611536494228,1000,0.0,1.0
2003-06-18,12.81,13.04,12.8,13.04,3.10228494654658,11900,0.0,1.0
2003-06-17,13.1,13.19,12.75,13.119,3.12107946424422,29700,0.0,1.0
2003-06-16,13.08,13.13,13.01,13.1,3.1165592637853,4400,0.0,1.0
2003-06-13,13.0,13.03,13.0,13.03,3.09990589367347,4600,0.0,1.0
2003-06-12,13.06,13.1,12.99,13.0,3.09276873505411,3600,0.0,1.0
2003-06-11,12.87,13.06,12.87,13.0,3.09276873505411,7400,0.0,1.0
2003-06-10,12.95,13.01,12.9,12.97,3.08563157643475,5300,0.0,1.0
2003-06-09,12.9,13.08,12.9,13.0,3.09276873505411,14300,0.0,1.0
2003-06-06,12.96,13.0,12.95,13.0,3.09276873505411,4800,0.0,1.0
2003-06-05,12.93,12.99,12.93,12.95,3.08087347068852,7600,0.0,1.0
2003-06-04,13.07,13.07,12.95,12.99,3.09038968218099,9900,0.0,1.0
2003-06-03,12.91,12.97,12.91,12.91,3.07135725919604,1700,0.0,1.0
2003-06-02,12.95,12.961,12.9,12.91,3.07135725919604,10400,0.0,1.0
2003-05-30,12.75,13.141,12.75,13.139,3.12583756999046,5500,0.0,1.0
2003-05-29,12.75,12.8,12.65,12.8,3.04518767759174,2700,0.0,1.0
2003-05-28,12.66,12.69,12.65,12.66,3.01188093736808,28300,0.0,1.0
2003-05-27,12.81,12.81,12.66,12.68,3.01663904311432,3900,0.0,1.0
2003-05-23,12.65,12.769,12.65,12.66,3.01188093736808,6800,0.0,1.0
2003-05-22,12.65,12.69,12.65,12.65,3.00950188449496,4100,0.0,1.0
2003-05-21,12.65,12.8,12.65,12.75,3.03329241322615,5700,0.0,1.0
2003-05-20,12.66,12.66,12.66,12.66,3.01188093736808,200,0.0,1.0
2003-05-19,12.84,12.84,12.65,12.73,3.02853430747991,2800,0.0,1.0
2003-05-16,12.73,12.92,12.65,12.86,3.05946199483045,23700,0.0,1.0
2003-05-15,12.65,12.69,12.6,12.67,3.0142599902412,7500,0.0,1.0
2003-05-14,12.57,12.65,12.53,12.65,3.00950188449496,1900,0.0,1.0
2003-05-13,12.45,12.46,12.4,12.46,2.96429987990571,8000,0.0,1.0
2003-05-12,12.5,12.6,12.4,12.41,2.95240461554012,6300,0.0,1.0
2003-05-09,12.22,12.6,12.18,12.51,2.9761951442713,14700,0.0,1.0
2003-05-08,12.0,12.25,11.95,12.13,2.8857911350928,29900,0.0,1.0
2003-05-07,11.81,12.06,11.81,11.95,2.84296818337666,16200,0.0,1.0
2003-05-06,11.82,11.95,11.75,11.88,2.82631481326483,9500,0.0,1.0
2003-05-05,11.7,11.95,11.52,11.81,2.809661443153,95500,0.0,1.0
2003-05-02,11.65,11.75,11.65,11.73,2.79062902016806,50200,0.0,1.0
2003-05-01,11.59,11.75,11.59,11.65,2.77159659718311,43400,0.0,1.0
2003-04-30,11.73,11.78,11.53,11.58,2.75494322707128,35300,0.0,1.0
2003-04-29,12.58,12.58,11.65,11.74,2.79300807304117,26800,0.0,1.0
2003-04-28,12.7,12.7,12.5,12.5,2.97381609139818,11600,0.0,1.0
2003-04-25,13.1,13.1,12.6,12.7,3.02139714886055,7800,0.0,1.0
2003-04-24,12.969,13.0,12.8,12.99,3.09038968218099,5300,0.0,1.0
2003-04-23,13.15,13.18,12.81,12.9,3.06897820632292,25800,0.0,1.0
2003-04-22,13.29,13.35,13.2,13.2,3.14034979251648,35700,0.0,1.0
2003-04-21,13.38,13.38,13.34,13.35,3.17603558561326,5700,0.0,1.0
2003-04-17,13.35,13.35,13.31,13.35,3.17603558561326,6100,0.0,1.0
2003-04-16,13.4,13.4,13.35,13.353,3.1767493014752,7700,0.0,1.0
2003-04-15,13.09,13.4,13.09,13.4,3.18793084997885,11500,0.0,1.0
2003-04-14,12.96,13.08,12.96,13.0,3.09276873505411,14800,0.0,1.0
2003-04-11,13.0,13.0,13.0,13.0,3.09276873505411,2100,0.0,1.0
2003-04-10,13.0,13.0,12.97,13.0,3.09276873505411,4100,0.0,1.0
2003-04-09,13.0,13.0,12.97,12.97,3.08563157643475,4000,0.0,1.0
2003-04-08,12.9,12.99,12.9,12.99,3.09038968218099,18200,0.0,1.0
2003-04-07,12.91,13.0,12.91,12.91,3.07135725919604,400,0.0,1.0
2003-04-04,12.95,12.95,12.87,12.95,3.08087347068852,14800,0.0,1.0
2003-04-03,12.87,12.93,12.85,12.85,3.05708294195733,11100,0.0,1.0
2003-04-02,12.89,12.9,12.89,12.89,3.06659915344981,4500,0.0,1.0
2003-04-01,12.85,12.89,12.85,12.85,3.05708294195733,900,0.0,1.0
2003-03-31,12.76,12.9,12.76,12.79,3.04280862471862,2300,0.0,1.0
2003-03-28,12.8,12.93,12.8,12.83,3.0523248362111,2100,0.07,1.0
2003-03-27,12.9,12.93,12.84,12.84,3.03812797650779,6300,0.0,1.0
2003-03-26,12.57,13.0,12.57,12.93,3.05942326606275,21600,0.0,1.0
2003-03-25,12.51,12.55,12.45,12.55,2.96950982127514,10200,0.0,1.0
2003-03-24,12.78,12.78,12.45,12.53,2.96477753470737,9200,0.0,1.0
2003-03-21,12.45,12.74,12.45,12.63,2.98843896754621,3800,0.0,1.0
2003-03-20,12.45,12.83,12.4,12.83,3.0357618332239,5600,0.0,1.0
2003-03-19,12.84,12.84,12.4,12.47,2.95058067500406,7400,0.0,1.0
2003-03-18,12.93,12.94,12.85,12.85,3.04049411979167,4900,0.0,1.0
2003-03-17,12.99,12.99,12.94,12.95,3.06415555263052,3700,0.0,1.0
2003-03-14,12.99,13.0,12.99,12.99,3.07362012576606,2400,0.0,1.0
2003-03-13,12.99,13.0,12.79,12.98,3.07125398248217,23700,0.0,1.0
2003-03-12,12.81,13.0,12.8,12.97,3.06888783919829,27900,0.0,1.0
2003-03-11,12.99,12.99,12.75,12.85,3.04049411979167,2800,0.0,1.0
2003-03-10,12.92,12.97,12.85,12.91,3.05469097949498,6300,0.0,1.0
2003-03-07,12.96,12.99,12.9,12.91,3.05469097949498,6800,0.0,1.0
2003-03-06,12.95,12.95,12.92,12.95,3.06415555263052,800,0.0,1.0
2003-03-05,12.94,12.99,12.94,12.99,3.07362012576606,1400,0.0,1.0
2003-03-04,12.91,12.94,12.91,12.92,3.05705712277886,600,0.0,1.0
2003-03-03,12.94,12.99,12.91,12.98,3.07125398248217,7300,0.0,1.0
2003-02-28,12.91,12.93,12.9,12.9,3.0523248362111,2800,0.0,1.0
2003-02-27,12.96,12.96,12.96,12.96,3.0665216959144,20400,0.0,1.0
2003-02-26,12.95,12.99,12.9,12.98,3.07125398248217,22600,0.0,1.0
2003-02-25,12.95,12.98,12.95,12.98,3.07125398248217,2400,0.0,1.0
2003-02-24,12.91,12.91,12.91,12.91,3.05469097949498,800,0.0,1.0
2003-02-21,12.98,12.98,12.9,12.91,3.05469097949498,5800,0.0,1.0
2003-02-20,12.93,12.93,12.9,12.92,3.05705712277886,6500,0.0,1.0
2003-02-19,12.99,12.99,12.92,12.92,3.05705712277886,1100,0.0,1.0
2003-02-18,12.99,13.0,12.96,12.96,3.0665216959144,4300,0.0,1.0
2003-02-14,12.95,13.0,12.9,12.97,3.06888783919829,11300,0.0,1.0
2003-02-13,12.91,12.91,12.89,12.91,3.05469097949498,12100,0.0,1.0
2003-02-12,12.9,12.91,12.89,12.9,3.0523248362111,3400,0.0,1.0
2003-02-11,12.86,12.99,12.86,12.91,3.05469097949498,14500,0.0,1.0
2003-02-10,12.89,12.95,12.86,12.86,3.04286026307556,2300,0.0,1.0
2003-02-07,12.92,12.96,12.85,12.89,3.04995869292721,4600,0.0,1.0
2003-02-06,12.97,12.97,12.88,12.92,3.05705712277886,2200,0.0,1.0
2003-02-05,12.98,12.98,12.7,12.97,3.06888783919829,15000,0.0,1.0
2003-02-04,12.65,12.95,12.65,12.94,3.06178940934663,6600,0.0,1.0
2003-02-03,12.69,12.93,12.32,12.9,3.0523248362111,26700,0.0,1.0
2003-01-31,12.5,12.85,12.25,12.84,3.03812797650779,16400,0.0,1.0
2003-01-30,12.67,12.8,12.67,12.7,3.0050019705334,13200,0.0,1.0
2003-01-29,12.71,12.71,12.65,12.68,3.00026968396563,10300,0.0,1.0
2003-01-28,12.71,12.71,12.65,12.68,3.00026968396563,5200,0.0,1.0
2003-01-27,12.67,12.7,12.67,12.7,3.0050019705334,900,0.0,1.0
2003-01-24,12.66,12.7,12.66,12.7,3.0050019705334,1800,0.0,1.0
2003-01-23,12.65,12.66,12.65,12.66,2.99553739739787,600,0.0,1.0
2003-01-22,12.64,12.71,12.64,12.66,2.99553739739787,2500,0.0,1.0
2003-01-21,12.69,12.69,12.6,12.6,2.98134053769456,300,0.0,1.0
2003-01-17,12.89,12.89,12.6,12.63,2.98843896754621,6900,0.0,1.0
2003-01-16,12.66,12.75,12.62,12.62,2.98607282426233,2200,0.0,1.0
2003-01-15,12.65,12.69,12.64,12.69,3.00263582724952,700,0.0,1.0
2003-01-14,12.7,12.7,12.55,12.685,3.00145275560758,13100,0.0,1.0
2003-01-13,12.85,12.92,12.76,12.78,3.02393111680448,10100,0.0,1.0
2003-01-10,12.76,12.85,12.76,12.84,3.03812797650779,1300,0.0,1.0
2003-01-09,12.72,12.9,12.72,12.73,3.01210040038506,3900,0.0,1.0
2003-01-08,12.9,12.9,12.9,12.9,3.0523248362111,1000,0.0,1.0
2003-01-07,12.9,12.96,12.83,12.96,3.0665216959144,1700,0.0,1.0
2003-01-06,12.86,12.86,12.64,12.64,2.9908051108301,600,0.0,1.0
2003-01-03,12.81,12.9,12.61,12.9,3.0523248362111,700,0.0,1.0
2003-01-02,12.9,12.9,12.59,12.73,3.01210040038506,400,0.0,1.0
2002-12-31,12.62,12.7,12.4,12.7,3.0050019705334,10300,0.0,1.0
2002-12-30,12.55,12.63,12.25,12.54,2.96714367799125,5300,0.07,1.0
2002-12-27,12.67,12.78,12.63,12.65,2.97655571186275,2600,0.0,1.0
2002-12-26,12.6,12.64,12.6,12.6,2.96479066952338,700,0.0,1.0
2002-12-24,12.51,12.65,12.5,12.65,2.97655571186275,1200,0.0,1.0
2002-12-23,12.51,12.55,12.46,12.55,2.953025627184,7400,0.0,1.0
2002-12-20,13.0,13.0,12.53,12.6,2.96479066952338,25200,0.0,1.0
2002-12-19,11.39,13.0,11.38,12.67,2.98126172879851,44400,0.0,1.0
2002-12-18,12.45,12.45,12.43,12.44,2.92714253403736,2100,0.0,1.0
2002-12-17,12.62,12.62,12.47,12.54,2.95067261871612,3800,0.0,1.0
2002-12-16,12.79,12.79,12.62,12.62,2.96949668645913,5600,0.0,1.0
2002-12-13,12.79,12.79,12.75,12.75,3.00008579654151,2100,0.0,1.0
2002-12-12,12.9,12.92,12.75,12.75,3.00008579654151,12000,0.0,1.0
2002-12-11,12.85,12.95,12.75,12.91,3.03773393202752,34800,0.0,1.0
2002-12-10,12.15,12.76,12.15,12.76,3.00243880500939,8200,0.0,1.0
2002-12-09,12.47,12.94,12.11,12.17,2.86361130540472,16600,0.0,1.0
2002-12-06,12.06,12.4,12.06,12.4,2.91773050016586,8900,0.0,1.0
2002-12-05,12.04,12.06,12.0,12.06,2.83772821225809,28400,0.0,1.0
2002-12-04,12.07,12.14,11.95,12.0,2.82361016145083,29200,0.0,1.0
2002-12-03,11.96,12.0,11.96,12.0,2.82361016145083,3300,0.0,1.0
2002-12-02,11.96,12.0,11.95,12.0,2.82361016145083,5200,0.0,1.0
2002-11-29,11.95,12.0,11.95,11.96,2.81419812757933,400,0.0,1.0
2002-11-27,12.0,12.01,11.95,12.0,2.82361016145083,7300,0.0,1.0
2002-11-26,12.0,12.0,12.0,12.0,2.82361016145083,5700,0.0,1.0
2002-11-25,12.0,12.0,11.97,11.97,2.81655113604721,4100,0.0,1.0
2002-11-22,11.99,12.0,11.96,12.0,2.82361016145083,5300,0.0,1.0
2002-11-21,11.8,12.0,11.8,11.96,2.81419812757933,3300,0.0,1.0
2002-11-20,11.99,12.0,11.95,11.99,2.82125715298296,8600,0.0,1.0
2002-11-19,11.97,12.0,11.97,12.0,2.82361016145083,2200,0.0,1.0
2002-11-18,12.04,12.04,11.98,12.0,2.82361016145083,23300,0.0,1.0
2002-11-15,11.95,12.0,11.95,12.0,2.82361016145083,14200,0.0,1.0
2002-11-14,11.95,12.0,11.95,12.0,2.82361016145083,2200,0.0,1.0
2002-11-13,11.96,12.0,11.96,12.0,2.82361016145083,2200,0.0,1.0
2002-11-12,12.0,12.0,11.95,12.0,2.82361016145083,21100,0.0,1.0
2002-11-11,12.15,12.15,12.0,12.0,2.82361016145083,20300,0.0,1.0
2002-11-08,11.97,12.0,11.95,11.95,2.81184511911145,37600,0.0,1.0
2002-11-07,12.0,12.0,11.96,11.99,2.82125715298296,16200,0.0,1.0
2002-11-06,12.14,12.14,11.99,12.05,2.83537520379021,22400,0.0,1.0
2002-11-05,11.95,12.0,11.95,11.98,2.81890414451508,6300,0.0,1.0
2002-11-04,12.06,12.1,11.98,12.0,2.82361016145083,10600,0.0,1.0
2002-11-01,11.91,12.1,11.87,12.02,2.82831617838658,26400,0.0,1.0
2002-10-31,11.91,11.91,11.87,11.87,2.79302105136845,4300,0.0,1.0
2002-10-30,11.95,11.98,11.95,11.95,2.81184511911145,2900,0.0,1.0
2002-10-29,11.91,11.99,11.9,11.98,2.81890414451508,16900,0.0,1.0
2002-10-28,11.9,11.99,11.89,11.99,2.82125715298296,2300,0.0,1.0
2002-10-25,11.9,11.94,11.61,11.94,2.80949211064358,15800,0.0,1.0
2002-10-24,12.1,12.16,11.86,11.9,2.80008007677208,2500,0.0,1.0
2002-10-23,11.85,12.27,11.85,12.15,2.85890528846897,3000,0.0,1.0
2002-10-22,12.05,12.05,11.85,11.85,2.7883150344327,4200,0.0,1.0
2002-10-21,11.86,12.39,11.85,11.85,2.7883150344327,2700,0.0,1.0
2002-10-18,11.81,12.1,11.8,11.96,2.81419812757933,6100,0.0,1.0
2002-10-17,12.08,12.21,11.96,12.0,2.82361016145083,2500,0.0,1.0
2002-10-16,11.96,12.2,11.7,12.2,2.87067033080835,6800,0.0,1.0
2002-10-15,12.1,12.38,12.0,12.0,2.82361016145083,9200,0.0,1.0
2002-10-14,12.11,12.11,12.11,12.11,2.84949325459747,1500,0.0,1.0
2002-10-11,12.31,12.8,12.0,12.08,2.84243422919384,7800,0.0,1.0
2002-10-10,12.55,12.7,11.95,12.55,2.953025627184,10300,0.0,1.0
2002-10-09,12.51,12.74,12.51,12.51,2.94361359331249,4000,0.0,1.0
2002-10-08,12.67,12.7,12.55,12.7,2.98832075420213,4800,0.0,1.0
2002-10-07,12.66,12.74,12.51,12.74,2.99773278807363,5000,0.0,1.0
2002-10-04,12.75,12.75,12.67,12.67,2.98126172879851,2100,0.0,1.0
2002-10-03,12.71,12.71,12.7,12.7,2.98832075420213,1300,0.0,1.0
2002-10-02,12.85,12.85,12.71,12.71,2.99067376267001,2400,0.0,1.0
2002-10-01,12.7,12.76,12.6,12.75,3.00008579654151,177800,0.0,1.0
2002-09-30,12.69,12.7,12.69,12.7,2.98832075420213,300,0.0,1.0
2002-09-27,12.69,12.69,12.69,12.69,2.98596774573426,100,0.065,1.0
2002-09-26,12.69,12.69,12.69,12.69,2.97075113236909,500,0.0,1.0
2002-09-25,12.68,12.95,12.68,12.7,2.97309214980988,24100,0.0,1.0
2002-09-24,12.68,12.68,12.68,12.68,2.96841011492829,4500,0.0,1.0
2002-09-23,12.73,12.73,12.73,12.73,2.98011520213227,0,0.0,1.0
2002-09-20,12.68,12.74,12.68,12.74,2.98245621957306,2000,0.0,1.0
2002-09-19,12.68,12.75,12.68,12.68,2.96841011492829,16600,0.0,1.0
2002-09-18,12.7,12.7,12.68,12.68,2.96841011492829,5600,0.0,1.0
2002-09-17,12.71,12.71,12.71,12.71,2.97543316725068,100,0.0,1.0
2002-09-16,12.75,12.92,12.68,12.7,2.97309214980988,5900,0.0,1.0
2002-09-13,12.7,12.8,12.68,12.75,2.98479723701386,9300,0.0,1.0
2002-09-12,12.7,12.99,12.7,12.99,3.04098165559294,600,0.0,1.0
2002-09-11,12.98,13.0,12.98,13.0,3.04332267303374,900,0.0,1.0
2002-09-10,13.0,13.0,12.69,12.69,2.97075113236909,1100,0.0,1.0
2002-09-09,12.9,12.9,12.69,12.69,2.97075113236909,400,0.0,1.0
2002-09-06,12.68,12.89,12.68,12.8,2.99650232421784,14800,0.0,1.0
2002-09-05,12.7,12.7,12.69,12.69,2.97075113236909,1700,0.0,1.0
2002-09-04,13.0,13.0,13.0,13.0,3.04332267303374,0,0.0,1.0
2002-09-03,12.9,13.0,12.85,13.0,3.04332267303374,2400,0.0,1.0
2002-08-30,12.7,12.9,12.7,12.9,3.01991249862579,3000,0.0,1.0
2002-08-29,12.7,12.72,12.69,12.69,2.97075113236909,1800,0.0,1.0
2002-08-28,12.7,12.71,12.7,12.71,2.97543316725068,300,0.0,1.0
2002-08-27,12.96,12.99,12.69,12.85,3.00820741142181,2400,0.0,1.0
2002-08-26,12.75,12.84,12.68,12.83,3.00352537654022,2100,0.0,1.0
2002-08-23,12.84,12.84,12.76,12.76,2.98713825445465,700,0.0,1.0
2002-08-22,13.09,13.09,12.85,12.85,3.00820741142181,600,0.0,1.0
2002-08-21,13.07,13.07,12.75,13.0,3.04332267303374,9200,0.0,1.0
2002-08-20,12.95,12.95,12.88,12.95,3.03161758582976,11500,0.0,1.0
2002-08-19,13.0,13.1,12.95,12.95,3.03161758582976,4100,0.0,1.0
2002-08-16,12.8,13.09,12.75,13.0,3.04332267303374,29200,0.0,1.0
2002-08-15,12.68,13.01,12.68,13.0,3.04332267303374,25600,0.0,1.0
2002-08-14,12.69,12.8,12.68,12.74,2.98245621957306,2400,0.0,1.0
2002-08-13,12.69,12.69,12.68,12.68,2.96841011492829,700,0.0,1.0
2002-08-12,12.75,12.75,12.68,12.75,2.98479723701386,3200,0.0,1.0
2002-08-09,12.99,12.99,12.68,12.68,2.96841011492829,6900,0.0,1.0
2002-08-08,13.0,13.0,12.9,12.9,3.01991249862579,4200,0.0,1.0
2002-08-07,13.0,13.11,12.99,13.0,3.04332267303374,39200,0.0,1.0
2002-08-06,13.13,13.13,12.7,13.0,3.04332267303374,21000,0.0,1.0
2002-08-05,13.22,13.22,12.68,12.7,2.97309214980988,15000,0.0,1.0
2002-08-02,12.91,13.15,12.69,13.06,3.05736877767851,51900,0.0,1.0
2002-08-01,12.95,13.0,12.82,13.0,3.04332267303374,6000,0.0,1.0
2002-07-31,12.6,12.95,12.6,12.95,3.03161758582976,8900,0.0,1.0
2002-07-30,12.57,13.0,12.57,12.66,2.9637280800467,3200,0.0,1.0
2002-07-29,12.9,12.99,12.65,12.65,2.96138706260591,5000,0.0,1.0
2002-07-26,12.8,12.8,12.8,12.8,2.99650232421784,200,0.0,1.0
2002-07-25,12.95,12.97,12.5,12.8,2.99650232421784,3800,0.0,1.0
2002-07-24,11.9,12.98,11.9,12.98,3.03864063815215,17800,0.0,1.0
2002-07-23,12.0,12.0,11.9,11.9,2.78581075454627,2500,0.0,1.0
2002-07-22,12.69,12.69,12.0,12.6,2.94968197540193,6400,0.0,1.0
2002-07-19,12.64,12.69,12.0,12.65,2.96138706260591,6900,0.0,1.0
2002-07-18,12.6,12.6,11.76,12.6,2.94968197540193,6700,0.0,1.0
2002-07-17,12.46,12.7,12.2,12.61,2.95202299284273,19300,0.0,1.0
2002-07-16,12.41,12.7,12.4,12.5,2.92627180099398,6700,0.0,1.0
2002-07-15,12.85,12.85,12.05,12.46,2.9169077312308,12500,0.0,1.0
2002-07-12,13.0,13.0,12.7,12.95,3.03161758582976,3500,0.0,1.0
2002-07-11,13.19,13.19,12.96,13.0,3.04332267303374,36800,0.0,1.0
2002-07-10,13.3,13.4,13.3,13.4,3.13696337066555,14400,0.0,1.0
2002-07-09,13.25,13.25,13.18,13.18,3.08546098696805,27600,0.0,1.0
2002-07-08,13.2,13.25,13.1,13.2,3.09014302184964,35100,0.0,1.0
2002-07-05,13.06,13.25,13.06,13.06,3.05736877767851,1400,0.0,1.0
2002-07-03,13.18,13.25,13.05,13.12,3.07141488232328,7300,0.0,1.0
2002-07-02,13.19,13.19,13.05,13.06,3.05736877767851,16800,0.0,1.0
2002-07-01,13.5,13.6,13.05,13.18,3.08546098696805,14100,0.0,1.0
2002-06-28,12.85,13.75,12.85,13.6,3.18378371948145,18500,0.0,1.0
2002-06-27,12.51,13.0,12.51,13.0,3.04332267303374,18100,0.065,1.0
2002-06-26,12.8,12.8,12.3,12.65,2.94665379363772,26300,0.0,1.0
2002-06-25,12.75,13.0,12.65,12.7,2.958300646577,7800,0.0,1.0
2002-06-24,13.17,13.2,12.75,12.78,2.97693561127985,17500,0.0,1.0
2002-06-21,13.15,13.24,13.15,13.15,3.06312232303051,50800,0.0,1.0
2002-06-20,13.25,13.3,13.2,13.25,3.08641602890907,13400,0.0,1.0
2002-06-19,13.25,13.45,13.2,13.25,3.08641602890907,43000,0.0,1.0
2002-06-18,13.01,13.45,12.97,13.2,3.07476917596979,54300,0.0,1.0
2002-06-17,12.99,13.08,12.91,13.08,3.04681672891552,43300,0.0,1.0
2002-06-14,12.81,12.95,12.81,12.9,3.00488805833412,14500,0.0,1.0
2002-06-13,12.85,12.9,12.81,12.81,2.98392372304341,16600,0.0,1.0
2002-06-12,12.95,13.1,12.61,12.84,2.99091183480698,12800,0.0,1.0
2002-06-11,12.49,12.98,12.3,12.82,2.98625309363127,34500,0.0,1.0
2002-06-10,12.51,12.99,12.3,12.35,2.87677267600204,23000,0.0,1.0
2002-06-07,12.75,13.15,12.5,12.6,2.93500694069844,40300,0.0,1.0
2002-06-06,12.84,13.2,12.75,13.15,3.06312232303051,52800,0.0,1.0
2002-06-05,12.8,12.8,12.7,12.75,2.96994749951628,3200,0.0,1.0
2002-06-04,12.6,12.95,12.51,12.7,2.958300646577,8700,0.0,1.0
2002-06-03,12.56,12.65,12.3,12.4,2.88841952894132,41900,0.0,1.0
2002-05-31,12.45,12.6,12.3,12.59,2.93267757011058,11000,0.0,1.0
2002-05-30,12.01,12.39,12.0,12.25,2.85347897012348,14000,0.0,1.0
2002-05-29,12.07,12.5,12.0,12.45,2.9000663818806,17700,0.0,1.0
2002-05-28,11.74,12.25,11.74,11.99,2.79291533483923,28100,0.0,1.0
2002-05-24,11.99,12.0,11.7,11.99,2.79291533483923,14100,0.0,1.0
2002-05-23,11.8,11.99,11.71,11.99,2.79291533483923,10000,0.0,1.0
2002-05-22,11.9,11.99,11.8,11.95,2.78359785248781,10800,0.0,1.0
2002-05-21,11.75,11.93,11.75,11.81,2.75098666425782,6700,0.0,1.0
2002-05-20,11.61,11.87,11.61,11.75,2.73701044073069,4700,0.0,1.0
2002-05-17,11.63,11.87,11.61,11.86,2.7626335171971,3400,0.0,1.0
2002-05-16,11.48,11.73,11.48,11.7,2.72536358779141,7500,0.0,1.0
2002-05-15,11.59,11.59,11.33,11.41,2.65781184074359,6900,0.0,1.0
2002-05-14,11.95,11.95,11.0,11.41,2.65781184074359,19700,0.0,1.0
2002-05-13,11.5,11.99,11.5,11.92,2.77660974072424,9000,0.0,1.0
2002-05-10,11.48,11.75,11.48,11.75,2.73701044073069,20300,0.0,1.0
2002-05-09,11.26,11.7,11.26,11.7,2.72536358779141,3300,0.0,1.0
2002-05-08,11.5,11.61,11.32,11.5,2.67877617603429,11900,0.0,1.0
2002-05-07,11.22,11.7,11.22,11.65,2.71371673485213,21800,0.0,1.0
2002-05-06,10.85,11.5,10.6,11.48,2.67411743485858,40000,0.0,1.0
2002-05-03,10.75,10.8,10.65,10.8,2.51572023488438,11700,0.0,1.0
2002-05-02,10.79,10.79,10.6,10.75,2.5040733819451,45900,0.0,1.0
2002-05-01,10.7,10.7,10.5,10.7,2.49242652900582,44600,0.0,1.0
2002-04-30,10.51,10.7,10.51,10.65,2.48077967606654,26400,0.0,1.0
2002-04-29,10.32,10.7,10.25,10.55,2.45748597018798,16600,0.0,1.0
2002-04-26,10.6,10.62,10.45,10.62,2.47379156430297,41400,0.0,1.0
2002-04-25,10.5,10.6,10.5,10.6,2.46913282312726,46100,0.0,1.0
2002-04-24,10.5,11.0,10.41,10.5,2.4458391172487,35600,0.0,1.0
2002-04-23,10.32,10.5,10.32,10.45,2.43419226430942,2100,0.0,1.0
2002-04-22,10.31,10.4,10.31,10.4,2.42254541137014,3700,0.0,1.0
2002-04-19,10.35,10.35,10.35,10.35,2.41089855843086,200,0.0,1.0
2002-04-18,10.3,10.31,10.3,10.31,2.40158107607944,400,0.0,1.0
2002-04-17,10.31,10.31,10.31,10.31,2.40158107607944,2100,0.0,1.0
2002-04-16,10.32,10.35,10.31,10.35,2.41089855843086,4300,0.0,1.0
2002-04-15,10.35,10.4,10.35,10.35,2.41089855843086,6900,0.0,1.0
2002-04-12,10.35,10.35,10.35,10.35,2.41089855843086,2200,0.0,1.0
2002-04-11,10.35,10.35,10.35,10.35,2.41089855843086,500,0.0,1.0
2002-04-10,10.3,10.3,10.3,10.3,2.39925170549158,4300,0.0,1.0
2002-04-09,10.25,10.3,10.25,10.3,2.39925170549158,1500,0.0,1.0
2002-04-08,10.27,10.27,10.26,10.26,2.38993422314016,1000,0.0,1.0
2002-04-05,10.32,10.37,10.32,10.35,2.41089855843086,2500,0.0,1.0
2002-04-04,10.27,10.27,10.27,10.27,2.39226359372801,12700,0.0,1.0
2002-04-03,10.32,10.32,10.2,10.2,2.37595799961302,3200,0.0,1.0
2002-04-02,10.12,10.33,10.12,10.28,2.39459296431587,17200,0.0,1.0
2002-04-01,10.25,10.25,10.2,10.2,2.37595799961302,1000,0.0,1.0
2002-03-28,10.23,10.25,10.21,10.21,2.37828737020088,6400,0.0,1.0
2002-03-27,10.28,10.28,10.28,10.28,2.39459296431587,200,0.065,1.0
2002-03-26,10.23,10.26,10.23,10.26,2.37491772004648,1600,0.0,1.0
2002-03-25,10.19,10.29,10.19,10.23,2.36797351618669,1500,0.0,1.0
2002-03-22,10.21,10.21,10.16,10.2,2.36102931232691,10100,0.0,1.0
2002-03-21,10.3,10.3,10.15,10.25,2.37260298542655,7500,0.0,1.0
2002-03-20,10.2,10.29,10.15,10.25,2.37260298542655,7300,0.0,1.0
2002-03-19,10.21,10.31,10.12,10.25,2.37260298542655,30500,0.0,1.0
2002-03-18,10.4,10.4,10.4,10.4,2.40732400472548,0,0.0,1.0
2002-03-15,10.31,10.4,10.31,10.4,2.40732400472548,10300,0.0,1.0
2002-03-14,10.33,10.33,10.3,10.33,2.39112086238598,400,0.0,1.0
2002-03-13,10.3,10.3,10.1,10.1,2.33788196612763,600,0.0,1.0
2002-03-12,10.26,10.26,9.79,10.15,2.34945563922727,13900,0.0,1.0
2002-03-11,10.22,10.22,10.22,10.22,2.36565878156677,100,0.0,1.0
2002-03-08,10.3,10.35,10.3,10.35,2.39575033162583,1000,0.0,1.0
2002-03-07,10.25,10.3,10.23,10.23,2.36797351618669,6100,0.0,1.0
2002-03-06,10.12,10.3,10.12,10.3,2.38417665852619,3500,0.0,1.0
2002-03-05,10.2,10.3,10.2,10.2,2.36102931232691,800,0.0,1.0
2002-03-04,10.2,10.2,10.2,10.2,2.36102931232691,400,0.0,1.0
2002-03-01,10.25,10.27,10.24,10.27,2.37723245466641,1700,0.0,1.0
2002-02-28,10.29,10.3,10.1,10.11,2.34019670074755,2200,0.0,1.0
2002-02-27,10.19,10.29,10.19,10.25,2.37260298542655,19700,0.0,1.0
2002-02-26,10.1,10.2,10.1,10.2,2.36102931232691,1700,0.0,1.0
2002-02-25,10.1,10.19,10.1,10.1,2.33788196612763,2600,0.0,1.0
2002-02-22,10.03,10.05,10.03,10.05,2.32630829302798,500,0.0,1.0
2002-02-21,10.03,10.03,10.03,10.03,2.32167882378813,300,0.0,1.0
2002-02-20,10.19,10.19,10.1,10.19,2.35871457770698,1600,0.0,1.0
2002-02-19,10.19,10.2,10.15,10.19,2.35871457770698,4300,0.0,1.0
2002-02-15,10.2,10.2,9.95,10.2,2.36102931232691,13000,0.0,1.0
2002-02-14,10.0,10.1,10.0,10.1,2.33788196612763,8300,0.0,1.0
2002-02-13,10.0,10.04,10.0,10.04,2.32399355840806,20500,0.0,1.0
2002-02-12,10.0,10.2,9.9,10.2,2.36102931232691,22200,0.0,1.0
2002-02-11,10.1,10.1,9.95,10.0,2.31473461992834,20400,0.0,1.0
2002-02-08,10.0,10.0,9.961,10.0,2.31473461992834,24600,0.0,1.0
2002-02-07,10.03,10.05,10.0,10.0,2.31473461992834,5700,0.0,1.0
2002-02-06,9.9,10.1,9.9,9.95,2.3031609468287,11500,0.0,1.0
2002-02-05,9.951,10.1,9.901,9.901,2.29181874719105,2400,0.0,1.0
2002-02-04,9.95,10.0,9.45,10.0,2.31473461992834,8000,0.0,1.0
2002-02-01,10.1,10.1,9.95,10.0,2.31473461992834,13300,0.0,1.0
2002-01-31,9.9,10.1,9.9,10.1,2.33788196612763,18500,0.0,1.0
2002-01-30,9.8,9.8,9.8,9.8,2.26843992752978,200,0.0,1.0
2002-01-29,9.99,9.99,9.85,9.9,2.29158727372906,8900,0.0,1.0
2002-01-28,9.92,9.95,9.85,9.95,2.3031609468287,5600,0.0,1.0
2002-01-25,9.81,9.81,9.75,9.81,2.2707546621497,13200,0.0,1.0
2002-01-24,9.81,9.81,9.81,9.81,2.2707546621497,0,0.0,1.0
2002-01-23,9.82,9.82,9.81,9.81,2.2707546621497,4600,0.0,1.0
2002-01-22,9.765,9.9,9.765,9.81,2.2707546621497,5600,0.0,1.0
2002-01-18,9.75,9.89,9.71,9.85,2.28001360062942,5200,0.0,1.0
2002-01-17,9.83,9.85,9.7,9.85,2.28001360062942,2100,0.0,1.0
2002-01-16,9.75,9.829,9.75,9.75,2.25686625443013,13500,0.0,1.0
2002-01-15,9.811,9.82,9.35,9.7,2.24529258133049,23900,0.0,1.0
2002-01-14,9.81,9.81,9.81,9.81,2.2707546621497,300,0.0,1.0
2002-01-11,9.801,9.801,9.8,9.8,2.26843992752978,400,0.0,1.0
2002-01-10,9.929,9.929,9.8,9.8,2.26843992752978,1000,0.0,1.0
2002-01-09,9.928,9.928,9.78,9.78,2.26381045828992,400,0.0,1.0
2002-01-08,9.75,9.82,9.75,9.75,2.25686625443013,2500,0.0,1.0
2002-01-07,9.72,9.75,9.72,9.75,2.25686625443013,900,0.0,1.0
2002-01-04,9.76,9.78,9.76,9.78,2.26381045828992,9300,0.0,1.0
2002-01-03,10.05,10.05,9.9,9.94,2.30084621220877,17100,0.0,1.0
2002-01-02,9.999,10.09,9.999,10.05,2.32630829302798,10500,0.0,1.0
2001-12-31,9.9,10.0,9.9,10.0,2.31473461992834,22500,0.0,1.0
2001-12-28,9.76,9.9,9.76,9.9,2.29158727372906,2900,0.065,1.0
2001-12-27,9.76,9.77,9.75,9.75,2.2421450997349,3100,0.0,1.0
2001-12-26,9.75,9.765,9.75,9.765,2.2455945537345,2500,0.0,1.0
2001-12-24,9.79,9.79,9.74,9.74,2.23984546373518,2900,0.0,1.0
2001-12-21,9.65,9.75,9.65,9.75,2.2421450997349,17500,0.0,1.0
2001-12-20,9.66,9.66,9.66,9.66,2.22144837573735,0,0.0,1.0
2001-12-19,9.65,9.75,9.65,9.66,2.22144837573735,6300,0.0,1.0
2001-12-18,9.75,9.78,9.75,9.75,2.2421450997349,3400,0.0,1.0
2001-12-17,9.66,9.75,9.66,9.75,2.2421450997349,3900,0.0,1.0
2001-12-14,9.75,9.75,9.66,9.66,2.22144837573735,2100,0.0,1.0
2001-12-13,9.65,9.65,9.65,9.65,2.21914873973762,600,0.0,1.0
2001-12-12,9.799,9.8,9.65,9.65,2.21914873973762,1800,0.0,1.0
2001-12-11,9.66,9.8,9.65,9.8,2.25364327973355,1800,0.0,1.0
2001-12-10,9.68,9.72,9.68,9.68,2.22604764773681,6700,0.0,1.0
2001-12-07,9.71,9.71,9.67,9.67,2.22374801173708,100,0.0,1.0
2001-12-06,9.71,9.71,9.67,9.67,2.22374801173708,1300,0.0,1.0
2001-12-05,9.65,9.65,9.65,9.65,2.21914873973762,0,0.0,1.0
2001-12-04,9.65,9.65,9.65,9.65,2.21914873973762,0,0.0,1.0
2001-12-03,9.88,9.88,9.55,9.65,2.21914873973762,2800,0.0,1.0
2001-11-30,9.55,9.85,9.5,9.85,2.26514145973219,6700,0.0,1.0
2001-11-29,10.0,10.0,9.65,9.65,2.21914873973762,2600,0.0,1.0
2001-11-28,10.0,10.0,9.84,10.0,2.29963599972811,1000,0.0,1.0
2001-11-27,9.99,10.0,9.95,9.998,2.29917607252816,13700,0.0,1.0
2001-11-26,9.95,9.95,9.9,9.9,2.27663963973083,400,0.0,1.0
2001-11-23,9.95,9.95,9.95,9.95,2.28813781972947,300,0.0,1.0
2001-11-21,9.75,9.75,9.75,9.75,2.2421450997349,0,0.0,1.0
2001-11-20,9.75,9.75,9.75,9.75,2.2421450997349,900,0.0,1.0
2001-11-19,9.4,9.99,9.25,9.6,2.20765055973898,2900,0.0,1.0
2001-11-16,9.4,9.85,9.4,9.85,2.26514145973219,6400,0.0,1.0
2001-11-15,9.94,10.0,9.93,10.0,2.29963599972811,3500,0.0,1.0
2001-11-14,9.9,9.938,9.9,9.938,2.28537825652979,3100,0.0,1.0
2001-11-13,9.75,9.84,9.75,9.84,2.26284182373246,700,0.0,1.0
2001-11-12,9.76,9.76,9.75,9.75,2.2421450997349,6100,0.0,1.0
2001-11-09,9.66,9.75,9.5,9.75,2.2421450997349,3600,0.0,1.0
2001-11-08,9.74,9.74,9.74,9.74,2.23984546373518,2000,0.0,1.0
2001-11-07,9.74,9.74,9.6,9.74,2.23984546373518,7600,0.0,1.0
2001-11-06,9.51,9.6,9.5,9.5,2.1846541997417,27500,0.0,1.0
2001-11-05,9.49,9.5,9.49,9.5,2.1846541997417,8500,0.0,1.0
2001-11-02,9.21,9.49,9.21,9.49,2.18235456374197,8300,0.0,1.0
2001-11-01,9.49,9.49,9.114,9.2,2.11566511974986,3000,0.0,1.0
2001-10-31,9.4,9.48,9.4,9.48,2.18005492774225,1000,0.0,1.0
2001-10-30,9.4,9.4,9.15,9.4,2.16165783974442,3700,0.0,1.0
2001-10-29,9.335,9.36,9.335,9.36,2.15245929574551,1500,0.0,1.0
2001-10-26,9.04,9.3,9.04,9.19,2.11336548375013,3500,0.0,1.0
2001-10-25,9.49,9.5,9.05,9.05,2.08117057975394,8100,0.0,1.0
2001-10-24,9.32,9.4,9.32,9.4,2.16165783974442,2200,0.0,1.0
2001-10-23,9.3,9.3,9.3,9.3,2.13866147974714,500,0.0,1.0
2001-10-22,9.497,9.5,9.26,9.3,2.13866147974714,1200,0.0,1.0
2001-10-19,9.31,9.5,9.31,9.36,2.15245929574551,4000,0.0,1.0
2001-10-18,9.32,9.32,9.11,9.11,2.09496839575231,2300,0.0,1.0
2001-10-17,9.51,9.51,9.5,9.5,2.1846541997417,200,0.0,1.0
2001-10-16,9.4,9.5,9.3,9.5,2.1846541997417,10600,0.0,1.0
2001-10-15,9.4,9.4,9.4,9.4,2.16165783974442,0,0.0,1.0
2001-10-12,9.45,9.55,9.36,9.4,2.16165783974442,6600,0.0,1.0
2001-10-11,9.43,9.5,9.36,9.45,2.17315601974306,15200,0.0,1.0
2001-10-10,9.35,9.5,9.35,9.4,2.16165783974442,9800,0.0,1.0
2001-10-09,9.46,9.46,9.4,9.4,2.16165783974442,2900,0.0,1.0
2001-10-08,9.5,9.5,9.3,9.5,2.1846541997417,20800,0.0,1.0
2001-10-05,9.38,9.38,9.27,9.27,2.13176257174796,500,0.0,1.0
2001-10-04,9.29,9.29,9.24,9.25,2.1271632997485,6600,0.0,1.0
2001-10-03,9.25,9.25,9.2,9.24,2.12486366374877,5900,0.0,1.0
2001-10-02,8.988,9.2,8.988,9.2,2.11566511974986,13100,0.0,1.0
2001-10-01,8.51,8.9,8.51,8.85,2.03517785975937,7100,0.0,1.0
2001-09-28,8.75,8.75,8.75,8.75,2.01218149976209,600,0.0,1.0
2001-09-27,8.75,8.75,8.6,8.6,1.97768695976617,1100,0.065,1.0
2001-09-26,8.599,8.75,8.55,8.55,1.95143952752461,3200,0.0,1.0
2001-09-25,8.6,8.6,8.6,8.6,1.96285145458616,1200,0.0,1.0
2001-09-24,8.55,8.75,8.55,8.75,1.9970872357708,1000,0.0,1.0
2001-09-21,8.55,8.55,8.0,8.55,1.95143952752461,6900,0.0,1.0
2001-09-20,8.45,8.45,7.72,8.45,1.92861567340152,10100,0.0,1.0
2001-09-19,8.87,8.87,8.87,8.87,2.02447586071852,4300,0.0,1.0
2001-09-18,8.998,8.998,8.87,8.87,2.02447586071852,400,0.0,1.0
2001-09-17,9.1,9.1,8.7,8.7,1.98567530870926,6700,0.0,1.0
2001-09-10,9.1,9.1,8.96,9.1,2.07697072520163,3300,0.0,1.0
2001-09-07,9.15,9.26,9.1,9.1,2.07697072520163,8100,0.0,1.0
2001-09-06,9.4,9.405,9.25,9.25,2.11120650638628,13600,0.0,1.0
2001-09-05,9.42,9.5,9.42,9.45,2.15685421463247,3900,0.0,1.0
2001-09-04,9.4,9.73,9.4,9.73,2.22076100617713,1700,0.0,1.0
2001-08-31,9.5,9.7,9.4,9.4,2.14544228757092,25800,0.0,1.0
2001-08-30,9.4,9.4,9.4,9.4,2.14544228757092,1200,0.0,1.0
2001-08-29,9.45,9.5,9.45,9.45,2.15685421463247,3600,0.0,1.0
2001-08-28,9.5,9.5,9.5,9.5,2.16826614169401,2000,0.0,1.0
2001-08-27,9.6,9.65,9.45,9.5,2.16826614169401,4000,0.0,1.0
2001-08-24,9.55,9.55,9.25,9.4,2.14544228757092,8200,0.0,1.0
2001-08-23,9.75,9.75,9.25,9.4,2.14544228757092,4100,0.0,1.0
2001-08-22,9.64,9.78,9.4,9.78,2.23217293323868,2900,0.0,1.0
2001-08-21,9.59,9.59,9.59,9.59,2.1888076104048,500,0.0,1.0
2001-08-20,9.69,9.69,9.43,9.57,2.18424283958018,8000,0.0,1.0
2001-08-17,9.27,9.62,9.27,9.62,2.19565476664173,28000,0.0,1.0
2001-08-16,9.87,9.87,9.45,9.77,2.22989054782637,3100,0.0,1.0
2001-08-15,10.0,10.0,9.94,10.0,2.28238541230949,2600,0.0,1.0
2001-08-14,9.975,10.0,9.725,10.0,2.28238541230949,20400,0.0,1.0
2001-08-13,9.88,9.92,9.55,9.92,2.26412632901101,29800,0.0,1.0
2001-08-10,9.64,9.92,9.5,9.87,2.25271440194947,12400,0.0,1.0
2001-08-09,9.33,9.6,9.33,9.6,2.19108999581711,25700,0.0,1.0
2001-08-08,9.4,9.42,9.4,9.42,2.15000705839554,2100,0.0,1.0
2001-08-07,9.39,9.39,9.25,9.34,2.13174797509706,8100,0.0,1.0
2001-08-06,9.39,9.4,9.39,9.39,2.14315990215861,600,0.0,1.0
2001-08-03,9.33,9.39,9.33,9.39,2.14315990215861,2300,0.0,1.0
2001-08-02,9.25,9.3,9.25,9.25,2.11120650638628,6000,0.0,1.0
2001-08-01,9.24,9.49,9.03,9.33,2.12946558968475,13500,0.0,1.0
2001-07-31,9.12,9.24,9.12,9.24,2.10892412097397,2600,0.0,1.0
2001-07-30,9.12,9.12,9.0,9.0,2.05414687107854,2800,0.0,1.0
2001-07-27,9.1,9.1,9.0,9.0,2.05414687107854,10600,0.0,1.0
2001-07-26,8.95,9.1,8.95,9.1,2.07697072520163,10600,0.0,1.0
2001-07-25,8.9,9.0,8.85,8.99,2.05186448566623,6000,0.0,1.0
2001-07-24,9.0,9.0,9.0,9.0,2.05414687107854,1300,0.0,1.0
2001-07-23,9.02,9.12,9.0,9.0,2.05414687107854,1200,0.0,1.0
2001-07-20,9.0,9.0,9.0,9.0,2.05414687107854,1200,0.0,1.0
2001-07-19,8.98,9.2,8.98,9.0,2.05414687107854,18000,0.0,1.0
2001-07-18,8.9,8.98,8.9,8.98,2.04958210025392,2700,0.0,1.0
2001-07-17,8.86,8.95,8.85,8.905,2.0324642096616,7600,0.0,1.0
2001-07-16,8.94,8.94,8.85,8.89,2.02904063154314,7900,0.0,1.0
2001-07-13,8.85,8.94,8.85,8.85,2.0199110898939,8100,0.0,1.0
2001-07-12,8.925,8.94,8.88,8.88,2.02675824613083,3600,0.0,1.0
2001-07-11,8.85,8.93,8.55,8.93,2.03817017319237,23100,0.0,1.0
2001-07-10,8.55,8.8,8.55,8.8,2.00849916283235,4900,0.0,1.0
2001-07-09,8.88,8.88,8.73,8.73,1.99252246494618,2900,0.0,1.0
2001-07-06,8.79,8.94,8.71,8.88,2.02675824613083,21200,0.0,1.0
2001-07-05,8.65,8.79,8.65,8.79,2.00621677742004,8100,0.0,1.0
2001-07-03,8.56,8.65,8.5,8.65,1.97426338164771,4300,0.0,1.0
2001-07-02,8.55,8.75,8.55,8.75,1.9970872357708,2300,0.0,1.0
2001-06-29,8.7,8.75,8.6,8.6,1.96285145458616,8600,0.0,1.0
2001-06-28,8.65,8.71,8.6,8.7,1.98567530870926,13000,0.065,1.0
2001-06-27,8.69,8.69,8.6,8.65,1.95962252371193,27800,0.0,1.0
2001-06-26,8.7,8.7,8.7,8.7,1.97094982153685,400,0.0,1.0
2001-06-25,8.55,8.55,8.55,8.55,1.93696792806208,0,0.0,1.0
2001-06-22,8.6,8.6,8.55,8.55,1.93696792806208,300,0.0,1.0
2001-06-21,8.54,8.64,8.54,8.55,1.93696792806208,2000,0.0,1.0
2001-06-20,8.635,8.635,8.55,8.55,1.93696792806208,7100,0.0,1.0
2001-06-19,8.6,8.68,8.6,8.68,1.96641890240688,29800,0.0,1.0
2001-06-18,8.6,8.68,8.6,8.68,1.96641890240688,10700,0.0,1.0
2001-06-15,8.6,8.68,8.6,8.6,1.94829522588701,7600,0.0,1.0
2001-06-14,8.68,8.68,8.68,8.68,1.96641890240688,600,0.0,1.0
2001-06-13,8.64,8.74,8.58,8.64,1.95735706414694,21600,0.0,1.0
2001-06-12,8.5,8.5,8.5,8.5,1.92564063023716,1200,0.0,1.0
2001-06-11,8.645,8.74,8.63,8.63,1.95509160458196,30700,0.0,1.0
2001-06-08,8.74,8.74,8.63,8.63,1.95509160458196,1900,0.0,1.0
2001-06-07,8.88,8.88,8.63,8.74,1.98001165979679,28500,0.0,1.0
2001-06-06,8.48,8.58,8.46,8.58,1.94376430675704,19500,0.0,1.0
2001-06-05,8.42,8.48,8.42,8.48,1.92110971110719,1700,0.0,1.0
2001-06-04,8.48,8.49,8.42,8.42,1.90751695371728,6600,0.0,1.0
2001-06-01,8.35,8.48,8.35,8.48,1.92110971110719,8300,0.0,1.0
2001-05-31,8.35,8.35,8.35,8.35,1.89165873676238,1100,0.0,1.0
2001-05-30,8.35,8.35,8.33,8.35,1.89165873676238,2600,0.0,1.0
2001-05-29,8.3,8.48,8.3,8.4,1.90298603458731,21900,0.0,1.0
2001-05-25,8.35,8.35,8.3,8.3,1.88033143893746,6400,0.0,1.0
2001-05-24,8.33,8.35,8.3,8.35,1.89165873676238,20200,0.0,1.0
2001-05-23,8.35,8.39,8.3,8.35,1.89165873676238,50500,0.0,1.0
2001-05-22,8.3,8.35,8.28,8.35,1.89165873676238,1900,0.0,1.0
2001-05-21,8.35,8.35,8.35,8.35,1.89165873676238,6300,0.0,1.0
2001-05-18,8.34,8.35,8.3,8.35,1.89165873676238,12400,0.0,1.0
2001-05-17,8.15,8.35,8.15,8.35,1.89165873676238,3000,0.0,1.0
2001-05-16,8.25,8.25,8.15,8.25,1.86900414111253,3700,0.0,1.0
2001-05-15,8.29,8.38,8.1,8.25,1.86900414111253,7400,0.0,1.0
2001-05-14,8.38,8.38,8.28,8.28,1.87580051980749,500,0.0,1.0
2001-05-11,8.38,8.38,8.38,8.38,1.89845511545734,5000,0.0,1.0
2001-05-10,8.35,8.35,8.28,8.28,1.87580051980749,17300,0.0,1.0
2001-05-09,8.16,8.35,8.15,8.35,1.89165873676238,4600,0.0,1.0
2001-05-08,8.16,8.25,8.16,8.25,1.86900414111253,17600,0.0,1.0
2001-05-07,8.19,8.2,8.19,8.2,1.85767684328761,2400,0.0,1.0
2001-05-04,8.19,8.19,8.16,8.16,1.84861500502767,1200,0.0,1.0
2001-05-03,8.16,8.16,8.16,8.16,1.84861500502767,2500,0.0,1.0
2001-05-02,7.72,8.0,7.72,8.0,1.81236765198791,6100,0.0,1.0
2001-05-01,7.69,7.75,7.69,7.7,1.74440386503837,5600,0.0,1.0
2001-04-30,7.75,7.75,7.685,7.69,1.74213840547338,40400,0.0,1.0
2001-04-27,7.56,7.85,7.5,7.55,1.71042197156359,8700,0.0,1.0
2001-04-26,8.05,8.05,8.0,8.0,1.81236765198791,2100,0.0,1.0
2001-04-25,8.075,8.3,8.05,8.05,1.82369494981284,15300,0.0,1.0
2001-04-24,8.35,8.4,8.25,8.25,1.86900414111253,71800,0.0,1.0
2001-04-23,8.36,8.45,8.36,8.45,1.91431333241223,800,0.0,1.0
2001-04-20,8.3,8.3,8.3,8.3,1.88033143893746,2500,0.0,1.0
2001-04-19,8.3,8.3,8.3,8.3,1.88033143893746,0,0.0,1.0
2001-04-18,8.5,8.55,8.0,8.3,1.88033143893746,21600,0.0,1.0
2001-04-17,8.55,8.55,8.55,8.55,1.93696792806208,0,0.0,1.0
2001-04-16,8.525,8.55,8.525,8.55,1.93696792806208,1100,0.0,1.0
2001-04-12,8.55,8.7,8.5,8.65,1.95962252371193,3600,0.0,1.0
2001-04-11,8.5,8.7,8.5,8.6,1.94829522588701,27600,0.0,1.0
2001-04-10,8.5,8.5,8.5,8.5,1.92564063023716,0,0.0,1.0
2001-04-09,8.5,8.5,8.5,8.5,1.92564063023716,2500,0.0,1.0
2001-04-06,8.5,8.5,8.5,8.5,1.92564063023716,2800,0.0,1.0
2001-04-05,8.5,8.594,8.438,8.594,1.94693595014801,1600,0.0,1.0
2001-04-04,8.516,8.516,8.516,8.516,1.92926536554113,100,0.0,1.0
2001-04-03,8.531,8.531,8.5,8.5,1.92564063023716,2800,0.0,1.0
2001-04-02,8.531,8.875,8.438,8.875,2.01059536392409,9700,0.0,1.0
2001-03-30,8.75,8.875,8.75,8.875,2.01059536392409,77300,0.0,1.0
2001-03-29,8.734,8.75,8.625,8.75,1.98227711936178,11700,0.065,1.0
2001-03-28,8.719,8.75,8.688,8.75,1.96766021490818,2700,0.0,1.0
2001-03-27,8.75,8.875,8.688,8.781,1.97463135395528,14800,0.0,1.0
2001-03-26,8.625,8.625,8.563,8.563,1.92560850517242,1700,0.0,1.0
2001-03-23,8.563,8.563,8.563,8.563,1.92560850517242,500,0.0,1.0
2001-03-22,8.563,8.75,8.563,8.563,1.92560850517242,6100,0.0,1.0
2001-03-21,8.75,8.75,8.75,8.75,1.96766021490818,500,0.0,1.0
2001-03-20,8.625,8.75,8.625,8.625,1.93955078326663,10000,0.0,1.0
2001-03-19,8.688,8.688,8.688,8.688,1.95371793681397,100,0.0,1.0
2001-03-16,8.438,8.688,8.438,8.688,1.95371793681397,9300,0.0,1.0
2001-03-15,8.438,8.531,8.438,8.531,1.91841249067219,6100,0.0,1.0
2001-03-14,8.5,8.5,8.375,8.375,1.88333191998354,2900,0.0,1.0
2001-03-13,8.563,8.688,8.563,8.625,1.93955078326663,9800,0.0,1.0
2001-03-12,8.672,8.672,8.5,8.5,1.91144135162508,1500,0.0,1.0
2001-03-09,8.594,8.625,8.563,8.625,1.93955078326663,5900,0.0,1.0
2001-03-08,8.625,8.625,8.625,8.625,1.93955078326663,1100,0.0,1.0
2001-03-07,8.391,8.563,8.391,8.5,1.91144135162508,8300,0.0,1.0
2001-03-06,8.5,8.688,8.5,8.563,1.92560850517242,14500,0.0,1.0
2001-03-05,8.625,8.625,8.625,8.625,1.93955078326663,200,0.0,1.0
2001-03-02,8.375,8.563,8.375,8.563,1.92560850517242,3800,0.0,1.0
2001-03-01,8.625,8.625,8.25,8.563,1.92560850517242,5200,0.0,1.0
2001-02-28,8.563,8.563,8.563,8.563,1.92560850517242,1000,0.0,1.0
2001-02-27,8.688,8.719,8.688,8.719,1.96068907586107,2000,0.0,1.0
2001-02-26,8.5,8.625,8.438,8.5,1.91144135162508,2500,0.0,1.0
2001-02-23,8.5,8.625,8.5,8.563,1.92560850517242,2700,0.0,1.0
2001-02-22,8.75,8.75,8.563,8.563,1.92560850517242,4800,0.0,1.0
2001-02-21,8.75,8.75,8.75,8.75,1.96766021490818,800,0.0,1.0
2001-02-20,8.766,8.875,8.766,8.875,1.99576964654972,2700,0.0,1.0
2001-02-16,8.75,8.75,8.75,8.75,1.96766021490818,200,0.0,1.0
2001-02-15,8.69,8.69,8.69,8.69,1.95416768772023,0,0.0,1.0
2001-02-14,8.75,8.75,8.688,8.688,1.95371793681397,800,0.0,1.0
2001-02-13,8.813,8.938,8.75,8.75,1.96766021490818,9300,0.0,1.0
2001-02-12,8.75,8.813,8.688,8.813,1.98182736845551,2700,0.0,1.0
2001-02-09,8.438,8.688,8.25,8.688,1.95371793681397,20800,0.0,1.0
2001-02-08,8.25,8.25,8.25,8.25,1.85522248834199,100,0.0,1.0
2001-02-07,8.5,8.5,8.25,8.25,1.85522248834199,13600,0.0,1.0
2001-02-06,8.813,8.813,8.438,8.438,1.89749907353088,15100,0.0,1.0
2001-02-05,8.875,8.875,8.75,8.875,1.99576964654972,500,0.0,1.0
2001-02-02,8.5,8.906,8.5,8.875,1.99576964654972,19200,0.0,1.0
2001-02-01,8.5,8.5,8.5,8.5,1.91144135162508,11600,0.0,1.0
2001-01-31,8.5,8.688,8.313,8.688,1.95371793681397,10400,0.0,1.0
2001-01-30,8.5,8.688,8.5,8.5,1.91144135162508,6800,0.0,1.0
2001-01-29,8.25,8.5,8.188,8.5,1.91144135162508,20800,0.0,1.0
2001-01-26,8.219,8.25,8.125,8.25,1.85522248834199,4200,0.0,1.0
2001-01-25,8.219,8.219,8.219,8.219,1.84825134929489,1400,0.0,1.0
2001-01-24,8.375,8.375,8.219,8.219,1.84825134929489,13200,0.0,1.0
2001-01-23,8.22,8.22,8.22,8.22,1.84847622474802,0,0.0,1.0
2001-01-22,8.156,8.344,8.156,8.219,1.84825134929489,3800,0.0,1.0
2001-01-19,8.125,8.438,8.125,8.438,1.89749907353088,900,0.0,1.0
2001-01-18,8.406,8.422,8.156,8.188,1.84128021024779,9600,0.0,1.0
2001-01-17,8.438,8.5,8.438,8.438,1.89749907353088,6000,0.0,1.0
2001-01-16,8.5,8.5,8.5,8.5,1.91144135162508,4000,0.0,1.0
2001-01-12,8.5,8.5,8.438,8.5,1.91144135162508,24200,0.0,1.0
2001-01-11,8.469,8.938,8.469,8.563,1.92560850517242,26600,0.0,1.0
2001-01-10,8.344,8.375,8.313,8.375,1.88333191998354,4300,0.0,1.0
2001-01-09,8.219,8.219,8.219,8.219,1.84825134929489,400,0.0,1.0
2001-01-08,8.34,8.34,8.34,8.34,1.87546127912391,0,0.0,1.0
2001-01-05,8.219,8.344,8.219,8.344,1.87636078093644,1100,0.0,1.0
2001-01-04,8.172,8.281,8.125,8.188,1.84128021024779,32400,0.0,1.0
2001-01-03,8.219,8.219,8.031,8.219,1.84825134929489,24400,0.0,1.0
2001-01-02,8.406,8.438,8.313,8.313,1.86938964188933,4300,0.0,1.0
2000-12-29,8.219,8.625,8.219,8.625,1.93955078326663,10800,0.0,1.0
2000-12-28,8.219,8.281,8.219,8.281,1.8621936273891,11700,0.065,1.0
2000-12-27,8.281,8.469,8.219,8.219,1.83385686838138,2300,0.0,1.0
2000-12-26,8.47,8.47,8.28,8.28,1.84746743766855,11900,0.0,1.0
2000-12-22,8.469,8.469,8.375,8.375,1.86866422590267,1100,0.0,1.0
2000-12-21,8.375,8.469,8.375,8.469,1.88963789005012,3100,0.0,1.0
2000-12-20,8.375,8.375,8.25,8.25,1.8407737150683,1100,0.0,1.0
2000-12-19,8.156,8.438,8.156,8.25,1.8407737150683,22400,0.0,1.0
2000-12-18,8.375,8.375,8.25,8.25,1.8407737150683,200,0.0,1.0
2000-12-15,8.469,8.469,8.469,8.469,1.88963789005012,1100,0.0,1.0
2000-12-14,8.5,8.5,8.5,8.5,1.89655473673704,1000,0.0,1.0
2000-12-13,8.5,8.5,8.5,8.5,1.89655473673704,100,0.0,1.0
2000-12-12,8.891,8.906,8.75,8.75,1.95233575840578,11700,0.0,1.0
2000-12-11,8.875,8.875,8.875,8.875,1.98022626924014,2400,0.0,1.0
2000-12-08,8.891,8.969,8.875,8.875,1.98022626924014,3100,0.0,1.0
2000-12-07,8.87,8.87,8.87,8.87,1.97911064880677,0,0.0,1.0
2000-12-06,8.938,8.938,8.875,8.875,1.98022626924014,2100,0.0,1.0
2000-12-05,8.875,9.0,8.875,8.875,1.98022626924014,9100,0.0,1.0
2000-12-04,8.875,8.875,8.875,8.875,1.98022626924014,5100,0.0,1.0
2000-12-01,8.813,9.0,8.813,9.0,2.00811678007451,18100,0.0,1.0
2000-11-30,8.719,8.875,8.656,8.813,1.9663925758663,25200,0.0,1.0
2000-11-29,8.66,8.66,8.66,8.66,1.93225459060503,0,0.0,1.0
2000-11-28,8.656,8.688,8.656,8.656,1.93136209425833,2300,0.0,1.0
2000-11-27,8.734,8.734,8.656,8.656,1.93136209425833,1700,0.0,1.0
2000-11-24,8.69,8.69,8.69,8.69,1.93894831320528,0,0.0,1.0
2000-11-22,8.625,8.875,8.563,8.688,1.93850206503193,18400,0.0,1.0
2000-11-21,8.5,8.5,8.5,8.5,1.89655473673704,1800,0.0,1.0
2000-11-20,8.594,8.594,8.594,8.594,1.91752840088448,500,0.0,1.0
2000-11-17,8.5,8.625,8.5,8.5,1.89655473673704,1200,0.0,1.0
2000-11-16,8.5,8.5,8.5,8.5,1.89655473673704,0,0.0,1.0
2000-11-15,8.5,8.563,8.5,8.5,1.89655473673704,9600,0.0,1.0
2000-11-14,8.531,8.531,8.5,8.5,1.89655473673704,4100,0.0,1.0
2000-11-13,8.5,8.5,8.5,8.5,1.89655473673704,0,0.0,1.0
2000-11-10,8.5,8.5,8.5,8.5,1.89655473673704,0,0.0,1.0
2000-11-09,8.688,8.688,8.5,8.5,1.89655473673704,1600,0.0,1.0
2000-11-08,8.5,8.5,8.5,8.5,1.89655473673704,1000,0.0,1.0
2000-11-07,8.5,8.75,8.5,8.5,1.89655473673704,6500,0.0,1.0
2000-11-06,8.5,8.5,8.5,8.5,1.89655473673704,1900,0.0,1.0
2000-11-03,8.625,8.625,8.5,8.5,1.89655473673704,1500,0.0,1.0
2000-11-02,8.5,8.5,8.5,8.5,1.89655473673704,0,0.0,1.0
2000-11-01,8.75,8.75,8.438,8.5,1.89655473673704,14700,0.0,1.0
2000-10-31,8.625,8.75,8.625,8.75,1.95233575840578,4800,0.0,1.0
2000-10-30,8.375,8.625,8.375,8.625,1.92444524757141,6500,0.0,1.0
2000-10-27,8.438,8.5,8.438,8.5,1.89655473673704,1600,0.0,1.0
2000-10-26,7.781,8.406,7.781,8.188,1.82694002169446,27800,0.0,1.0
2000-10-25,8.5,8.625,8.313,8.313,1.85483053252882,2200,0.0,1.0
2000-10-24,8.62,8.62,8.62,8.62,1.92332962713803,0,0.0,1.0
2000-10-23,8.625,8.625,8.625,8.625,1.92444524757141,2500,0.0,1.0
2000-10-20,8.5,8.5,8.5,8.5,1.89655473673704,1900,0.0,1.0
2000-10-19,8.391,8.625,8.313,8.625,1.92444524757141,4600,0.0,1.0
2000-10-18,8.31,8.31,8.31,8.31,1.8541611602688,0,0.0,1.0
2000-10-17,8.31,8.31,8.31,8.31,1.8541611602688,0,0.0,1.0
2000-10-16,8.313,8.75,8.313,8.313,1.85483053252882,300,0.0,1.0
2000-10-13,8.328,8.75,8.313,8.313,1.85483053252882,7200,0.0,1.0
2000-10-12,8.438,8.5,8.375,8.375,1.86866422590267,4500,0.0,1.0
2000-10-11,8.625,8.625,8.5,8.5,1.89655473673704,4000,0.0,1.0
2000-10-10,8.5,8.5,8.5,8.5,1.89655473673704,1000,0.0,1.0
2000-10-09,8.625,8.75,8.563,8.75,1.95233575840578,5400,0.0,1.0
2000-10-06,8.875,8.875,8.75,8.75,1.95233575840578,1200,0.0,1.0
2000-10-05,8.781,8.875,8.625,8.875,1.98022626924014,300,0.0,1.0
2000-10-04,8.688,8.688,8.688,8.688,1.93850206503193,600,0.0,1.0
2000-10-03,8.625,8.813,8.438,8.75,1.95233575840578,31300,0.0,1.0
2000-10-02,8.938,8.938,8.625,8.625,1.92444524757141,5800,0.0,1.0
2000-09-29,9.0,9.125,8.625,8.625,1.92444524757141,41800,0.0,1.0
2000-09-28,9.031,9.063,9.0,9.063,2.02217359753503,6200,0.06,1.0
2000-09-27,9.0,9.125,9.0,9.0,1.99490982986028,9500,0.0,1.0
2000-09-26,8.938,9.0,8.938,9.0,1.99490982986028,5400,0.0,1.0
2000-09-25,8.969,9.0,8.938,9.0,1.99490982986028,16600,0.0,1.0
2000-09-22,8.938,8.938,8.938,8.938,1.98116711769902,100,0.0,1.0
2000-09-21,8.938,9.0,8.938,8.969,1.98803847377965,1000,0.0,1.0
2000-09-20,8.938,9.0,8.938,8.938,1.98116711769902,5700,0.0,1.0
2000-09-19,8.875,8.938,8.875,8.938,1.98116711769902,900,0.0,1.0
2000-09-18,8.875,8.906,8.875,8.875,1.96720274888999,2400,0.0,1.0
2000-09-15,8.797,8.938,8.781,8.938,1.98116711769902,13000,0.0,1.0
2000-09-14,8.781,8.781,8.781,8.781,1.94636702400034,1000,0.0,1.0
2000-09-13,8.78,8.78,8.78,8.78,1.94614536735258,0,0.0,1.0
2000-09-12,8.781,8.875,8.781,8.781,1.94636702400034,5800,0.0,1.0
2000-09-11,8.781,8.875,8.781,8.875,1.96720274888999,400,0.0,1.0
2000-09-08,8.781,8.781,8.781,8.781,1.94636702400034,300,0.0,1.0
2000-09-07,8.781,8.781,8.781,8.781,1.94636702400034,3000,0.0,1.0
2000-09-06,8.781,8.938,8.781,8.781,1.94636702400034,1700,0.0,1.0
2000-09-05,8.781,8.938,8.781,8.875,1.96720274888999,24600,0.0,1.0
2000-09-01,8.875,8.875,8.781,8.875,1.96720274888999,1500,0.0,1.0
2000-08-31,8.875,8.969,8.75,8.781,1.94636702400034,30000,0.0,1.0
2000-08-30,8.875,8.875,8.75,8.75,1.93949566791971,15800,0.0,1.0
2000-08-29,8.656,8.688,8.625,8.625,1.91178858694943,4600,0.0,1.0
2000-08-28,8.75,8.938,8.75,8.75,1.93949566791971,1800,0.0,1.0
2000-08-25,8.938,8.938,8.75,8.75,1.93949566791971,2500,0.0,1.0
2000-08-24,8.625,8.625,8.625,8.625,1.91178858694943,100,0.0,1.0
2000-08-23,8.625,8.625,8.625,8.625,1.91178858694943,1300,0.0,1.0
2000-08-22,8.625,8.75,8.625,8.625,1.91178858694943,11500,0.0,1.0
2000-08-21,8.625,8.625,8.625,8.625,1.91178858694943,5100,0.0,1.0
2000-08-18,8.625,8.75,8.625,8.75,1.93949566791971,500,0.0,1.0
2000-08-17,8.625,8.625,8.625,8.625,1.91178858694943,1000,0.0,1.0
2000-08-16,8.75,8.875,8.5,8.75,1.93949566791971,14500,0.0,1.0
2000-08-15,8.906,8.906,8.906,8.906,1.97407410497062,500,0.0,1.0
2000-08-14,8.688,8.688,8.688,8.688,1.92575295575845,500,0.0,1.0
2000-08-11,9.0,9.0,9.0,9.0,1.99490982986028,2300,0.0,1.0
2000-08-10,9.0,9.0,8.5,9.0,1.99490982986028,8500,0.0,1.0
2000-08-09,9.0,9.0,9.0,9.0,1.99490982986028,100,0.0,1.0
2000-08-08,8.75,9.125,8.75,9.125,2.02261691083056,11300,0.0,1.0
2000-08-07,9.0,9.0,8.875,8.875,1.96720274888999,2200,0.0,1.0
2000-08-04,8.688,8.75,8.563,8.75,1.93949566791971,4900,0.0,1.0
2000-08-03,8.594,8.594,8.563,8.563,1.89804587478817,7000,0.0,1.0
2000-08-02,8.56,8.56,8.56,8.56,1.89738090484488,0,0.0,1.0
2000-08-01,8.688,8.688,8.563,8.563,1.89804587478817,7700,0.0,1.0
2000-07-31,8.719,8.719,8.625,8.688,1.92575295575845,5800,0.0,1.0
2000-07-28,8.719,8.813,8.719,8.813,1.95346003672873,1800,0.0,1.0
2000-07-27,9.188,9.188,8.625,8.656,1.91865994303006,7200,0.0,1.0
2000-07-26,9.031,9.375,9.031,9.375,2.07803107277112,1300,0.0,1.0
2000-07-25,9.375,9.391,9.375,9.391,2.08157757913532,11100,0.0,1.0
2000-07-24,9.375,9.422,9.375,9.422,2.08844893521595,1000,0.0,1.0
2000-07-21,9.625,9.75,9.625,9.75,2.16115231568197,900,0.0,1.0
2000-07-20,9.25,9.375,9.25,9.375,2.07803107277112,800,0.0,1.0
2000-07-19,9.25,9.25,9.25,9.25,2.05032399180084,800,0.0,1.0
2000-07-18,10.0,10.0,8.875,9.25,2.05032399180084,5900,0.0,1.0
2000-07-17,10.0,10.13,10.0,10.06,2.22986587648826,13400,0.0,1.0
2000-07-14,10.0,10.13,10.0,10.06,2.22986587648826,18300,0.0,1.0
2000-07-13,10.06,10.06,10.0,10.05,2.22764931001064,1200,0.0,1.0
2000-07-12,9.813,10.13,9.813,10.05,2.22764931001064,23700,0.0,1.0
2000-07-11,9.75,10.0,9.688,10.0,2.21656647762253,16600,0.0,1.0
2000-07-10,9.0,9.75,9.0,9.688,2.14740960352071,21700,0.0,1.0
2000-07-07,9.063,9.063,9.063,9.063,2.0088741986693,2000,0.0,1.0
2000-07-06,9.438,9.438,9.063,9.063,2.0088741986693,4100,0.0,1.0
2000-07-05,9.063,9.063,9.063,9.063,2.0088741986693,1800,0.0,1.0
2000-07-03,9.063,9.281,9.063,9.281,2.05719534788147,2100,0.0,1.0
2000-06-30,9.438,9.625,9.125,9.5,2.1057381537414,13600,0.0,1.0
2000-06-29,9.25,9.625,9.25,9.625,2.13344523471168,2300,0.06,1.0
2000-06-28,9.625,9.688,9.5,9.625,2.12022822757873,12900,0.0,1.0
2000-06-27,9.625,9.625,9.625,9.625,2.12022822757873,3300,0.0,1.0
2000-06-26,9.625,9.625,9.625,9.625,2.12022822757873,20300,0.0,1.0
2000-06-23,9.375,9.625,9.375,9.625,2.12022822757873,21500,0.0,1.0
2000-06-22,9.5,9.5,9.375,9.438,2.07903522201434,26600,0.0,1.0
2000-06-21,9.438,9.5,9.375,9.375,2.06515736452473,30300,0.0,1.0
2000-06-20,9.375,9.438,9.375,9.375,2.06515736452473,3500,0.0,1.0
2000-06-19,9.25,9.25,9.25,9.25,2.03762193299774,100,0.0,1.0
2000-06-16,9.281,9.438,9.125,9.25,2.03762193299774,11400,0.0,1.0
2000-06-15,9.469,9.484,9.281,9.281,2.04445072001643,24900,0.0,1.0
2000-06-14,9.5,9.5,9.469,9.469,2.08586400903303,3900,0.0,1.0
2000-06-13,9.313,9.5,9.313,9.5,2.09269279605173,30800,0.0,1.0
2000-06-12,9.406,9.438,9.313,9.313,2.05149979048734,46100,0.0,1.0
2000-06-09,9.25,9.5,9.25,9.5,2.09269279605173,21900,0.0,1.0
2000-06-08,9.375,9.375,9.25,9.25,2.03762193299774,10800,0.0,1.0
2000-06-07,9.438,9.438,9.25,9.281,2.04445072001643,20900,0.0,1.0
2000-06-06,9.375,9.5,9.25,9.5,2.09269279605173,57900,0.0,1.0
2000-06-05,9.0,9.25,8.875,9.0,1.98255106994374,17000,0.0,1.0
2000-06-02,8.75,9.0,8.75,8.875,1.95501563841675,12200,0.0,1.0
2000-06-01,8.781,9.0,8.625,8.625,1.89994477536275,9100,0.0,1.0
2000-05-31,8.125,8.5,8.125,8.5,1.87240934383576,10700,0.0,1.0
2000-05-30,7.875,8.0,7.813,8.0,1.76226761772777,48800,0.0,1.0
2000-05-26,7.625,7.75,7.625,7.75,1.70719675467378,3000,0.0,1.0
2000-05-25,7.63,7.63,7.63,7.63,1.68076274040786,0,0.0,1.0
2000-05-24,7.75,7.75,7.625,7.625,1.67966132314678,24500,0.0,1.0
2000-05-23,7.688,7.688,7.688,7.688,1.69353918063639,1100,0.0,1.0
2000-05-22,7.625,7.688,7.625,7.688,1.69353918063639,9300,0.0,1.0
2000-05-19,7.625,7.75,7.563,7.688,1.69353918063639,78600,0.0,1.0
2000-05-18,7.5,7.563,7.5,7.563,1.66600374910939,1200,0.0,1.0
2000-05-17,7.469,7.688,7.469,7.688,1.69353918063639,14100,0.0,1.0
2000-05-16,7.406,7.5,7.406,7.438,1.6384683175824,6900,0.0,1.0
2000-05-15,7.5,7.625,7.375,7.375,1.62459046009279,11000,0.0,1.0
2000-05-12,7.438,7.5,7.438,7.5,1.65212589161979,4300,0.0,1.0
2000-05-11,7.313,7.5,7.313,7.438,1.6384683175824,5500,0.0,1.0
2000-05-10,7.438,7.5,7.438,7.5,1.65212589161979,2100,0.0,1.0
2000-05-09,7.281,7.375,7.25,7.375,1.62459046009279,4800,0.0,1.0
2000-05-08,7.25,7.438,7.188,7.438,1.6384683175824,4500,0.0,1.0
2000-05-05,7.125,7.438,7.125,7.438,1.6384683175824,5900,0.0,1.0
2000-05-04,7.125,7.375,7.125,7.125,1.5695195970388,16600,0.0,1.0
2000-05-03,7.25,7.25,7.25,7.25,1.59705502856579,2600,0.0,1.0
2000-05-02,7.563,7.563,7.375,7.375,1.62459046009279,32800,0.0,1.0
2000-05-01,7.438,7.625,7.25,7.625,1.67966132314678,13100,0.0,1.0
2000-04-28,7.25,7.469,7.125,7.469,1.64529710460109,3400,0.0,1.0
2000-04-27,7.375,7.438,7.313,7.313,1.6109328860554,5700,0.0,1.0
2000-04-26,7.25,7.266,7.25,7.25,1.59705502856579,2700,0.0,1.0
2000-04-25,7.25,7.625,7.188,7.25,1.59705502856579,29400,0.0,1.0
2000-04-24,7.313,7.438,7.25,7.25,1.59705502856579,8300,0.0,1.0
2000-04-20,7.5,7.5,7.188,7.188,1.5833974545284,3700,0.0,1.0
2000-04-19,7.25,7.375,7.219,7.219,1.5902262415471,14000,0.0,1.0
2000-04-18,7.469,7.5,7.25,7.375,1.62459046009279,6900,0.0,1.0
2000-04-17,7.469,7.5,7.328,7.438,1.6384683175824,9500,0.0,1.0
2000-04-14,7.5,7.75,7.375,7.5,1.65212589161979,10900,0.0,1.0
2000-04-13,7.219,7.5,7.188,7.25,1.59705502856579,25500,0.0,1.0
2000-04-12,7.188,7.5,7.188,7.188,1.5833974545284,7400,0.0,1.0
2000-04-11,7.375,7.5,7.125,7.188,1.5833974545284,19400,0.0,1.0
2000-04-10,7.281,7.75,7.281,7.5,1.65212589161979,22000,0.0,1.0
2000-04-07,7.25,7.25,7.188,7.188,1.5833974545284,10300,0.0,1.0
2000-04-06,7.25,7.25,7.188,7.188,1.5833974545284,1600,0.0,1.0
2000-04-05,7.25,7.375,7.188,7.313,1.6109328860554,11300,0.0,1.0
2000-04-04,7.25,7.375,7.0,7.188,1.5833974545284,25600,0.0,1.0
2000-04-03,7.063,7.125,6.875,7.125,1.5695195970388,27200,0.0,1.0
2000-03-31,7.0,7.375,7.0,7.0,1.5419841655118,137300,0.0,1.0
2000-03-30,7.25,7.25,6.938,7.125,1.5695195970388,20700,0.06,1.0
2000-03-29,7.25,7.313,7.188,7.25,1.58371845212683,47100,0.0,1.0
2000-03-28,7.313,7.344,7.281,7.281,1.5904902137842,58100,0.0,1.0
2000-03-27,7.281,7.313,7.281,7.313,1.597480419366,12700,0.0,1.0
2000-03-24,7.25,7.375,7.25,7.281,1.5904902137842,46100,0.0,1.0
2000-03-23,7.25,7.281,7.25,7.281,1.5904902137842,19400,0.0,1.0
2000-03-22,7.25,7.281,7.25,7.25,1.58371845212683,19200,0.0,1.0
2000-03-21,7.25,7.281,7.25,7.281,1.5904902137842,3100,0.0,1.0
2000-03-20,7.25,7.375,7.25,7.375,1.61102394268074,13500,0.0,1.0
2000-03-17,7.5,7.625,7.25,7.375,1.61102394268074,3100,0.0,1.0
2000-03-16,7.5,7.5,7.25,7.25,1.58371845212683,2400,0.0,1.0
2000-03-15,7.25,7.25,7.25,7.25,1.58371845212683,3300,0.0,1.0
2000-03-14,7.406,7.5,7.188,7.25,1.58371845212683,7900,0.0,1.0
2000-03-13,7.563,7.688,7.563,7.563,1.65209140047382,17300,0.0,1.0
2000-03-10,7.5,7.688,7.313,7.563,1.65209140047382,3300,0.0,1.0
2000-03-09,7.5,7.75,7.5,7.75,1.69294041434247,16500,0.0,1.0
2000-03-08,7.438,7.5,7.438,7.5,1.63832943323465,6300,0.0,1.0
2000-03-07,7.375,7.5,7.375,7.375,1.61102394268074,35800,0.0,1.0
2000-03-06,7.438,7.5,7.375,7.375,1.61102394268074,29700,0.0,1.0
2000-03-03,7.563,7.563,7.469,7.5,1.63832943323465,20000,0.0,1.0
2000-03-02,7.563,7.563,7.438,7.5,1.63832943323465,11500,0.0,1.0
2000-03-01,7.625,7.625,7.563,7.563,1.65209140047382,2000,0.0,1.0
2000-02-29,7.625,7.625,7.625,7.625,1.66563492378856,2600,0.0,1.0
2000-02-28,7.813,7.813,7.625,7.75,1.69294041434247,2200,0.0,1.0
2000-02-25,7.438,7.75,7.438,7.75,1.69294041434247,10300,0.0,1.0
2000-02-24,7.625,7.625,7.625,7.625,1.66563492378856,126500,0.0,1.0
2000-02-23,7.813,7.875,7.75,7.875,1.72024590489638,12500,0.0,1.0
2000-02-22,7.75,7.813,7.625,7.75,1.69294041434247,20000,0.0,1.0
2000-02-18,7.625,7.813,7.625,7.625,1.66563492378856,35700,0.0,1.0
2000-02-17,7.625,7.75,7.625,7.625,1.66563492378856,4700,0.0,1.0
2000-02-16,7.688,7.75,7.5,7.5,1.63832943323465,6400,0.0,1.0
2000-02-15,7.75,7.75,7.625,7.625,1.66563492378856,1700,0.0,1.0
2000-02-14,7.5,7.75,7.5,7.75,1.69294041434247,2600,0.0,1.0
2000-02-11,7.375,8.0,7.375,7.5,1.63832943323465,33400,0.0,1.0
2000-02-10,7.75,7.75,7.5,7.5,1.63832943323465,7100,0.0,1.0
2000-02-09,8.125,8.125,7.875,8.125,1.77485688600421,9500,0.0,1.0
2000-02-08,7.813,8.0,7.813,8.0,1.7475513954503,22200,0.0,1.0
2000-02-07,7.875,7.875,7.75,7.75,1.69294041434247,7000,0.0,1.0
2000-02-04,7.875,7.875,7.75,7.75,1.69294041434247,8400,0.0,1.0
2000-02-03,7.75,8.0,7.75,7.875,1.72024590489638,18100,0.0,1.0
2000-02-02,7.625,7.625,7.125,7.5,1.63832943323465,12000,0.0,1.0
2000-02-01,7.5,7.75,7.25,7.25,1.58371845212683,27900,0.0,1.0
2000-01-31,7.813,7.813,7.563,7.563,1.65209140047382,5300,0.0,1.0
2000-01-28,7.75,7.75,7.563,7.563,1.65209140047382,4300,0.0,1.0
2000-01-27,7.563,7.75,7.563,7.75,1.69294041434247,4800,0.0,1.0
2000-01-26,7.875,7.875,7.75,7.75,1.69294041434247,400,0.0,1.0
2000-01-25,7.625,7.625,7.563,7.563,1.65209140047382,4400,0.0,1.0
2000-01-24,7.688,7.875,7.625,7.875,1.72024590489638,11000,0.0,1.0
2000-01-21,7.875,7.875,7.625,7.625,1.66563492378856,5100,0.0,1.0
2000-01-20,7.75,7.75,7.75,7.75,1.69294041434247,1200,0.0,1.0
2000-01-19,7.875,8.25,7.875,7.875,1.72024590489638,14900,0.0,1.0
2000-01-18,7.875,8.125,7.875,7.875,1.72024590489638,4600,0.0,1.0
2000-01-14,8.0,8.125,7.75,7.875,1.72024590489638,23100,0.0,1.0
2000-01-13,8.0,8.0,7.688,7.875,1.72024590489638,4100,0.0,1.0
2000-01-12,7.688,8.0,7.625,7.875,1.72024590489638,20300,0.0,1.0
2000-01-11,8.0,8.0,7.688,7.688,1.67939689102773,19300,0.0,1.0
2000-01-10,7.875,7.875,7.625,7.75,1.69294041434247,3800,0.0,1.0
2000-01-07,7.625,7.875,7.625,7.813,1.70670238158164,3500,0.0,1.0
2000-01-06,7.625,7.688,7.625,7.688,1.67939689102773,300,0.0,1.0
2000-01-05,7.5,7.688,7.5,7.688,1.67939689102773,3800,0.0,1.0
2000-01-04,8.188,8.188,7.5,7.5,1.63832943323465,12200,0.0,1.0
2000-01-03,8.0,8.19,8.0,8.19,1.78905574109224,800,0.0,1.0
1999-12-31,7.938,8.25,7.875,8.25,1.80216237655812,24700,0.0,1.0
1999-12-30,7.625,7.938,7.625,7.875,1.72024590489638,25300,0.06,1.0
1999-12-29,7.875,7.875,7.625,7.625,1.65304033079205,7900,0.0,1.0
1999-12-28,7.75,7.813,7.75,7.813,1.69379725960371,6300,0.0,1.0
1999-12-27,8.0,8.0,8.0,8.0,1.73433739624084,7500,0.0,1.0
1999-12-23,8.0,8.25,8.0,8.0,1.73433739624084,4400,0.0,1.0
1999-12-22,8.156,8.25,7.875,8.25,1.78853543987337,4700,0.0,1.0
1999-12-21,8.25,8.25,8.25,8.25,1.78853543987337,2000,0.0,1.0
1999-12-20,8.063,8.25,8.063,8.063,1.74799530323624,500,0.0,1.0
1999-12-17,8.25,8.25,8.0,8.0,1.73433739624084,22800,0.0,1.0
1999-12-16,7.688,8.5,7.688,8.125,1.7614364180571,27500,0.0,1.0
1999-12-15,7.75,8.0,7.625,7.625,1.65304033079205,2800,0.0,1.0
1999-12-14,7.5,7.563,7.5,7.563,1.63959921597119,2000,0.0,1.0
1999-12-13,7.625,8.25,7.5,8.0,1.73433739624084,12600,0.0,1.0
1999-12-10,7.75,8.25,7.625,8.25,1.78853543987337,27400,0.0,1.0
1999-12-09,8.25,8.25,7.875,7.875,1.70723837442458,1400,0.0,1.0
1999-12-08,7.938,7.938,7.875,7.875,1.70723837442458,3200,0.0,1.0
1999-12-07,8.25,8.25,7.875,7.875,1.70723837442458,1200,0.0,1.0
1999-12-06,8.188,8.188,7.813,7.875,1.70723837442458,5400,0.0,1.0
1999-12-03,8.25,8.5,8.125,8.125,1.7614364180571,2400,0.0,1.0
1999-12-02,8.313,8.5,8.25,8.25,1.78853543987337,1300,0.0,1.0
1999-12-01,8.875,8.875,8.5,8.5,1.84273348350589,2400,0.0,1.0
1999-11-30,8.313,8.875,8.125,8.875,1.92403054895468,73900,0.0,1.0
1999-11-29,7.75,8.5,7.75,8.313,1.80219334686876,15000,0.0,1.0
1999-11-26,7.75,7.875,7.75,7.875,1.70723837442458,4100,0.0,1.0
1999-11-24,8.0,8.0,7.875,7.938,1.72089628141998,26900,0.0,1.0
1999-11-23,8.0,8.0,7.875,7.875,1.70723837442458,2100,0.0,1.0
1999-11-22,8.375,8.406,8.125,8.125,1.7614364180571,5300,0.0,1.0
1999-11-19,8.375,8.5,8.125,8.125,1.7614364180571,37900,0.0,1.0
1999-11-18,8.25,8.25,8.125,8.25,1.78853543987337,10300,0.0,1.0
1999-11-17,8.406,8.5,8.125,8.25,1.78853543987337,245200,0.0,1.0
1999-11-16,8.438,8.438,8.313,8.406,1.82235501910006,8400,0.0,1.0
1999-11-15,8.375,8.563,8.375,8.375,1.81563446168963,3000,0.0,1.0
1999-11-12,8.625,8.813,8.375,8.5,1.84273348350589,42500,0.0,1.0
1999-11-11,8.375,8.563,8.25,8.563,1.85639139050129,117600,0.0,1.0
1999-11-10,8.375,8.625,8.375,8.375,1.81563446168963,4800,0.0,1.0
1999-11-09,8.25,8.688,8.25,8.313,1.80219334686876,38700,0.0,1.0
1999-11-08,8.25,8.25,8.063,8.25,1.78853543987337,51200,0.0,1.0
1999-11-05,7.813,8.313,7.813,8.25,1.78853543987337,79500,0.0,1.0
1999-11-04,7.875,8.0,7.75,8.0,1.73433739624084,4400,0.0,1.0
1999-11-03,8.0,8.0,7.75,7.938,1.72089628141998,6300,0.0,1.0
1999-11-02,7.875,7.938,7.625,7.875,1.70723837442458,58700,0.0,1.0
1999-11-01,8.0,8.0,7.625,7.938,1.72089628141998,51600,0.0,1.0
