,CSL_Open,CSL_High,CSL_Low,CSL_Close,CSL_Adj Close,CSL_Volume,CSL_Dividend Amount,CSL_Split Coefficient
2024-10-04,451.82,455.11,446.94,454.48,454.48,261525,0.0,1.0
2024-10-03,444.73,447.92,441.06,447.89,447.89,336791,0.0,1.0
2024-10-02,443.86,451.82,442.37,445.36,445.36,307044,0.0,1.0
2024-10-01,449.07,450.385,436.47,448.4,448.4,336176,0.0,1.0
2024-09-30,443.37,450.04,440.95,449.75,449.75,275361,0.0,1.0
2024-09-27,445.91,450.7,443.75,444.59,444.59,203129,0.0,1.0
2024-09-26,441.4,445.29,440.02,444.31,444.31,155768,0.0,1.0
2024-09-25,439.49,441.415,435.615,438.13,438.13,176192,0.0,1.0
2024-09-24,442.0,442.0,437.08,438.5,438.5,264254,0.0,1.0
2024-09-23,439.74,444.5,437.01,442.08,442.08,280474,0.0,1.0
2024-09-20,438.57,439.86,435.075,436.98,436.98,1086988,0.0,1.0
2024-09-19,437.55,440.0,430.63,438.55,438.55,317164,0.0,1.0
2024-09-18,423.98,432.295,417.52,425.29,425.29,297700,0.0,1.0
2024-09-17,420.52,424.95,416.72,420.3,420.3,230709,0.0,1.0
2024-09-16,411.92,420.02,410.03,418.29,418.29,279606,0.0,1.0
2024-09-13,408.13,412.365,404.1,411.3,411.3,242930,0.0,1.0
2024-09-12,400.95,405.36,399.37,403.89,403.89,204131,0.0,1.0
2024-09-11,394.63,400.32,387.4538,399.85,399.85,261057,0.0,1.0
2024-09-10,397.47,401.67,394.98,396.84,396.84,232144,0.0,1.0
2024-09-09,404.61,406.57,395.01,395.08,395.08,491609,0.0,1.0
2024-09-06,403.7,409.92,398.58,402.11,402.11,308673,0.0,1.0
2024-09-05,402.34,403.93,396.29,402.28,402.28,223595,0.0,1.0
2024-09-04,403.07,405.01,399.2,402.34,402.34,263453,0.0,1.0
2024-09-03,421.95,421.95,401.02,403.4,403.4,344712,0.0,1.0
2024-08-30,417.84,425.16,415.42,423.8,423.8,387843,0.0,1.0
2024-08-29,417.82,419.98,412.17,413.51,413.51,244533,0.0,1.0
2024-08-28,416.49,419.76,413.41,416.45,416.45,250883,0.0,1.0
2024-08-27,417.2,421.611,413.98,416.41,416.41,362414,0.0,1.0
2024-08-26,424.68,426.54,419.0,419.25,419.25,219726,0.0,1.0
2024-08-23,414.34,422.78,413.54,422.76,422.76,269898,0.0,1.0
2024-08-22,413.06,413.32,408.5175,410.86,410.86,201205,0.0,1.0
2024-08-21,405.13,413.4,404.78,413.08,413.08,237712,0.0,1.0
2024-08-20,407.87,411.05,402.065,402.69,402.69,247986,1.0,1.0
2024-08-19,405.0,409.18,401.67,408.13,407.119001461518,267259,0.0,1.0
2024-08-16,406.18,407.65,402.115,403.47,402.470544972628,312166,0.0,1.0
2024-08-15,404.31,407.08,401.09,406.51,405.503014441775,397658,0.0,1.0
2024-08-14,396.74,404.09,393.83,396.48,395.497860239293,312161,0.0,1.0
2024-08-13,386.89,398.1,384.8601,395.54,394.560188758701,366947,0.0,1.0
2024-08-12,388.15,388.15,382.92,383.93,382.978948450544,222083,0.0,1.0
2024-08-09,386.28,390.58,382.61,388.15,387.188494884689,257469,0.0,1.0
2024-08-08,380.5,387.0,378.31,385.56,384.604910698804,338333,0.0,1.0
2024-08-07,387.73,394.185,376.14,376.5,375.567353662464,396711,0.0,1.0
2024-08-06,376.24,388.075,373.31,383.02,382.071202655503,720969,0.0,1.0
2024-08-05,376.5,382.1,372.89,376.98,376.046164631277,1065918,0.0,1.0
2024-08-02,396.76,397.97,389.35,397.27,396.28590329213,335044,0.0,1.0
2024-08-01,419.97,424.16,402.05,405.0,403.996754935718,560262,0.0,1.0
2024-07-31,421.91,426.67,415.18,418.58,417.543115261711,399410,0.0,1.0
2024-07-30,428.78,433.165,413.89,417.16,416.126632812307,336638,0.0,1.0
2024-07-29,426.78,427.98,422.1,426.15,425.094363249028,393627,0.0,1.0
2024-07-26,415.24,431.35,414.725,424.66,423.608054200005,509810,0.0,1.0
2024-07-25,409.0,422.0,397.72,410.67,409.652709504818,682814,0.0,1.0
2024-07-24,424.54,425.73,410.61,412.27,411.248746067527,573691,0.0,1.0
2024-07-23,424.11,430.31,424.11,429.48,428.416114345166,241994,0.0,1.0
2024-07-22,420.87,428.86,417.06,427.37,426.311341128093,388411,0.0,1.0
2024-07-19,422.84,423.06,416.74,417.0,415.967029156036,234984,0.0,1.0
2024-07-18,424.31,433.38,420.41,423.03,421.982091951745,456544,0.0,1.0
2024-07-17,436.65,441.38,425.89,425.89,424.835007307588,352972,0.0,1.0
2024-07-16,433.37,443.87,432.76,440.08,438.989856573113,391169,0.0,1.0
2024-07-15,437.75,440.0,430.3,430.91,429.842572023087,343209,0.0,1.0
2024-07-12,429.46,437.92,429.46,430.54,429.473488567961,311642,0.0,1.0
2024-07-11,423.22,431.7,421.49,426.05,424.994610963858,335378,0.0,1.0
2024-07-10,413.0,418.29,409.51,416.88,415.847326413832,270809,0.0,1.0
2024-07-09,409.7,414.45,406.4,407.6,406.59031435012,173139,0.0,1.0
2024-07-08,409.49,415.37,409.49,410.13,409.114047164904,207188,0.0,1.0
2024-07-05,408.85,409.92,403.475,406.95,405.94192449652,217498,0.0,1.0
2024-07-03,405.66,410.74,402.835,408.85,407.837217914737,258510,0.0,1.0
2024-07-02,397.66,407.13,397.4701,405.46,404.455615447497,341108,0.0,1.0
2024-07-01,408.52,410.92,397.55,397.61,396.625061061706,301222,0.0,1.0
2024-06-28,412.12,418.025,403.27,405.21,404.206234734574,1032018,0.0,1.0
2024-06-27,412.43,415.41,410.7,411.23,410.211322301766,240652,0.0,1.0
2024-06-26,413.17,414.69,408.64,412.43,411.408349723798,299194,0.0,1.0
2024-06-25,426.43,427.79,409.825,415.42,414.39094305036,332634,0.0,1.0
2024-06-24,418.88,427.93,418.88,426.43,425.373669647502,411802,0.0,1.0
2024-06-21,419.04,419.56,407.08,417.22,416.186484183408,2187958,0.0,1.0
2024-06-20,420.96,423.92,415.34,419.98,418.939647254081,442835,0.0,1.0
2024-06-18,415.43,422.15,412.88,422.12,421.074346156704,342664,0.0,1.0
2024-06-17,404.68,415.39,404.68,415.17,414.141562337437,346190,0.0,1.0
2024-06-14,409.25,412.35,403.515,405.3,404.296011791226,293877,0.0,1.0
2024-06-13,414.98,416.17,409.06,413.59,412.565476231762,333474,0.0,1.0
2024-06-12,416.21,421.43,412.3,415.59,414.560521935148,283948,0.0,1.0
2024-06-11,407.13,409.07,400.83,408.94,407.926994971389,283283,0.0,1.0
2024-06-10,405.91,409.52,403.69,408.98,407.966895885457,341762,0.0,1.0
2024-06-07,405.35,411.435,404.9,408.85,407.837217914737,283726,0.0,1.0
2024-06-06,406.27,411.23,403.63,407.5,406.490562064951,258978,0.0,1.0
2024-06-05,405.49,410.4,403.2,407.22,406.211255666477,314818,0.0,1.0
2024-06-04,404.1,406.78,400.79,402.69,401.692477148307,342797,0.0,1.0
2024-06-03,418.93,419.99,401.575,405.32,404.31596224826,529874,0.0,1.0
2024-05-31,418.6,418.99,408.18,418.29,417.25383363472,554430,0.0,1.0
2024-05-30,414.65,420.68,413.53,417.17,416.136608040823,206417,0.0,1.0
2024-05-29,417.54,418.84,413.89,414.54,413.513122940871,305188,0.0,1.0
2024-05-28,428.21,430.19,419.455,421.42,420.376080160519,333152,0.0,1.0
2024-05-24,424.91,430.21,422.8225,427.92,426.859978696525,192747,0.0,1.0
2024-05-23,425.0,427.0113,420.285,423.2,422.151670836533,283572,0.0,1.0
2024-05-22,424.98,429.6,421.075,423.52,422.470878149075,348733,0.0,1.0
2024-05-21,418.24,427.14,416.69,426.8,425.742753102628,256766,0.0,1.0
2024-05-20,417.63,420.98,416.3,419.82,418.78004359781,322126,0.0,1.0
2024-05-17,415.72,418.27,411.6,417.63,416.595468552602,283423,0.85,1.0
2024-05-16,421.35,422.192,414.7,415.05,413.180914793437,285131,0.0,1.0
2024-05-15,422.6,426.6651,420.2,421.35,419.452544147006,283664,0.0,1.0
2024-05-14,415.39,420.32,412.37,418.92,417.033487110629,319847,0.0,1.0
2024-05-13,418.46,420.525,413.9,414.69,412.822535973233,313433,0.0,1.0
2024-05-10,419.19,420.5999,411.59,416.63,414.753799615443,349611,0.0,1.0
2024-05-09,408.49,417.86,408.49,417.61,415.729386403776,274013,0.0,1.0
2024-05-08,404.0,408.92,401.74,408.49,406.650456291943,243567,0.0,1.0
2024-05-07,405.0,412.46,404.5,405.55,403.723695926945,369549,0.0,1.0
2024-05-06,402.0,408.075,400.44,405.47,403.644056189122,313929,0.0,1.0
2024-05-03,399.52,403.17,396.61,398.47,396.675579129601,202235,0.0,1.0
2024-05-02,390.58,396.27,386.5484,395.07,393.29089027212,369217,0.0,1.0
2024-05-01,387.8,393.23,383.56,385.18,383.44542768374,450431,0.0,1.0
2024-04-30,395.0,397.8299,386.72,388.25,386.501602622701,590999,0.0,1.0
2024-04-29,400.11,403.51,396.32,397.0,395.212198947102,454241,0.0,1.0
2024-04-26,410.0,415.0,399.87,400.56,398.756167280229,681997,0.0,1.0
2024-04-25,370.43,382.9199,364.0,382.03,380.309613006955,458510,0.0,1.0
2024-04-24,384.0,386.58,374.99,375.3,373.609920062588,292534,0.0,1.0
2024-04-23,372.37,379.66,372.3611,379.33,377.621771855426,195242,0.0,1.0
2024-04-22,369.76,374.2799,367.96,370.29,368.622481481416,166275,0.0,1.0
2024-04-19,368.61,371.045,365.24,367.41,365.755450919785,200255,0.0,1.0
2024-04-18,371.57,373.445,365.79,367.41,365.755450919785,264577,0.0,1.0
2024-04-17,375.91,375.91,368.16,368.84,367.179011233373,254939,0.0,1.0
2024-04-16,371.68,376.45,369.34,374.24,372.554693536432,211840,0.0,1.0
2024-04-15,376.87,380.5511,371.535,373.12,371.439737206908,211897,0.0,1.0
2024-04-12,374.24,379.35,371.645,373.14,371.459647141364,293189,0.0,1.0
2024-04-11,382.62,383.49,377.35,377.64,375.939382393913,242212,0.0,1.0
2024-04-10,384.37,389.61,380.55,382.9,381.175695155781,268740,0.0,1.0
2024-04-09,399.19,400.0,387.89,392.15,390.384039841577,238512,0.0,1.0
2024-04-08,400.89,403.44,399.0,400.5,398.696437476862,249320,0.0,1.0
2024-04-05,391.72,400.23,391.34,399.0,397.203192392679,264316,0.0,1.0
2024-04-04,399.65,400.0,387.995,390.41,388.651875543924,325044,0.0,1.0
2024-04-03,400.0,400.94,394.83,395.93,394.147017453718,321668,0.0,1.0
2024-04-02,391.52,391.52,386.9,391.19,389.4283629877,283550,0.0,1.0
2024-04-01,392.77,395.93,389.0,393.91,392.136114073685,276875,0.0,1.0
2024-03-28,393.0,393.4325,389.54,391.85,390.08539082474,223572,0.0,1.0
2024-03-27,390.58,390.58,386.18,388.62,386.869936410133,242350,0.0,1.0
2024-03-26,387.09,392.625,382.715,388.5,386.750476803398,392345,0.0,1.0
2024-03-25,387.65,389.593,386.07,387.31,385.56583570328,202411,0.0,1.0
2024-03-22,388.63,390.87,384.26,387.02,385.277141653671,287903,0.0,1.0
2024-03-21,382.21,389.31,379.64,388.65,386.899801311816,288193,0.0,1.0
2024-03-20,375.43,380.84,370.15,379.25,377.542132117603,284642,0.0,1.0
2024-03-19,370.92,373.82,366.2,372.36,370.683159697589,283586,0.0,1.0
2024-03-18,371.48,373.12,365.82,367.14,365.486666804632,367564,0.0,1.0
2024-03-15,361.25,372.22,361.25,371.48,369.807122581535,916765,0.0,1.0
2024-03-14,362.6,366.82,360.495,363.41,361.77346402863,227510,0.0,1.0
2024-03-13,360.76,364.79,360.76,362.89,361.25580573278,228125,0.0,1.0
2024-03-12,357.0,361.62,356.51,361.56,359.931795091471,216433,0.0,1.0
2024-03-11,353.87,357.48,350.76,357.0,355.392330035555,204127,0.0,1.0
2024-03-08,366.02,367.18,354.69,354.81,353.212192212648,193202,0.0,1.0
2024-03-07,362.46,367.29,361.824,365.38,363.734592572524,241499,0.0,1.0
2024-03-06,358.02,360.68,357.45,360.64,359.015938106506,187786,0.0,1.0
2024-03-05,349.36,356.075,349.36,355.47,353.869220049688,233860,0.0,1.0
2024-03-04,348.52,354.09,347.97,352.49,350.902639815778,273757,0.0,1.0
2024-03-01,350.57,350.6725,346.545,347.1,345.536912479947,392954,0.0,1.0
2024-02-29,349.79,353.95,346.72,350.0,348.423852976034,488034,0.0,1.0
2024-02-28,347.27,350.535,346.29,349.68,348.105294024742,351290,0.0,1.0
2024-02-27,351.18,351.634,346.42,347.2,345.636462152226,309326,0.0,1.0
2024-02-26,355.0,357.35,350.02,350.29,348.712547025643,167700,0.0,1.0
2024-02-23,355.0,357.78,353.635,356.27,354.665617427919,171367,0.0,1.0
2024-02-22,350.0,353.24,349.02,352.86,351.27097360321,198758,0.0,1.0
2024-02-21,346.23,347.98,343.56,347.44,345.875381365695,278404,0.0,1.0
2024-02-20,339.91,347.42,339.1005,346.92,345.357723069845,218601,0.0,1.0
2024-02-16,345.42,348.2,341.83,341.92,340.380239455902,237922,0.0,1.0
2024-02-15,347.78,349.38,344.0,345.28,343.725108444472,226238,0.85,1.0
2024-02-14,347.32,349.2888,344.425,347.42,345.006145597834,241891,0.0,1.0
2024-02-13,343.82,346.435,338.525,343.73,341.341783507983,303255,0.0,1.0
2024-02-12,345.77,350.99,344.14,350.51,348.074676453563,314191,0.0,1.0
2024-02-09,341.74,348.71,341.74,346.11,343.705247403334,298369,0.0,1.0
2024-02-08,340.2,343.57,337.0101,342.74,340.358661971682,446876,0.0,1.0
2024-02-07,347.9,350.0,333.5,341.91,339.53442876448,815904,0.0,1.0
2024-02-06,315.67,318.06,313.56,317.61,315.403263782535,476491,0.0,1.0
2024-02-05,317.36,319.69,314.12,314.54,312.354593967943,240739,0.0,1.0
2024-02-02,316.85,321.32,314.11,320.99,318.759779734756,244163,0.0,1.0
2024-02-01,316.56,319.04,313.14,319.04,316.823328223859,241004,0.0,1.0
2024-01-31,321.0,322.29,313.96,314.26,312.076539392019,730989,0.0,1.0
2024-01-30,312.59,320.53,310.04,320.38,318.154017980065,331904,0.0,1.0
2024-01-29,309.54,314.13,308.44,314.0,311.818345857233,118804,0.0,1.0
2024-01-26,311.93,311.93,308.195,309.05,306.902738175726,119933,0.0,1.0
2024-01-25,305.53,310.605,302.44,310.21,308.054678561695,194491,0.0,1.0
2024-01-24,306.68,306.68,302.08,302.19,300.090401065596,208756,0.0,1.0
2024-01-23,309.34,310.59,303.8,303.92,301.808381123982,242178,0.0,1.0
2024-01-22,310.74,313.52,308.5,309.16,307.011973901982,246701,0.0,1.0
2024-01-19,309.85,310.85,305.06,308.74,306.594892038096,226553,0.0,1.0
2024-01-18,310.53,311.74,306.65,310.11,307.955373356008,161975,0.0,1.0
2024-01-17,300.4,310.69,299.98,309.6,307.448916807004,279269,0.0,1.0
2024-01-16,299.96,300.9,297.25,300.88,298.789502871097,192104,0.0,1.0
2024-01-12,307.73,307.905,301.32,302.1,300.001026380478,169371,0.0,1.0
2024-01-11,305.08,307.24,301.64,306.06,303.933512525684,139854,0.0,1.0
2024-01-10,308.18,310.86,304.66,305.98,303.854068361134,221118,0.0,1.0
2024-01-09,307.83,309.93,306.51,307.71,305.57204841952,117790,0.0,1.0
2024-01-08,306.25,309.53,305.0,309.53,307.379403163023,140601,0.0,1.0
2024-01-05,301.46,308.185,301.005,306.25,304.122192416489,277323,0.0,1.0
2024-01-04,301.22,304.15,300.61,301.66,299.564083475455,214316,0.0,1.0
2024-01-03,305.61,306.2,300.35,301.57,299.474708790337,199533,0.0,1.0
2024-01-02,309.89,312.83,308.11,310.0,307.846137629752,166816,0.0,1.0
2023-12-29,312.91,315.28,311.27,312.43,310.259254127947,133145,0.0,1.0
2023-12-28,312.26,315.98,312.26,313.95,311.76869325439,93423,0.0,1.0
2023-12-27,313.98,315.212,312.9363,313.91,311.728971172115,137940,0.0,1.0
2023-12-26,313.38,315.88,311.5278,314.19,312.007025748038,126882,0.0,1.0
2023-12-22,311.59,313.84,311.13,312.06,309.891824866905,209761,0.0,1.0
2023-12-21,312.67,313.94,309.39,310.67,308.511482507856,172921,0.0,1.0
2023-12-20,311.95,317.09,308.69,309.45,307.299958998474,338081,0.0,1.0
2023-12-19,317.48,318.74,312.78,313.08,310.904737964913,268105,0.0,1.0
2023-12-18,314.1,315.0,309.985,314.77,312.582995941023,415259,0.0,1.0
2023-12-15,307.14,315.0,305.07,314.41,312.22549720055,928519,0.0,1.0
2023-12-14,300.0,310.24,298.72,309.09,306.942460258001,426088,0.0,1.0
2023-12-13,293.69,299.28,291.23,297.71,295.641527850818,405374,0.0,1.0
2023-12-12,295.18,295.6,291.45,295.35,293.297924996605,241350,0.0,1.0
2023-12-11,296.34,298.583,295.455,295.56,293.506465928547,363585,0.0,1.0
2023-12-08,295.0,299.26,293.27,295.1,293.049661982387,283894,0.0,1.0
2023-12-07,290.48,296.01,290.32,294.12,292.076470966654,327021,0.0,1.0
2023-12-06,290.19,293.49,289.21,290.48,288.461761479647,378811,0.0,1.0
2023-12-05,289.34,291.805,286.6,288.17,286.167811228277,202159,0.0,1.0
2023-12-04,283.87,291.76,283.87,291.39,289.365438851399,323330,0.0,1.0
2023-12-01,281.02,288.31,278.2,286.21,284.221429196811,289397,0.0,1.0
2023-11-30,274.4,281.61,272.2,280.41,278.461727266964,504571,0.0,1.0
2023-11-29,276.78,279.6,275.0,275.11,273.198551365552,257085,0.0,1.0
2023-11-28,275.64,276.48,272.15,273.25,271.351474539774,237213,0.0,1.0
2023-11-27,274.81,277.405,273.378,276.48,274.559032683464,240714,0.0,1.0
2023-11-24,273.54,276.75,272.33,275.8,273.883757284793,93058,0.0,1.0
2023-11-22,274.6,276.095,272.73,274.05,272.14591618527,148326,0.0,1.0
2023-11-21,272.93,274.61,271.58,273.43,271.53022391001,206044,0.0,1.0
2023-11-20,271.57,274.63,269.5784,274.36,272.4537623229,211252,0.0,1.0
2023-11-17,275.15,275.92,272.51,273.26,271.361405060342,276856,0.0,1.0
2023-11-16,281.1,281.8,273.02,273.46,271.560015471716,343219,0.0,1.0
2023-11-15,280.68,282.84,279.18,280.28,278.332630499571,222268,0.0,1.0
2023-11-14,275.36,284.29,274.905,281.39,279.434918282697,361937,0.85,1.0
2023-11-13,267.4,270.15,267.4,269.92,267.237362325913,231691,0.0,1.0
2023-11-10,262.76,268.74,260.8,268.52,265.851276421733,183206,0.0,1.0
2023-11-09,263.96,264.6,260.73,261.27,258.6733315608,249668,0.0,1.0
2023-11-08,265.87,265.87,261.87,262.6,259.990113169771,306282,0.0,1.0
2023-11-07,266.83,268.835,264.235,264.86,262.227651843662,286190,0.0,1.0
2023-11-06,269.85,270.595,267.06,267.96,265.29684206006,192429,0.0,1.0
2023-11-03,267.31,271.97,267.3,270.55,267.861100982794,226550,0.0,1.0
2023-11-02,260.17,265.88,259.745,263.35,260.732659189868,263958,0.0,1.0
2023-11-01,254.86,256.92,252.55,255.89,253.346801443308,288775,0.0,1.0
2023-10-31,255.25,260.045,253.0,254.09,251.564690995077,443323,0.0,1.0
2023-10-30,250.95,255.18,248.81,254.98,252.445845605591,378422,0.0,1.0
2023-10-27,240.08,253.06,237.76,248.78,246.307465172794,496850,0.0,1.0
2023-10-26,238.53,243.09,236.4205,237.43,235.070268735334,524327,0.0,1.0
2023-10-25,239.31,240.22,235.79,237.15,234.793051554498,326903,0.0,1.0
2023-10-24,243.77,244.73,240.51,241.55,239.149321539064,309058,0.0,1.0
2023-10-23,244.69,246.5075,241.45,241.53,239.129520311862,318761,0.0,1.0
2023-10-20,246.97,247.0154,244.34,246.18,243.73330563646,278082,0.0,1.0
2023-10-19,255.7,256.985,246.3,246.62,244.168932634916,377000,0.0,1.0
2023-10-18,261.45,261.45,254.9474,256.72,254.168552372215,210926,0.0,1.0
2023-10-17,262.29,269.64,262.29,264.75,262.118745094048,301517,0.0,1.0
2023-10-16,259.6,265.14,258.1464,264.08,261.455403982761,263149,0.0,1.0
2023-10-13,257.99,261.19,253.94,256.22,253.673521692151,188552,0.0,1.0
2023-10-12,266.08,266.08,257.31,257.96,255.396228458774,294760,0.0,1.0
2023-10-11,263.33,267.57,261.87,267.57,264.91071812961,154156,0.0,1.0
2023-10-10,266.17,267.385,262.45,263.37,260.75246041707,249345,0.0,1.0
2023-10-09,260.83,264.44,259.29,264.2,261.574211345977,131993,0.0,1.0
2023-10-06,256.99,264.65,250.99,262.33,259.722796602536,292722,0.0,1.0
2023-10-05,255.41,259.65,255.05,258.13,255.564538889996,255817,0.0,1.0
2023-10-04,252.74,255.96,248.315,255.76,253.218093466492,232009,0.0,1.0
2023-10-03,250.73,253.78,250.07,251.13,248.634109369096,255848,0.0,1.0
2023-10-02,258.61,260.56,251.1,251.73,249.228146185173,291503,0.0,1.0
2023-09-29,261.14,263.25,258.58,259.26,256.683308226942,333891,0.0,1.0
2023-09-28,255.55,261.63,255.55,259.39,256.812016203758,231808,0.0,1.0
2023-09-27,255.27,255.75,251.69,255.06,252.525050514402,325138,0.0,1.0
2023-09-26,248.2,255.2,247.67,253.45,250.931051724594,375567,0.0,1.0
2023-09-25,255.04,257.139,253.24,255.68,253.138888557681,197290,0.0,1.0
2023-09-22,254.63,256.14,253.73,254.29,251.762703267102,298609,0.0,1.0
2023-09-21,264.57,264.57,255.75,255.91,253.366602670511,431867,0.0,1.0
2023-09-20,273.79,275.6099,265.37,266.22,263.574135293437,242547,0.0,1.0
2023-09-19,270.46,273.32,267.1,271.91,269.207584432569,288517,0.0,1.0
2023-09-18,269.92,274.77,268.15,270.29,267.60368502916,626192,0.0,1.0
2023-09-15,272.01,275.14,266.38,269.28,266.60372305543,1283737,0.0,1.0
2023-09-14,278.63,279.545,272.83,274.38,271.653035992086,543797,0.0,1.0
2023-09-13,280.06,283.38,275.67,277.53,274.771729276491,627109,0.0,1.0
2023-09-12,276.4,281.34,273.14,280.68,277.890422560896,753447,0.0,1.0
2023-09-11,263.02,279.68,261.69,278.37,275.603380818999,1064690,0.0,1.0
2023-09-08,248.26,253.62,248.25,251.36,248.861823481926,614727,0.0,1.0
2023-09-07,253.62,254.65,247.86,248.26,245.792633265527,630483,0.0,1.0
2023-09-06,257.1,259.5,253.471,253.65,251.12906399662,449606,0.0,1.0
2023-09-05,266.13,266.35,254.94,257.87,255.307122936363,384646,0.0,1.0
2023-09-01,265.44,269.92,265.44,268.59,265.920580716942,308353,0.0,1.0
2023-08-31,264.48,266.2992,262.97,263.02,260.405938941025,347728,0.0,1.0
2023-08-30,267.17,268.12,263.58,264.11,261.485105823565,273467,0.0,1.0
2023-08-29,262.03,266.59,261.0,266.27,263.623638361443,183471,0.0,1.0
2023-08-28,260.08,264.13,260.08,262.61,260.000013783372,191398,0.0,1.0
2023-08-25,260.75,260.89,254.985,259.28,256.703109454144,302350,0.0,1.0
2023-08-24,260.04,263.0128,258.88,259.76,257.178338907006,268279,0.0,1.0
2023-08-23,259.59,261.36,257.515,261.24,258.643629719996,476392,0.0,1.0
2023-08-22,265.35,267.8021,258.96,259.53,256.950624794176,389166,0.0,1.0
2023-08-21,267.02,267.55,263.4,265.95,263.306818726202,416546,0.0,1.0
2023-08-18,269.1,269.1,265.13,266.59,263.940457996684,516162,0.0,1.0
2023-08-17,280.56,282.595,271.47,271.58,268.880864183726,413812,0.0,1.0
2023-08-16,280.58,283.76,279.97,280.1,277.316186972022,279635,0.85,1.0
2023-08-15,285.7,286.56,281.75,281.87,278.224287673265,272457,0.0,1.0
2023-08-14,287.62,287.66,284.84,286.6,282.89310975683,234390,0.0,1.0
2023-08-11,285.96,288.85,284.88,288.37,284.640216540744,225390,0.0,1.0
2023-08-10,285.18,289.12,284.48,285.8,282.10345697314,274704,0.0,1.0
2023-08-09,284.4,288.27,284.32,285.22,281.530958704965,303091,0.0,1.0
2023-08-08,283.77,286.08,281.62,285.11,281.422381447208,269197,0.0,1.0
2023-08-07,284.4,288.27,283.48,285.71,282.014621034975,348968,0.0,1.0
2023-08-04,282.0,286.14,281.8,283.66,279.991135776771,327299,0.0,1.0
2023-08-03,277.21,281.17,276.185,278.41,274.809039383807,284763,0.0,1.0
2023-08-02,276.33,278.7,275.185,278.31,274.710332785846,272766,0.0,1.0
2023-08-01,275.0,278.825,275.0,278.32,274.720203445642,465259,0.0,1.0
2023-07-31,278.52,280.4,274.49,277.2,273.614689548476,478457,0.0,1.0
2023-07-28,278.6,280.11,273.935,277.42,273.831844063991,479541,0.0,1.0
2023-07-27,280.151,282.22,271.4,276.79,273.209992496835,827525,0.0,1.0
2023-07-26,267.84,276.31,267.84,273.4,269.86383882595,589853,0.0,1.0
2023-07-25,265.91,271.1,265.735,268.79,265.313464659939,339911,0.0,1.0
2023-07-24,270.03,272.03,266.14,266.69,263.240626102753,342994,0.0,1.0
2023-07-21,269.34,271.83,267.98,269.59,266.103117443628,296321,0.0,1.0
2023-07-20,270.38,270.54,267.75,268.75,265.273982020754,356645,0.0,1.0
2023-07-19,268.58,270.27,267.75,268.86,265.382559278511,417692,0.0,1.0
2023-07-18,268.55,272.5,267.94,269.27,265.787256330152,396640,0.0,1.0
2023-07-17,265.71,269.6,265.71,268.74,265.264111360958,347869,0.0,1.0
2023-07-14,268.97,269.99,264.82,266.97,263.517004577044,339493,0.0,1.0
2023-07-13,265.12,269.08,263.86,268.4,264.92850892789,421906,0.0,1.0
2023-07-12,265.33,266.83,263.47,263.99,260.5755479578,288324,0.0,1.0
2023-07-11,261.62,264.775,260.47,262.28,258.887665132664,346107,0.0,1.0
2023-07-10,257.26,262.145,255.98,260.41,257.041851750789,418834,0.0,1.0
2023-07-07,253.22,258.99,253.22,257.22,253.893111275826,440478,0.0,1.0
2023-07-06,252.07,253.51,248.0,252.15,248.888686759193,567808,0.0,1.0
2023-07-05,255.13,256.93,252.65,256.06,252.748114739476,416465,0.0,1.0
2023-07-03,256.09,259.58,254.57,257.9,254.564316141963,243229,0.0,1.0
2023-06-30,257.32,259.83,253.82,256.53,253.212035749894,463953,0.0,1.0
2023-06-29,248.64,256.01,247.4,255.65,252.343417687835,400386,0.0,1.0
2023-06-28,247.88,248.83,245.87,248.33,245.118094717075,293599,0.0,1.0
2023-06-27,241.63,248.38,240.26,247.8,244.59494974788,257874,0.0,1.0
2023-06-26,241.67,243.5597,240.89,241.07,237.951995705091,240593,0.0,1.0
2023-06-23,238.83,242.4548,237.11,241.66,238.534364633062,1268621,0.0,1.0
2023-06-22,241.56,241.56,237.965,240.83,237.715099869984,368138,0.0,1.0
2023-06-21,239.04,242.51,237.77,241.7,238.573847272246,383955,0.0,1.0
2023-06-20,237.94,241.545,237.35,239.56,236.461526075877,481810,0.0,1.0
2023-06-16,241.57,242.51,237.4,239.58,236.481267395469,979992,0.0,1.0
2023-06-15,235.58,240.83,235.58,240.48,237.36962677712,338996,0.0,1.0
2023-06-14,238.55,240.26,234.85,236.1,233.046277786419,381570,0.0,1.0
2023-06-13,235.78,239.53,235.78,237.57,234.497264776448,471135,0.0,1.0
2023-06-12,232.85,237.705,231.76,235.77,232.720546013147,398915,0.0,1.0
2023-06-09,233.42,235.26,230.0,232.66,229.650770816553,475061,0.0,1.0
2023-06-08,231.71,234.78,229.44,233.58,230.558871517796,380356,0.0,1.0
2023-06-07,226.35,231.85,224.92,231.6,228.604480878164,383118,0.0,1.0
2023-06-06,224.09,228.41,223.93,226.45,223.521091083162,492171,0.0,1.0
2023-06-05,225.0,226.88,222.59,224.53,221.625924402307,363991,0.0,1.0
2023-06-02,219.69,227.43,218.755,225.93,223.007816773764,361234,0.0,1.0
2023-06-01,213.51,216.67,211.445,216.5,213.699784586021,339686,0.0,1.0
2023-05-31,215.0,215.315,210.89,212.44,209.692296708796,751019,0.0,1.0
2023-05-30,217.48,219.0,214.41,215.87,213.077933018866,348515,0.0,1.0
2023-05-26,215.81,218.36,214.83,216.83,214.025516359293,324007,0.0,1.0
2023-05-25,211.38,216.02,211.38,215.3,212.515305410487,444608,0.0,1.0
2023-05-24,210.89,212.015,207.91,211.07,208.340016316728,304722,0.0,1.0
2023-05-23,212.06,215.055,209.66,211.47,208.734842708572,258072,0.0,1.0
2023-05-22,212.54,214.43,210.815,213.39,210.630009389428,246791,0.0,1.0
2023-05-19,217.19,217.42,211.9433,212.31,209.563978131447,304748,0.0,1.0
2023-05-18,210.0,215.93,208.98,215.03,212.248797595992,269202,0.0,1.0
2023-05-17,207.03,211.235,205.89,210.31,207.589846172222,291580,0.0,1.0
2023-05-16,211.08,211.5299,205.095,205.75,203.088825305191,440239,0.75,1.0
2023-05-15,210.73,214.075,209.27,213.45,209.924018214978,302423,0.0,1.0
2023-05-12,208.82,210.5,206.835,210.07,206.599852454535,347053,0.0,1.0
2023-05-11,207.03,208.54,206.09,207.64,204.209993638595,219616,0.0,1.0
2023-05-10,212.52,213.1,207.69,208.39,204.947604384256,340028,0.0,1.0
2023-05-09,210.9,212.63,210.51,210.81,207.327628390254,366227,0.0,1.0
2023-05-08,213.64,213.82,210.25,211.92,208.419292293831,241283,0.0,1.0
2023-05-05,212.56,214.14,210.88,213.58,210.051870744226,222526,0.0,1.0
2023-05-04,212.53,214.77,209.14,209.75,206.285138536387,542679,0.0,1.0
2023-05-03,213.18,216.99,211.36,213.12,209.599469486888,393487,0.0,1.0
2023-05-02,215.06,215.52,208.576,211.93,208.429127103773,394775,0.0,1.0
2023-05-01,216.1,217.93,214.47,216.44,212.864626387678,392920,0.0,1.0
2023-04-28,209.02,221.115,208.84,215.85,212.284372601092,829279,0.0,1.0
2023-04-27,214.49,219.725,213.29,217.65,214.054638390677,689365,0.0,1.0
2023-04-26,211.84,216.705,211.84,212.57,209.05855494007,414073,0.0,1.0
2023-04-25,216.75,218.2204,213.19,213.59,210.061705554168,331343,0.0,1.0
2023-04-24,219.66,220.49,216.89,217.76,214.162821300041,380623,0.0,1.0
2023-04-21,220.3,220.3,214.85,218.85,215.234815583734,325300,0.0,1.0
2023-04-20,218.91,220.695,218.1783,220.14,216.50350606627,378766,0.0,1.0
2023-04-19,216.84,221.9999,215.35,220.77,217.123099092625,594667,0.0,1.0
2023-04-18,216.94,218.61,215.8575,217.56,213.966125101198,374433,0.0,1.0
2023-04-17,211.79,217.49,210.9079,216.87,213.28752321519,436952,0.0,1.0
2023-04-14,210.76,211.87,209.45,210.88,207.396472059848,322797,0.0,1.0
2023-04-13,210.6,212.975,207.76,210.79,207.307958770369,317105,0.0,1.0
2023-04-12,213.19,215.13,210.005,210.6,207.121097381469,365248,0.0,1.0
2023-04-11,211.07,213.499,209.75,210.76,207.278454340543,285166,0.0,1.0
2023-04-10,205.6,211.03,205.6,210.54,207.062088521816,440605,0.0,1.0
2023-04-06,207.15,207.88,204.29,205.6,202.203692410399,461425,0.0,1.0
2023-04-05,209.74,209.74,203.655,206.84,203.423208843224,727576,0.0,1.0
2023-04-04,226.24,226.875,211.365,212.23,208.724171402037,613599,0.0,1.0
2023-04-03,226.07,228.99,225.18,225.81,222.079843303464,417235,0.0,1.0
2023-03-31,227.44,228.65,224.86,226.07,222.335548361959,451210,0.0,1.0
2023-03-30,225.0,227.185,224.25,225.02,221.302893318034,490786,0.0,1.0
2023-03-29,220.64,223.01,219.38,222.75,219.070391461169,229113,0.0,1.0
2023-03-28,217.72,220.6899,217.55,218.99,215.372502922924,221222,0.0,1.0
2023-03-27,215.0,218.3,213.5,217.43,213.83827257195,297581,0.0,1.0
2023-03-24,211.07,213.21,206.75,212.05,208.547144823079,573031,0.0,1.0
2023-03-23,218.14,219.8,211.61,212.96,209.442112527814,366739,0.0,1.0
2023-03-22,223.3,224.76,217.74,217.81,214.211995349752,518682,0.0,1.0
2023-03-21,224.15,226.2482,221.05,223.26,219.571966768218,588921,0.0,1.0
2023-03-20,220.03,222.03,218.93,221.07,217.418143390889,638763,0.0,1.0
2023-03-17,222.18,222.315,215.7,218.21,214.605387747437,1540383,0.0,1.0
2023-03-16,218.21,225.27,215.36,224.32,220.614456622085,762253,0.0,1.0
2023-03-15,230.76,232.63,220.835,222.63,218.952373741863,608990,0.0,1.0
2023-03-14,241.24,243.15,234.7,237.33,233.409544356809,507544,0.0,1.0
2023-03-13,239.1,241.35,235.39,237.23,233.311196257387,495588,0.0,1.0
2023-03-10,255.2,255.2,241.595,243.1,239.084229693424,556036,0.0,1.0
2023-03-09,264.21,266.735,255.47,255.62,251.397411740983,248775,0.0,1.0
2023-03-08,260.52,265.03,260.36,263.81,259.452121083596,211776,0.0,1.0
2023-03-07,263.86,265.44,260.085,260.49,256.186964182805,281605,0.0,1.0
2023-03-06,265.43,268.05,262.49,264.28,259.914357150876,258686,0.0,1.0
2023-03-03,261.98,266.76,259.49,265.44,261.055195104164,421011,0.0,1.0
2023-03-02,256.66,260.93,254.2101,260.93,256.619695820259,255197,0.0,1.0
2023-03-01,257.64,262.21,257.17,257.94,253.679087647559,219044,0.0,1.0
2023-02-28,258.35,262.24,257.63,258.22,253.954462325939,365148,0.0,1.0
2023-02-27,259.39,262.42,257.98,259.02,254.74124712131,201833,0.0,1.0
2023-02-24,254.18,260.04,253.62,257.51,253.256190820047,379165,0.0,1.0
2023-02-23,257.58,259.155,252.905,256.69,252.449736404792,255607,0.0,1.0
2023-02-22,259.93,260.46,255.8,256.97,252.725111083172,356352,0.0,1.0
2023-02-21,264.0,264.655,257.34,259.73,255.439518627202,555958,0.0,1.0
2023-02-17,259.6,267.14,258.925,266.19,261.792805849825,484802,0.0,1.0
2023-02-16,257.01,262.04,257.01,259.85,255.557536346508,361508,0.75,1.0
2023-02-15,256.42,262.15,256.42,260.79,255.743859953207,340887,0.0,1.0
2023-02-14,255.8,259.11,254.67,257.03,252.056613841684,292949,0.0,1.0
2023-02-13,256.64,258.49,255.585,257.35,252.370422021389,304859,0.0,1.0
2023-02-10,250.87,255.64,250.81,255.64,250.693509561095,328249,0.0,1.0
2023-02-09,253.99,263.335,253.63,253.68,248.771434460407,493806,0.0,1.0
2023-02-08,258.8,264.39,249.735,251.24,246.378647090164,770424,0.0,1.0
2023-02-07,245.68,250.68,242.35,250.68,245.829482775682,522303,0.0,1.0
2023-02-06,248.07,249.76,243.01,246.73,241.95591305746,445669,0.0,1.0
2023-02-03,254.75,256.95,249.28,250.48,245.633352663367,385973,0.0,1.0
2023-02-02,256.5,259.715,255.96,257.29,252.311582987694,493020,0.0,1.0
2023-02-01,250.29,257.6,249.85,255.56,250.615057516169,210448,0.0,1.0
2023-01-31,245.5,250.86,244.36,250.86,246.005999876765,613348,0.0,1.0
2023-01-30,246.83,250.05,244.63,244.67,239.935772900615,231099,0.0,1.0
2023-01-27,242.63,251.32,241.26,248.47,243.6622450346,316089,0.0,1.0
2023-01-26,242.23,245.82,240.475,243.16,238.454990552636,232812,0.0,1.0
2023-01-25,238.61,241.64,236.93,240.74,236.081816193624,190159,0.0,1.0
2023-01-24,241.02,243.55,239.69,240.32,235.669942957762,212761,0.0,1.0
2023-01-23,236.98,242.86,235.5091,240.29,235.640523440915,244564,0.0,1.0
2023-01-20,234.64,236.72,233.23,235.9,231.3354674756,197764,0.0,1.0
2023-01-19,235.58,237.78,233.37,233.92,229.393779363681,266002,0.0,1.0
2023-01-18,237.41,242.6,236.93,237.01,232.423989598948,238240,0.0,1.0
2023-01-17,238.62,241.24,236.96,238.17,233.561544250375,247796,0.0,1.0
2023-01-13,239.27,241.405,238.335,239.43,234.79716395796,245563,0.0,1.0
2023-01-12,246.99,248.3,241.61,241.93,237.248790361898,267827,0.0,1.0
2023-01-11,240.0,246.74,239.0,246.24,241.475394282288,452351,0.0,1.0
2023-01-10,237.38,239.16,235.51,238.85,234.228386632247,245415,0.0,1.0
2023-01-09,238.0,239.18,236.06,237.64,233.041799452741,211704,0.0,1.0
2023-01-06,231.09,237.705,230.41,236.63,232.05134238555,275351,0.0,1.0
2023-01-05,236.97,238.01,229.78,229.89,225.441757600532,376768,0.0,1.0
2023-01-04,235.98,238.32,232.52,238.24,233.630189789686,418375,0.0,1.0
2023-01-03,237.61,238.42,232.64,234.29,229.756620071464,318310,0.0,1.0
2022-12-30,236.11,236.815,233.29,235.65,231.090304835206,210723,0.0,1.0
2022-12-29,237.49,239.435,236.11,237.53,232.933927890967,181151,0.0,1.0
2022-12-28,239.33,240.11,235.16,235.84,231.276628441905,172666,0.0,1.0
2022-12-27,237.41,240.105,236.15,238.21,233.600770272838,156573,0.0,1.0
2022-12-23,236.45,238.25,235.85,237.89,233.286962093134,119990,0.0,1.0
2022-12-22,236.92,237.79,233.68,237.0,232.414183093332,216351,0.0,1.0
2022-12-21,237.59,240.82,235.47,239.11,234.483355778256,312801,0.0,1.0
2022-12-20,237.01,239.07,235.825,236.35,231.776760228309,265142,0.0,1.0
2022-12-19,238.99,241.58,235.29,237.31,232.718184767421,311441,0.0,1.0
2022-12-16,242.53,246.24,237.24,238.99,234.365677710867,573331,0.0,1.0
2022-12-15,246.7,248.27,240.95,244.7,239.965192417462,613806,0.0,1.0
2022-12-14,252.72,255.21,247.72,249.32,244.495798011939,344758,0.0,1.0
2022-12-13,259.2,259.2,251.26,253.54,248.634143381787,430502,0.0,1.0
2022-12-12,247.79,252.65,246.52,251.99,247.114135011345,378486,0.0,1.0
2022-12-09,250.76,253.08,247.67,248.33,243.52495395598,350331,0.0,1.0
2022-12-08,251.17,252.67,250.07,251.82,246.947424415877,302083,0.0,1.0
2022-12-07,251.28,256.25,250.38,250.96,246.104064932923,289977,0.0,1.0
2022-12-06,255.95,258.48,250.14,252.05,247.17297404504,282949,0.0,1.0
2022-12-05,258.17,258.17,253.85,255.72,250.771961606021,347627,0.0,1.0
2022-12-02,259.23,261.85,258.18,259.73,254.704370357938,348279,0.0,1.0
2022-12-01,265.15,266.3999,261.325,262.1,257.028512188871,360039,0.0,1.0
2022-11-30,255.16,263.2,253.04,263.11,258.018969256062,691341,0.0,1.0
2022-11-29,255.32,256.8097,252.16,255.53,250.585637999322,445845,0.0,1.0
2022-11-28,255.77,261.7,255.0,257.25,252.272356965231,562738,0.0,1.0
2022-11-25,255.8,262.595,255.79,258.32,253.321653066117,253220,0.0,1.0
2022-11-23,256.32,260.16,255.19,255.63,250.683703055479,264197,0.0,1.0
2022-11-22,256.53,262.19,253.61,255.56,250.615057516169,519751,0.0,1.0
2022-11-21,248.63,256.81,247.53,255.67,250.722929077942,586697,0.0,1.0
2022-11-18,249.68,252.1559,246.36,250.75,245.898128314992,525373,0.0,1.0
2022-11-17,242.81,246.74,238.83,246.74,241.965719563075,872514,0.0,1.0
2022-11-16,240.05,245.935,239.83,245.01,240.26919409155,468088,0.75,1.0
2022-11-15,245.36,247.64,239.34,242.06,236.651860033368,798828,0.0,1.0
2022-11-14,238.19,247.5,237.06,240.93,235.547106658843,665280,0.0,1.0
2022-11-11,243.42,243.42,234.78,237.5,232.193740221123,754026,0.0,1.0
2022-11-10,237.09,242.7,235.01,242.64,237.218901588435,694919,0.0,1.0
2022-11-09,228.1,232.76,227.04,229.7,224.568008963334,705410,0.0,1.0
2022-11-08,229.39,232.15,227.085,229.73,224.597338698941,449236,0.0,1.0
2022-11-07,226.89,228.24,222.185,227.85,222.759341934244,618513,0.0,1.0
2022-11-04,232.21,232.21,223.82,225.57,220.530282028121,790020,0.0,1.0
2022-11-03,230.01,233.748,222.005,227.85,222.759341934244,738279,0.0,1.0
2022-11-02,236.99,242.19,231.63,232.69,227.491205945487,742931,0.0,1.0
2022-11-01,242.25,244.29,234.13,237.35,232.047091543088,802543,0.0,1.0
2022-10-31,239.44,243.03,235.01,238.8,233.464695430754,1102517,0.0,1.0
2022-10-28,250.46,263.43,222.89,239.41,234.061066721427,2182135,0.0,1.0
2022-10-27,282.19,285.04,279.5,282.98,276.657619401151,530195,0.0,1.0
2022-10-26,281.77,284.05,274.71,279.8,273.548667426822,367692,0.0,1.0
2022-10-25,275.99,282.275,275.99,282.01,275.709291283195,518152,0.0,1.0
2022-10-24,275.9,279.25,274.67,277.16,270.967650693416,412783,0.0,1.0
2022-10-21,271.6,275.88,269.78,273.88,267.760932933731,735413,0.0,1.0
2022-10-20,285.16,285.32,269.11,270.26,264.221811503834,1012390,0.0,1.0
2022-10-19,290.68,293.78,285.67,285.96,279.571039804768,461992,0.0,1.0
2022-10-18,298.19,301.71,290.38,293.45,286.893697127952,375268,0.0,1.0
2022-10-17,285.69,292.88,285.69,291.58,285.065476941789,322091,0.0,1.0
2022-10-14,297.64,298.63,280.76,281.62,275.328004720306,346302,0.0,1.0
2022-10-13,283.77,294.37,280.03,293.63,287.069675541593,291231,0.0,1.0
2022-10-12,293.6,293.6,287.29,288.12,281.682780768463,365030,0.0,1.0
2022-10-11,290.76,296.43,290.76,293.49,286.932803442094,315111,0.0,1.0
2022-10-10,294.12,295.8599,290.7,291.7,285.182795884217,218902,0.0,1.0
2022-10-07,295.86,297.33,291.16,292.45,285.916039274389,417752,0.0,1.0
2022-10-06,296.71,301.5,296.63,298.43,291.762433238693,317457,0.0,1.0
2022-10-05,293.37,299.44,293.15,297.49,290.843434856345,310220,0.0,1.0
2022-10-04,292.47,297.33,292.47,296.47,289.846223845711,442560,0.0,1.0
2022-10-03,285.9,291.13,282.56,289.73,283.256809912699,375638,0.0,1.0
2022-09-30,280.95,285.65,278.95,280.41,274.145038717495,625265,0.0,1.0
2022-09-29,279.17,280.55,275.09,280.41,274.145038717495,376885,0.0,1.0
2022-09-28,276.91,283.2,274.74,281.49,275.200909199343,404706,0.0,1.0
2022-09-27,277.33,279.29,269.73,274.52,268.386633960011,301385,0.0,1.0
2022-09-26,272.54,276.69,272.045,273.69,267.575177941554,433810,0.0,1.0
2022-09-23,275.37,275.665,269.745,273.41,267.301433742557,516938,0.0,1.0
2022-09-22,284.99,285.2352,278.74,278.94,272.707881672758,437075,0.0,1.0
2022-09-21,293.0,293.6475,284.47,284.81,278.446733273171,545188,0.0,1.0
2022-09-20,294.17,295.015,288.1982,289.59,283.1199378132,855314,0.0,1.0
2022-09-19,288.22,298.075,287.77,296.62,289.992872523745,484808,0.0,1.0
2022-09-16,296.57,297.15,289.06,291.3,284.791732742792,664034,0.0,1.0
2022-09-15,302.01,305.01,300.1,301.23,294.499875228669,357590,0.0,1.0
2022-09-14,302.36,305.115,299.4,302.7,295.937032273406,276527,0.0,1.0
2022-09-13,305.77,308.25,300.1,301.47,294.734513113524,541067,0.0,1.0
2022-09-12,309.18,314.2325,309.18,311.92,304.951037683253,379823,0.0,1.0
2022-09-09,309.14,310.75,308.05,308.73,301.832309130388,303538,0.0,1.0
2022-09-08,301.43,307.95,299.995,307.55,300.678672863185,464882,0.0,1.0
2022-09-07,298.0,303.26,297.105,302.8,296.034798058762,460347,0.0,1.0
2022-09-06,296.43,299.9884,294.69,297.94,291.283380890448,622870,0.0,1.0
2022-09-02,302.16,304.295,294.49,295.96,289.347618340394,291713,0.0,1.0
2022-09-01,292.85,299.4,291.61,298.96,292.280591901082,656311,0.0,1.0
2022-08-31,297.96,298.83,294.4,295.66,289.054320984325,3164381,0.0,1.0
2022-08-30,303.32,304.96,294.55,295.41,288.809906520934,443680,0.0,1.0
2022-08-29,301.43,304.83,300.39,302.44,295.68284123148,361939,0.0,1.0
2022-08-26,314.74,315.42,304.53,304.95,298.136762443922,371531,0.0,1.0
2022-08-25,311.0,315.46,310.0101,315.24,308.196861757081,300763,0.0,1.0
2022-08-24,308.95,310.2,307.52,309.44,302.526446206418,407985,0.0,1.0
2022-08-23,307.92,311.89,306.9,307.48,300.610236813435,354191,0.0,1.0
2022-08-22,308.63,310.84,305.521,307.33,300.463588135401,442049,0.0,1.0
2022-08-19,314.22,315.455,310.32,312.27,305.293217932,385872,0.0,1.0
2022-08-18,314.28,317.76,313.2301,315.8,308.744350155076,338951,0.0,1.0
2022-08-17,311.69,315.18,310.7,314.07,307.053002068413,395525,0.75,1.0
2022-08-16,314.17,318.71,313.3977,315.59,307.804005218126,414645,0.0,1.0
2022-08-15,310.02,317.33,309.46,316.14,308.34043603935,479694,0.0,1.0
2022-08-12,311.49,315.07,309.47,312.51,304.799992619273,466135,0.0,1.0
2022-08-11,308.67,315.0,308.62,311.27,303.590584949606,318886,0.0,1.0
2022-08-10,304.13,310.5725,304.13,307.11,299.533217283623,490664,0.0,1.0
2022-08-09,301.53,304.1921,300.12,301.2,293.769024277384,479092,0.0,1.0
2022-08-08,300.68,304.6887,299.74,302.7,295.232017426175,406664,0.0,1.0
2022-08-05,286.9,301.01,286.8,300.61,293.193580305526,570096,0.0,1.0
2022-08-04,287.28,291.47,286.15,289.05,281.918779772171,506590,0.0,1.0
2022-08-03,291.95,292.185,287.4,287.95,280.845918129723,500380,0.0,1.0
2022-08-02,293.57,294.68,289.28,290.55,283.381772920962,275341,0.0,1.0
2022-08-01,295.37,295.89,292.43,293.48,286.239486204936,619584,0.0,1.0
2022-07-29,290.0,297.34,288.87,296.1,288.794847571492,897244,0.0,1.0
2022-07-28,281.0,290.735,276.6,287.6,280.504553061672,892310,0.0,1.0
2022-07-27,269.99,272.365,265.35,271.55,264.8505263696,691921,0.0,1.0
2022-07-26,267.49,269.55,265.41,269.05,262.412204454947,279324,0.0,1.0
2022-07-25,266.2,268.86,263.515,267.35,260.754145552983,396665,0.0,1.0
2022-07-22,267.53,269.61,264.765,266.0,259.437451719071,234319,0.0,1.0
2022-07-21,262.26,267.68,261.49,267.41,260.812665278935,326186,0.0,1.0
2022-07-20,262.75,265.0,260.31,263.74,257.233208708224,253912,0.0,1.0
2022-07-19,254.72,263.46,254.0,263.26,256.765050900611,616646,0.0,1.0
2022-07-18,255.82,259.75,250.89,251.93,245.714575983404,230015,0.0,1.0
2022-07-15,252.89,258.22,250.79,255.01,248.718588582256,361913,0.0,1.0
2022-07-14,248.66,250.51,245.485,250.35,244.173556533343,462197,0.0,1.0
2022-07-13,250.09,253.9899,247.02,252.41,246.182733791017,200820,0.0,1.0
2022-07-12,251.15,258.02,251.15,252.78,246.543605434386,283234,0.0,1.0
2022-07-11,248.0,251.93,247.76,251.58,245.373210915353,205345,0.0,1.0
2022-07-08,248.55,250.56,245.525,249.32,243.168967904506,194515,0.0,1.0
2022-07-07,249.19,252.42,249.19,249.55,243.393293520654,312006,0.0,1.0
2022-07-06,246.89,249.58,243.24,247.73,241.618195166787,296941,0.0,1.0
2022-07-05,239.25,246.62,236.43,246.43,240.350267771168,327695,0.0,1.0
2022-07-01,237.65,242.325,236.6,241.2,235.249298325714,311645,0.0,1.0
2022-06-30,236.73,240.67,232.99,238.61,232.723196822133,402488,0.0,1.0
2022-06-29,240.77,240.77,235.06,239.72,233.805811752239,225360,0.0,1.0
2022-06-28,248.52,250.77,238.49,239.75,233.835071615215,291926,0.0,1.0
2022-06-27,241.98,247.8999,238.6,246.92,240.82817886644,374057,0.0,1.0
2022-06-24,233.16,241.06,231.18,240.14,234.215449833901,897657,0.0,1.0
2022-06-23,239.81,242.07,229.55,231.39,225.681323132616,475777,0.0,1.0
2022-06-22,231.37,240.54,230.2625,237.61,231.747868056272,394081,0.0,1.0
2022-06-21,237.73,237.79,232.05,234.41,228.626816005516,402073,0.0,1.0
2022-06-17,233.77,237.96,230.61,234.56,228.773115320396,595427,0.0,1.0
2022-06-16,243.13,243.13,231.34,233.35,227.592967513703,292081,0.0,1.0
2022-06-15,247.8,251.37,244.73,248.59,242.456977905428,295661,0.0,1.0
2022-06-14,243.89,249.842,242.28,245.26,239.20913311511,316587,0.0,1.0
2022-06-13,250.58,250.91,244.05,245.02,238.975054211303,293081,0.0,1.0
2022-06-10,259.32,260.46,256.25,256.87,250.532700086758,242500,0.0,1.0
2022-06-09,265.19,270.455,263.43,263.61,257.106415968662,296180,0.0,1.0
2022-06-08,270.21,270.8191,266.41,266.77,260.188454868784,220201,0.0,1.0
2022-06-07,265.66,272.58,264.0943,272.2,265.48449006741,271757,0.0,1.0
2022-06-06,266.13,268.08,263.88,267.14,260.549326512152,197648,0.0,1.0
2022-06-03,260.03,264.69,258.58,264.14,257.623340214569,233926,0.0,1.0
2022-06-02,255.89,262.69,253.46,262.16,255.692189258164,296279,0.0,1.0
2022-06-01,256.05,256.05,248.93,255.22,248.923407623087,264039,0.0,1.0
2022-05-31,251.9,256.52,248.463,254.43,248.152897898057,490249,0.0,1.0
2022-05-27,253.01,255.39,251.96,253.59,247.333621734734,242860,0.0,1.0
2022-05-26,248.67,251.776,248.04,251.0,244.807520231153,252193,0.0,1.0
2022-05-25,242.15,247.75,241.31,245.43,239.374939005306,234594,0.0,1.0
2022-05-24,247.6,248.59,241.275,243.62,237.609593939098,298734,0.0,1.0
2022-05-23,246.03,250.0,242.84,248.86,242.72031667221,316905,0.0,1.0
2022-05-20,249.27,251.03,237.48,241.95,235.98079490011,280918,0.0,1.0
2022-05-19,243.85,251.31,241.975,248.28,242.154625988011,238583,0.0,1.0
2022-05-18,256.83,258.39,245.85,246.36,240.281994757557,240631,0.0,1.0
2022-05-17,253.44,257.77,250.08,257.61,251.254443373495,321998,0.0,1.0
2022-05-16,244.35,252.16,241.22,249.71,243.549346123192,304889,0.54,1.0
2022-05-13,245.31,248.6631,243.64,245.65,239.072514985663,293001,0.0,1.0
2022-05-12,241.5,247.49,239.11,244.01,237.476427362718,321115,0.0,1.0
2022-05-11,246.31,252.17,241.33,241.81,235.335334209986,383719,0.0,1.0
2022-05-10,253.93,254.81,245.62,246.77,240.162526045235,539467,0.0,1.0
2022-05-09,260.09,263.0499,250.18,251.19,244.464176833905,368644,0.0,1.0
2022-05-06,259.56,263.315,256.4,262.9,255.860631751398,433110,0.0,1.0
2022-05-05,269.75,270.535,259.6761,262.09,255.072320181528,412088,0.0,1.0
2022-05-04,266.58,275.13,264.6753,272.84,265.534479905102,530517,0.0,1.0
2022-05-03,261.7,268.32,259.835,266.0,258.877626648428,408997,0.0,1.0
2022-05-02,258.89,261.43,252.64,259.51,252.561401847871,499617,0.0,1.0
2022-04-29,269.0,271.49,256.95,259.36,252.415418223821,1132918,0.0,1.0
2022-04-28,245.37,252.135,241.76,249.93,243.237914391886,580811,0.0,1.0
2022-04-27,245.21,247.57,243.38,244.22,237.680804436388,368305,0.0,1.0
2022-04-26,248.41,252.57,244.89,244.92,238.36206134862,276877,0.0,1.0
2022-04-25,245.57,250.97,239.2603,250.3,243.598007331209,294769,0.0,1.0
2022-04-22,254.16,254.16,246.47,246.57,239.967881213169,342111,0.0,1.0
2022-04-21,260.74,262.6659,253.115,254.52,247.705013287812,301499,0.0,1.0
2022-04-20,254.98,260.69,254.98,259.46,252.512740639854,259561,0.0,1.0
2022-04-19,243.86,253.69,243.51,252.94,246.167319114487,272823,0.0,1.0
2022-04-18,243.67,246.11,242.195,243.38,236.863296141708,223809,0.0,1.0
2022-04-14,247.46,249.02,243.64,244.29,237.748930127611,229137,0.0,1.0
2022-04-13,244.64,247.37,243.0275,245.78,239.199034126506,209122,0.0,1.0
2022-04-12,244.6,250.06,242.795,244.31,237.768394610818,524070,0.0,1.0
2022-04-11,234.59,241.48,234.59,241.04,234.585951606531,367782,0.0,1.0
2022-04-08,235.92,240.29,233.93,236.07,229.749027529678,246120,0.0,1.0
2022-04-07,233.55,237.26,233.01,235.0,228.707677678123,332022,0.0,1.0
2022-04-06,237.88,238.365,233.03,234.69,228.40597818842,512887,0.0,1.0
2022-04-05,245.86,248.695,239.46,240.37,233.933891419108,548080,0.0,1.0
2022-04-04,250.58,252.02,247.82,247.91,241.272001588014,356415,0.0,1.0
2022-04-01,246.98,251.39,244.44,250.19,243.490952673572,622667,0.0,1.0
2022-03-31,249.38,252.89,245.92,245.92,239.335285508953,499521,0.0,1.0
2022-03-30,253.64,254.48,249.12,250.36,243.656400780829,250933,0.0,1.0
2022-03-29,250.72,255.0,250.72,253.27,246.488483087396,332419,0.0,1.0
2022-03-28,247.98,249.59,245.9029,248.87,242.206296781934,174198,0.0,1.0
2022-03-25,247.53,248.2986,244.43,247.31,240.688067091815,354171,0.0,1.0
2022-03-24,244.78,247.5,244.01,246.61,240.006810179582,239468,0.0,1.0
2022-03-23,248.5,248.8497,244.45,244.46,237.914378234867,254673,0.0,1.0
2022-03-22,247.49,250.8558,246.3605,249.03,242.362012647587,358687,0.0,1.0
2022-03-21,245.74,248.2123,244.85,246.84,240.230651736459,232989,0.0,1.0
2022-03-18,246.64,248.79,242.93,245.71,239.130908435283,645450,0.0,1.0
2022-03-17,244.87,249.2,244.115,249.06,242.391209372397,261431,0.0,1.0
2022-03-16,240.13,247.63,240.13,246.48,239.880291038739,358504,0.0,1.0
2022-03-15,235.58,239.54,233.9974,238.58,232.191820172113,371834,0.0,1.0
2022-03-14,233.39,236.61,231.025,233.75,227.491147477707,525657,0.0,1.0
2022-03-11,231.54,233.75,230.0101,232.01,225.797737438729,357976,0.0,1.0
2022-03-10,222.11,230.24,222.11,229.52,223.374409279501,346946,0.0,1.0
2022-03-09,221.0,228.23,220.5,225.33,219.296600047708,350848,0.0,1.0
2022-03-08,225.98,227.15,217.92,217.93,212.094741261248,377254,0.0,1.0
2022-03-07,232.1,232.63,224.77,225.0,218.975436074798,425535,0.0,1.0
2022-03-04,235.15,237.27,231.45,232.22,226.002114512398,303082,0.0,1.0
2022-03-03,236.77,240.06,235.8424,238.59,232.201552413716,266234,0.0,1.0
2022-03-02,232.04,237.805,230.83,236.34,230.011798052968,444448,0.0,1.0
2022-03-01,237.77,237.77,230.06,231.65,225.447376741009,425832,0.0,1.0
2022-02-28,236.1,240.335,234.75,237.4,231.04341566292,587522,0.0,1.0
2022-02-25,232.67,240.615,232.3,240.23,233.797640036661,259273,0.0,1.0
2022-02-24,225.25,231.365,222.375,230.71,224.532546030296,240326,0.0,1.0
2022-02-23,234.14,234.14,228.53,228.68,222.556900984822,390656,0.0,1.0
2022-02-22,232.92,235.39,230.05,232.45,226.225956069275,201410,0.0,1.0
2022-02-18,235.49,238.21,233.91,234.06,227.79284696741,277270,0.0,1.0
2022-02-17,235.93,236.6,233.32,235.18,228.882858026982,208542,0.54,1.0
2022-02-16,235.69,240.65,235.69,238.76,231.834681751749,270007,0.0,1.0
2022-02-15,232.84,238.88,232.84,237.43,230.543258872164,322174,0.0,1.0
2022-02-14,227.45,232.39,227.25,229.42,222.765591755262,350875,0.0,1.0
2022-02-11,237.58,242.67,227.75,229.08,222.435453575518,598302,0.0,1.0
2022-02-10,223.95,229.32,223.35,224.56,218.04655777422,274906,0.0,1.0
2022-02-09,225.17,229.5375,224.69,228.89,222.25096459272,266206,0.0,1.0
2022-02-08,217.65,222.65,215.42,222.35,215.900659605886,267024,0.0,1.0
2022-02-07,215.59,218.755,214.05,217.86,211.540893643978,328753,0.0,1.0
2022-02-04,217.15,218.18,214.32,215.79,209.530934726126,177902,0.0,1.0
2022-02-03,220.28,222.57,218.225,219.44,213.075065185139,153393,0.0,1.0
2022-02-02,223.22,225.86,220.22,222.29,215.842399927108,354415,0.0,1.0
2022-02-01,225.37,225.85,219.21,222.45,215.997759070517,269590,0.0,1.0
2022-01-31,218.07,223.51,216.82,223.44,216.959043770359,731813,0.0,1.0
2022-01-28,214.72,219.04,211.06,219.01,212.657537487228,391925,0.0,1.0
2022-01-27,221.1,223.595,213.53,215.5,209.249346278698,369791,0.0,1.0
2022-01-26,225.23,228.02,217.3,219.67,213.298393953789,264024,0.0,1.0
2022-01-25,222.82,225.07,218.52,222.54,216.085148588684,300847,0.0,1.0
2022-01-24,222.64,230.0,219.4504,229.42,222.765591755262,307174,0.0,1.0
2022-01-21,228.98,233.3,227.29,227.59,220.988671552524,206121,0.0,1.0
2022-01-20,231.98,235.9,228.62,229.02,222.37719389674,189662,0.0,1.0
2022-01-19,233.49,235.84,229.6,230.24,223.561807365232,165301,0.0,1.0
2022-01-18,233.87,235.18,231.27,232.26,225.523216550768,175153,0.0,1.0
2022-01-14,239.22,240.05,234.7607,236.94,230.067471495474,169727,0.0,1.0
2022-01-13,244.18,246.97,241.89,242.3,235.272002799668,154447,0.0,1.0
2022-01-12,240.88,245.25,240.88,243.71,236.641105250958,176187,0.0,1.0
2022-01-11,238.57,239.94,235.03,239.74,232.786256505128,198573,0.0,1.0
2022-01-10,237.42,238.71,234.36,237.88,230.980206463001,183216,0.0,1.0
2022-01-07,241.77,244.3159,238.17,238.86,231.93178121638,223476,0.0,1.0
2022-01-06,243.86,244.735,241.27,242.44,235.407942050151,329713,0.0,1.0
2022-01-05,248.26,250.23,243.34,243.34,236.281837231825,366724,0.0,1.0
2022-01-04,246.41,249.78,245.55,249.0,241.777666929911,369934,0.0,1.0
2022-01-03,248.7,249.095,243.72,245.37,238.252956363824,320529,0.0,1.0
2021-12-31,245.71,249.84,245.71,248.12,240.923191641163,134329,0.0,1.0
2021-12-30,245.52,247.65,244.6988,245.72,238.592804490031,146831,0.0,1.0
2021-12-29,245.6,246.71,244.88,245.81,238.680194008198,149391,0.0,1.0
2021-12-28,245.69,247.11,244.67,245.0,237.893688344692,146337,0.0,1.0
2021-12-27,240.91,245.51,240.7157,245.32,238.204406631509,118369,0.0,1.0
2021-12-23,238.67,242.05,238.015,240.79,233.805800883748,161113,0.0,1.0
2021-12-22,237.87,240.1949,236.455,237.41,230.523838979238,257207,0.0,1.0
2021-12-21,232.65,237.7,232.65,237.04,230.164570960105,236212,0.0,1.0
2021-12-20,234.53,235.28,229.0,231.74,225.018299334689,308047,0.0,1.0
2021-12-17,243.67,243.67,235.71,235.93,229.086766902706,706553,0.0,1.0
2021-12-16,241.79,246.23,241.63,244.78,237.680069522504,345622,0.0,1.0
2021-12-15,234.58,239.63,232.75,239.43,232.485248164773,282340,0.0,1.0
2021-12-14,238.26,239.83,232.72,234.53,227.72737439788,454703,0.0,1.0
2021-12-13,239.76,241.72,237.0601,240.33,233.359143346448,164108,0.0,1.0
2021-12-10,240.34,242.43,239.285,241.08,234.087389331176,174903,0.0,1.0
2021-12-09,241.93,242.36,239.07,239.76,232.805676398054,235631,0.0,1.0
2021-12-08,243.96,244.01,241.49,242.99,235.941989105619,148286,0.0,1.0
2021-12-07,241.96,244.8,241.43,241.78,234.76708558359,131862,0.0,1.0
2021-12-06,236.37,240.39,235.2398,239.27,232.329889021365,218487,0.0,1.0
2021-12-03,233.0,235.68,230.91,234.05,227.261296967653,146805,0.0,1.0
2021-12-02,226.99,233.7385,225.74,232.79,226.037843713309,385645,0.0,1.0
2021-12-01,229.03,234.27,226.75,226.75,220.173036049628,294354,0.0,1.0
2021-11-30,229.79,231.68,224.38,225.2,218.667994347855,400785,0.0,1.0
2021-11-29,235.52,236.085,231.84,231.98,225.251338049802,238555,0.0,1.0
2021-11-26,232.62,234.5,230.38,232.59,225.843644784048,87369,0.0,1.0
2021-11-24,238.35,239.67,235.29,237.6,230.708327962036,114620,0.0,1.0
2021-11-23,237.88,242.49,237.84,238.92,231.990040895158,146505,0.0,1.0
2021-11-22,238.56,241.78,238.07,238.67,231.747292233582,188182,0.0,1.0
2021-11-19,240.0,241.36,238.27,238.28,231.368604321523,156702,0.0,1.0
2021-11-18,239.88,242.04,238.7648,240.1,233.135814577798,149212,0.0,1.0
2021-11-17,238.47,240.2,237.76,240.01,233.04842505963,161766,0.0,1.0
2021-11-16,238.64,241.61,238.33,239.05,232.116270199178,244783,0.54,1.0
2021-11-15,243.38,243.99,239.28,239.75,232.27127918633,157358,0.0,1.0
2021-11-12,237.44,240.03,236.65,239.63,232.155022445966,118004,0.0,1.0
2021-11-11,235.74,237.28,235.03,236.21,228.841705345581,110205,0.0,1.0
2021-11-10,234.33,235.52,233.0101,235.01,227.679137941937,156802,0.0,1.0
2021-11-09,236.23,238.4,235.29,235.29,227.950403669454,152385,0.0,1.0
2021-11-08,234.26,236.91,233.55,236.4,229.025778517825,135029,0.0,1.0
2021-11-05,231.97,234.2,231.97,233.27,225.993415206654,104871,0.0,1.0
2021-11-04,229.64,233.27,229.04,229.9,222.728538414754,154256,0.0,1.0
2021-11-03,228.16,231.59,228.01,230.22,223.038556389059,188478,0.0,1.0
2021-11-02,226.55,228.9,225.89,228.45,221.323769468685,269886,0.0,1.0
2021-11-01,224.9,226.54,221.92,225.96,218.911442106124,234234,0.0,1.0
2021-10-29,223.91,224.87,220.755,222.92,215.966271350226,435271,0.0,1.0
2021-10-28,223.8,225.075,222.47,224.89,217.874819504541,275763,0.0,1.0
2021-10-27,229.67,230.83,222.98,223.05,216.092216152288,285759,0.0,1.0
2021-10-26,232.04,232.61,229.62,230.02,222.844795155118,205199,0.0,1.0
2021-10-25,227.07,231.63,226.29,231.34,224.123619299127,327042,0.0,1.0
2021-10-22,221.75,229.47,221.75,227.83,220.723109643469,384020,0.0,1.0
2021-10-21,217.99,219.4,215.53,219.12,212.284807905354,325458,0.0,1.0
2021-10-20,216.1,218.22,215.07,218.1,211.296625612257,233048,0.0,1.0
2021-10-19,218.53,218.96,214.81,215.51,208.787417632726,150770,0.0,1.0
2021-10-18,216.49,218.06,215.865,216.96,210.192186578795,255715,0.0,1.0
2021-10-15,214.88,218.93,214.36,217.92,211.12224050171,340360,0.0,1.0
2021-10-14,208.86,214.01,207.9,213.85,207.179199391019,247054,0.0,1.0
2021-10-13,205.49,207.65,203.8,207.6,201.124160830374,167980,0.0,1.0
2021-10-12,205.19,208.09,203.17,205.17,198.769961837995,215938,0.0,1.0
2021-10-11,205.25,207.19,204.345,204.81,198.421191616902,210200,0.0,1.0
2021-10-08,205.25,206.0,203.84,204.84,198.450255801993,141751,0.0,1.0
2021-10-07,201.68,206.5,201.68,205.49,199.0799798123,262140,0.0,1.0
2021-10-06,200.36,201.49,197.66,200.95,194.681599801848,228745,0.0,1.0
2021-10-05,200.97,202.445,199.595,201.46,195.175690948397,263758,0.0,1.0
2021-10-04,201.86,204.78,200.02,200.94,194.671911740151,305312,0.0,1.0
2021-10-01,200.07,203.0089,198.09,201.59,195.301635750458,425240,0.0,1.0
2021-09-30,204.28,204.5,197.64,198.79,192.588978475289,396668,0.0,1.0
2021-09-29,203.73,205.32,202.92,203.11,196.774221128407,147565,0.0,1.0
2021-09-28,206.97,209.11,202.8,203.84,197.48144963229,208422,0.0,1.0
2021-09-27,205.0,208.93,205.0,207.37,200.901335411342,239131,0.0,1.0
2021-09-24,204.44,206.66,203.735,205.46,199.050915627209,209770,0.0,1.0
2021-09-23,204.36,208.27,203.401,204.91,198.518072233872,314516,0.0,1.0
2021-09-22,201.73,204.6,201.0,202.89,196.561083771072,338290,0.0,1.0
2021-09-21,202.4,203.04,198.76,200.85,194.584719184878,524181,0.0,1.0
2021-09-20,196.75,201.205,195.68,201.08,194.807544603909,592383,0.0,1.0
2021-09-17,198.09,199.65,196.73,199.58,193.354335349355,1516551,0.0,1.0
2021-09-16,197.49,199.145,196.23,197.75,191.581420058798,372187,0.0,1.0
2021-09-15,196.3,198.56,195.04,197.06,190.912943801703,280106,0.0,1.0
2021-09-14,199.16,199.26,195.14,195.53,189.430670362057,225393,0.0,1.0
2021-09-13,200.74,201.72,198.5,199.16,192.947436758079,242221,0.0,1.0
2021-09-10,203.01,203.01,198.65,198.84,192.637418783774,233428,0.0,1.0
2021-09-09,204.45,205.59,201.35,201.51,195.224131256882,202766,0.0,1.0
2021-09-08,202.01,204.62,201.28,204.38,198.00460496393,194133,0.0,1.0
2021-09-07,206.54,206.54,202.91,203.01,196.677340511436,147504,0.0,1.0
2021-09-03,209.08,210.08,206.9972,207.25,200.785078670978,133027,0.0,1.0
2021-09-02,210.01,210.47,208.35,209.86,203.313662773903,165146,0.0,1.0
2021-09-01,210.42,211.71,207.935,209.15,202.625810393414,221856,0.0,1.0
2021-08-31,214.16,214.55,210.4388,210.74,204.166212203242,416431,0.0,1.0
2021-08-30,214.0,215.41,212.735,214.16,207.479529303627,264190,0.0,1.0
2021-08-27,212.08,214.91,210.0,213.0,206.355714146771,296517,0.0,1.0
2021-08-26,210.56,213.3,209.8,211.4,204.805624275246,309204,0.0,1.0
2021-08-25,207.575,211.775,207.575,210.61,204.04026740118,301428,0.0,1.0
2021-08-24,206.65,209.0,205.8,207.06,200.601005498734,115101,0.0,1.0
2021-08-23,208.0,208.0,205.88,206.28,199.845336686366,155749,0.0,1.0
2021-08-20,204.46,206.78,203.79,206.67,200.22317109255,286729,0.0,1.0
2021-08-19,202.88,205.585,202.88,204.41,198.033669149021,236711,0.0,1.0
2021-08-18,208.28,209.78,204.94,205.12,198.72152152951,166701,0.0,1.0
2021-08-17,207.57,209.3,204.72,208.7,202.189847617047,379458,0.54,1.0
2021-08-16,207.25,210.22,205.77,209.02,201.97726031789,236281,0.0,1.0
2021-08-13,207.78,209.14,206.88,207.52,200.527801459997,163045,0.0,1.0
2021-08-12,206.07,207.72,205.71,207.57,200.57611675526,123823,0.0,1.0
2021-08-11,204.0,206.64,203.32,206.55,199.590484731892,171514,0.0,1.0
2021-08-10,203.23,205.25,202.91,203.48,196.623925602738,234564,0.0,1.0
2021-08-09,204.47,204.84,202.49,203.31,196.459653598843,193290,0.0,1.0
2021-08-06,205.47,206.63,204.075,205.51,198.58552659042,279803,0.0,1.0
2021-08-05,203.99,205.08,203.2,204.05,197.174719968737,227142,0.0,1.0
2021-08-04,201.77,204.81,200.7821,203.17,196.324370772106,184102,0.0,1.0
2021-08-03,203.55,203.86,200.05,203.12,196.276055476843,292358,0.0,1.0
2021-08-02,203.94,205.67,201.06,202.04,195.23244509916,223644,0.0,1.0
2021-07-30,201.43,203.22,200.62,202.24,195.425706280212,425209,0.0,1.0
2021-07-29,202.0,203.14,200.05,202.68,195.850880878528,219938,0.0,1.0
2021-07-28,199.38,200.88,198.07,200.24,193.493094469688,249638,0.0,1.0
2021-07-27,198.12,200.59,197.05,199.58,192.855332572215,178988,0.0,1.0
2021-07-26,199.67,200.495,197.03,199.27,192.555777741584,279944,0.0,1.0
2021-07-23,199.99,202.35,197.66,199.67,192.942300103689,275354,0.0,1.0
2021-07-22,198.5,198.81,195.4,196.01,189.405620490429,290968,0.0,1.0
2021-07-21,197.48,200.64,196.97,197.9,191.231938651375,367041,0.0,1.0
2021-07-20,191.44,197.52,191.08,197.26,190.613502872007,492562,0.0,1.0
2021-07-19,191.75,192.56,189.79,191.33,184.883308853803,447487,0.0,1.0
2021-07-16,196.68,196.9,193.27,193.58,187.057497140642,344199,0.0,1.0
2021-07-15,193.65,196.85,191.47,195.98,189.376631313272,241727,0.0,1.0
2021-07-14,193.7,194.92,192.09,194.65,188.091444459273,214563,0.0,1.0
2021-07-13,193.18,194.02,192.48,193.0,186.49703971559,216546,0.0,1.0
2021-07-12,192.47,194.51,191.495,194.44,187.888520219168,189157,0.0,1.0
2021-07-09,193.98,195.76,193.105,194.12,187.579302329484,301809,0.0,1.0
2021-07-08,189.99,191.97,188.3276,191.46,185.008928621487,300651,0.0,1.0
2021-07-07,189.96,194.13,189.37,193.0,186.49703971559,238077,0.0,1.0
2021-07-06,190.92,190.92,186.165,189.7,183.308230228225,543435,0.0,1.0
2021-07-02,192.45,192.45,190.65,191.47,185.018591680539,236836,0.0,1.0
2021-07-01,192.75,193.45,191.63,191.94,185.472755456013,363568,0.0,1.0
2021-06-30,191.78,191.99,190.42,191.38,184.931624149066,278426,0.0,1.0
2021-06-29,190.89,191.49,189.185,189.72,183.327556346331,293795,0.0,1.0
2021-06-28,189.9,190.53,187.59,189.72,183.327556346331,354140,0.0,1.0
2021-06-25,188.56,191.06,187.88,189.95,183.549806704541,844560,0.0,1.0
2021-06-24,188.0,188.865,185.63,188.52,182.167989260016,379307,0.0,1.0
2021-06-23,185.46,187.84,184.98,186.31,180.032453209387,556759,0.0,1.0
2021-06-22,183.2,186.13,182.01,185.85,179.587952492966,378204,0.0,1.0
2021-06-21,180.15,184.52,180.15,183.73,177.53938397381,244454,0.0,1.0
2021-06-18,180.84,181.2,178.73,179.0,172.968757041921,749015,0.0,1.0
2021-06-17,186.52,187.48,180.915,182.11,175.973968407286,268171,0.0,1.0
2021-06-16,187.32,189.27,186.365,187.26,180.950443819386,285519,0.0,1.0
2021-06-15,187.87,189.145,186.66,188.21,181.868434429385,227228,0.0,1.0
2021-06-14,189.39,189.39,187.08,187.42,181.105052764228,276094,0.0,1.0
2021-06-11,188.42,189.825,187.24,189.56,183.172947401489,195998,0.0,1.0
2021-06-10,187.47,188.7,186.31,187.21,180.902128524123,295890,0.0,1.0
2021-06-09,187.55,188.15,185.74,186.58,180.293355803808,213636,0.0,1.0
2021-06-08,187.28,188.35,185.88,187.62,181.29831394528,313176,0.0,1.0
2021-06-07,189.68,189.68,186.71,187.72,181.394944535806,236542,0.0,1.0
2021-06-04,189.5,190.54,187.46,189.32,182.941033984226,147475,0.0,1.0
2021-06-03,189.29,189.86,186.595,188.97,182.602826917384,127053,0.0,1.0
2021-06-02,192.59,192.59,187.94,189.54,183.153621283383,232674,0.0,1.0
2021-06-01,194.11,194.11,190.61,192.12,185.64669051896,197413,0.0,1.0
2021-05-28,193.18,193.18,190.11,192.32,185.839951700012,156839,0.0,1.0
2021-05-27,194.7,195.05,191.75,192.53,186.042875940117,268231,0.0,1.0
2021-05-26,191.45,192.94,190.455,192.33,185.849614759065,211455,0.0,1.0
2021-05-25,195.25,195.75,191.71,192.09,185.617701341802,174323,0.0,1.0
2021-05-24,194.22,194.28,192.11,193.87,187.337725853168,123536,0.0,1.0
2021-05-21,193.02,195.0,192.0,193.26,186.748279250959,385618,0.0,1.0
2021-05-20,191.6,192.535,190.97,191.86,185.395450983592,215017,0.0,1.0
2021-05-19,188.22,190.63,186.01,190.63,184.206894720119,323952,0.0,1.0
2021-05-18,193.15,194.025,190.04,190.17,183.762394003699,187334,0.0,1.0
2021-05-17,194.67,195.4,192.03,192.74,186.245800180222,387797,0.0,1.0
2021-05-14,194.69,197.21,193.625,196.27,189.656860025798,235310,0.525,1.0
2021-05-13,188.16,194.19,187.865,193.13,186.12479675186,245731,0.0,1.0
2021-05-12,191.79,192.86,187.26,187.41,180.612272351608,210531,0.0,1.0
2021-05-11,193.53,194.71,191.1,191.98,185.016509503558,198591,0.0,1.0
2021-05-10,192.89,196.34,192.89,194.38,187.329456804363,195858,0.0,1.0
2021-05-07,192.7,193.5101,191.28,193.2,186.1922577148,161030,0.0,1.0
2021-05-06,192.64,193.04,189.62,192.51,185.527285365819,257720,0.0,1.0
2021-05-05,193.48,193.61,192.16,192.6,185.614020889599,147661,0.0,1.0
2021-05-04,188.32,192.95,185.01,192.36,185.382726159518,212521,0.0,1.0
2021-05-03,191.88,193.89,190.93,192.2,185.228529672798,250430,0.0,1.0
2021-04-30,193.22,193.22,190.95,191.65,184.698479249697,574425,0.0,1.0
2021-04-29,192.94,194.83,192.21,194.37,187.319819523943,462557,0.0,1.0
2021-04-28,193.6,193.6,190.0,191.55,184.602106445497,364591,0.0,1.0
2021-04-27,191.0,194.48,190.31,193.59,186.568111651181,395462,0.0,1.0
2021-04-26,190.9,191.96,189.01,191.08,184.149154265756,499905,0.0,1.0
2021-04-23,181.0,191.755,180.82,190.48,183.570917440554,851330,0.0,1.0
2021-04-22,179.25,181.51,177.03,177.76,171.312296746288,512940,0.0,1.0
2021-04-21,176.12,179.52,174.89,179.25,172.748251528871,218297,0.0,1.0
2021-04-20,176.95,177.69,174.62,175.7,169.327016979764,342778,0.0,1.0
2021-04-19,175.66,177.98,174.51,177.0,170.579863434367,316990,0.0,1.0
2021-04-16,174.22,175.87,173.51,175.11,168.758417434983,289467,0.0,1.0
2021-04-15,173.35,173.35,171.33,171.78,165.549203055116,290991,0.0,1.0
2021-04-14,171.77,173.88,171.465,172.58,166.320185488717,401790,0.0,1.0
2021-04-13,172.24,172.5,170.14,171.78,165.549203055116,230680,0.0,1.0
2021-04-12,170.58,173.38,170.58,172.74,166.474381975438,242311,0.0,1.0
2021-04-09,169.49,171.93,169.0,171.63,165.404643848815,281914,0.0,1.0
2021-04-08,170.0,170.6009,168.27,169.77,163.612109690692,268439,0.0,1.0
2021-04-07,168.65,169.92,167.42,169.57,163.419364082291,446181,0.0,1.0
2021-04-06,168.69,169.88,167.86,168.73,162.609832527009,218356,0.0,1.0
2021-04-05,168.52,169.61,167.17,168.93,162.80257813541,252684,0.0,1.0
2021-04-01,164.92,167.22,163.66,167.05,160.990769416446,199050,0.0,1.0
2021-03-31,167.42,168.0647,164.54,164.58,158.610361152701,247768,0.0,1.0
2021-03-30,166.67,167.465,164.4,166.87,160.817298368886,254938,0.0,1.0
2021-03-29,166.66,169.51,164.4,166.32,160.287247945784,414371,0.0,1.0
2021-03-26,162.24,167.6,161.47,167.45,161.376260633247,264681,0.0,1.0
2021-03-25,156.63,162.0,155.1001,161.75,155.883010793835,312623,0.0,1.0
2021-03-24,154.38,158.42,154.38,155.94,150.283750869803,242957,0.0,1.0
2021-03-23,154.9,156.975,152.44,153.29,147.729871558497,331158,0.0,1.0
2021-03-22,156.52,157.345,154.05,156.3,150.630692964924,263730,0.0,1.0
2021-03-19,159.13,159.13,156.6116,157.12,151.420949959365,547104,0.0,1.0
2021-03-18,158.87,161.54,158.145,159.02,153.252033239169,273570,0.0,1.0
2021-03-17,156.84,159.64,156.84,158.87,153.107474032869,266441,0.0,1.0
2021-03-16,159.39,159.82,156.8,156.84,151.151106107605,266882,0.0,1.0
2021-03-15,159.34,159.99,156.7,159.52,153.73389726017,225054,0.0,1.0
2021-03-12,158.37,160.09,157.39,159.22,153.44477884757,354439,0.0,1.0
2021-03-11,157.54,159.59,157.2565,158.01,152.278667916747,190105,0.0,1.0
2021-03-10,155.4,158.47,155.31,157.99,152.259393355907,240234,0.0,1.0
2021-03-09,156.12,157.42,154.77,155.29,149.657327642502,367479,0.0,1.0
2021-03-08,151.07,157.81,151.07,155.88,150.225927187283,406925,0.0,1.0
2021-03-05,146.52,151.48,145.3801,151.25,145.763866352813,422020,0.0,1.0
2021-03-04,147.77,150.57,143.88,145.74,140.453724841382,344217,0.0,1.0
2021-03-03,150.75,150.94,147.39,147.57,142.217347158246,598823,0.0,1.0
2021-03-02,148.03,150.97,147.15,150.5,145.041070321312,483583,0.0,1.0
2021-03-01,147.53,150.1824,147.05,147.95,142.583563814206,471329,0.0,1.0
2021-02-26,145.4,147.99,144.88,145.25,139.981498100801,299949,0.0,1.0
2021-02-25,148.66,150.21,145.44,145.78,140.492273963062,319979,0.0,1.0
2021-02-24,148.68,150.0,148.27,148.97,143.566566417049,366251,0.0,1.0
2021-02-23,147.91,148.9699,145.865,148.36,142.978692311427,351140,0.0,1.0
2021-02-22,150.0,150.39,147.72,147.91,142.545014692526,361314,0.0,1.0
2021-02-19,149.89,150.91,149.25,150.41,144.954334797531,320729,0.0,1.0
2021-02-18,148.86,150.58,147.57,149.33,143.913508512169,333100,0.525,1.0
2021-02-17,149.17,150.95,149.17,149.62,143.687825855599,278147,0.0,1.0
2021-02-16,151.58,152.76,149.2502,150.22,144.264036893651,323029,0.0,1.0
2021-02-12,149.84,151.79,149.315,150.97,144.984300691216,302249,0.0,1.0
2021-02-11,148.33,149.87,147.335,149.73,143.793464545908,311659,0.0,1.0
2021-02-10,148.61,149.97,147.25,148.02,142.15126308746,247081,0.0,1.0
2021-02-09,152.02,152.02,147.44,148.15,142.276108812371,375914,0.0,1.0
2021-02-08,152.14,152.25,150.7607,151.47,145.46447655626,273471,0.0,1.0
2021-02-05,155.24,159.455,147.46,151.94,145.9158418694,460383,0.0,1.0
2021-02-04,151.76,152.83,150.96,152.48,146.434431803647,218988,0.0,1.0
2021-02-03,150.31,151.87,148.7557,151.52,145.512494142764,219921,0.0,1.0
2021-02-02,147.31,151.7,146.545,150.0,144.052759513032,383681,0.0,1.0
2021-02-01,146.0,147.0,144.43,145.88,140.096110385074,329564,0.0,1.0
2021-01-29,147.66,147.66,143.52,144.93,139.183776241491,565254,0.0,1.0
2021-01-28,146.6,149.22,146.46,147.83,141.968796258743,299531,0.0,1.0
2021-01-27,148.57,150.08,145.495,145.69,139.913643556357,286274,0.0,1.0
2021-01-26,153.93,154.44,150.44,150.59,144.619367033783,175378,0.0,1.0
2021-01-25,152.61,155.175,151.9,153.29,147.212316705018,239994,0.0,1.0
2021-01-22,151.73,153.09,149.22,152.62,146.568881045859,237483,0.0,1.0
2021-01-21,156.66,156.66,152.96,153.04,146.972228772496,225585,0.0,1.0
2021-01-20,154.7,156.305,153.38,156.11,149.920508583863,268246,0.0,1.0
2021-01-19,154.21,156.3975,153.96,154.04,147.932580502583,236037,0.0,1.0
2021-01-15,154.44,155.22,152.4,153.0,146.933814703292,288083,0.0,1.0
2021-01-14,155.03,156.395,152.54,155.84,149.661213616739,238362,0.0,1.0
2021-01-13,155.95,156.86,153.35,153.51,147.423594085637,190997,0.0,1.0
2021-01-12,156.08,158.15,154.63,156.06,149.872490997358,206579,0.0,1.0
2021-01-11,153.42,157.155,153.42,155.97,149.786059341651,173811,0.0,1.0
2021-01-08,157.59,158.02,153.01,155.01,148.864121680767,235009,0.0,1.0
2021-01-07,155.1,157.31,152.98,156.95,150.727204037136,332385,0.0,1.0
2021-01-06,152.03,155.74,152.03,155.08,148.931346301873,348479,0.0,1.0
2021-01-05,152.77,154.5,151.09,151.35,145.349234348649,375173,0.0,1.0
2021-01-04,157.11,158.37,152.47,153.93,147.826941812273,252499,0.0,1.0
2020-12-31,155.68,157.52,154.155,156.18,149.987733204969,229664,0.0,1.0
2020-12-30,154.91,157.2968,154.61,155.94,149.757248789748,168827,0.0,1.0
2020-12-29,156.47,156.64,153.12,155.04,148.89293223267,274399,0.0,1.0
2020-12-28,157.85,158.61,155.49,155.73,149.55557492643,190275,0.0,1.0
2020-12-24,157.83,157.9,155.69,157.35,151.11134472917,59689,0.0,1.0
2020-12-23,156.86,158.15,156.09,156.93,150.707997002534,188269,0.0,1.0
2020-12-22,158.04,158.12,155.09,156.28,150.083768377977,284968,0.0,1.0
2020-12-21,154.53,158.83,153.44,158.51,152.225352736071,432059,0.0,1.0
2020-12-18,155.99,157.56,154.59,156.59,150.381477414304,872817,0.0,1.0
2020-12-17,153.09,155.15,152.59,155.04,148.89293223267,224708,0.0,1.0
2020-12-16,155.83,156.48,152.39,152.97,146.90500415139,302049,0.0,1.0
2020-12-15,155.34,156.24,153.06,154.92,148.777690025059,336141,0.0,1.0
2020-12-14,156.88,156.88,153.37,153.93,147.826941812273,295720,0.0,1.0
2020-12-11,153.38,156.06,153.38,155.45,149.286676442005,229719,0.0,1.0
2020-12-10,154.1,157.035,153.09,155.06,148.912139267271,276667,0.0,1.0
2020-12-09,150.89,155.04,149.99,154.64,148.508791540635,418844,0.0,1.0
2020-12-08,148.4,151.7,148.4,150.25,144.292847445554,268390,0.0,1.0
2020-12-07,149.67,149.98,146.84,149.45,143.524566061484,211606,0.0,1.0
2020-12-04,148.84,150.195,148.52,150.05,144.100777099536,157268,0.0,1.0
2020-12-03,147.31,149.44,146.6164,147.84,141.978399776044,190075,0.0,1.0
2020-12-02,147.17,148.45,146.34,147.76,141.901571637637,172598,0.0,1.0
2020-12-01,146.62,148.485,145.67,147.82,141.959192741442,258655,0.0,1.0
2020-11-30,148.04,149.38,144.81,144.83,139.087741068483,445683,0.0,1.0
2020-11-27,149.13,149.62,147.54,148.62,142.727474125512,60152,0.0,1.0
2020-11-25,151.8,152.1,148.74,149.08,143.169235921352,140089,0.0,1.0
2020-11-24,150.0,152.7,149.23,152.46,146.415224769046,239747,0.0,1.0
2020-11-23,149.16,149.745,148.05,148.99,143.082804265644,229988,0.0,1.0
2020-11-20,146.84,148.6,145.72,147.56,141.70950129162,273300,0.0,1.0
2020-11-19,144.58,147.91,143.0,147.79,141.93038218954,330224,0.0,1.0
2020-11-18,145.91,146.78,143.36,144.79,139.049326999279,306615,0.0,1.0
2020-11-17,142.3,144.57,140.77,144.33,138.607565203439,254104,0.0,1.0
2020-11-16,143.35,144.205,141.27,144.12,138.405891340121,378019,0.525,1.0
2020-11-13,136.68,141.17,136.68,140.72,134.65019205214,417404,0.0,1.0
2020-11-12,139.78,141.62,137.69,139.0,133.004382427853,328696,0.0,1.0
2020-11-11,146.31,146.31,141.14,141.62,135.511371506709,461543,0.0,1.0
2020-11-10,144.05,147.11,142.91,145.83,139.53977762197,341313,0.0,1.0
2020-11-09,141.13,146.09,140.07,142.97,136.803140688562,601216,0.0,1.0
2020-11-06,133.5,135.35,132.15,132.8,127.071812851935,192634,0.0,1.0
2020-11-05,130.92,134.86,130.92,133.21,127.464127936794,313640,0.0,1.0
2020-11-04,128.0,130.96,124.8237,129.28,123.70364431851,388373,0.0,1.0
2020-11-03,130.02,130.9096,128.51,129.13,123.560114409415,275617,0.0,1.0
2020-11-02,125.97,129.01,125.46,128.36,122.823327542728,277460,0.0,1.0
2020-10-30,121.84,124.31,121.76,123.87,118.52699893049,298753,0.0,1.0
2020-10-29,120.0,123.17,119.68,121.87,116.613266809226,291662,0.0,1.0
2020-10-28,120.57,123.48,120.18,120.52,115.321497627373,270372,0.0,1.0
2020-10-27,127.1,127.58,122.93,123.06,117.751937421378,369384,0.0,1.0
2020-10-26,130.0,130.86,126.14,127.19,121.703794251789,360156,0.0,1.0
2020-10-23,129.68,132.12,129.67,131.71,126.028828845846,465637,0.0,1.0
2020-10-22,124.52,130.0,124.52,129.36,123.78019360336,455744,0.0,1.0
2020-10-21,126.67,131.1,124.1808,124.23,118.871470712318,721203,0.0,1.0
2020-10-20,126.15,127.92,124.08,125.23,119.82833677295,297824,0.0,1.0
2020-10-19,128.46,128.46,124.01,125.45,120.038847306289,267446,0.0,1.0
2020-10-16,127.57,129.1,127.01,128.23,122.698934954846,180329,0.0,1.0
2020-10-15,125.0,128.34,124.44,127.73,122.22050192453,199694,0.0,1.0
2020-10-14,125.71,127.95,125.64,126.25,120.804340154795,155820,0.0,1.0
2020-10-13,128.24,128.525,125.26,126.02,120.584260960849,153911,0.0,1.0
2020-10-12,127.58,130.44,127.3,128.82,123.263485930619,197669,0.0,1.0
2020-10-09,129.6,130.0,127.06,127.41,121.914304785128,220936,0.0,1.0
2020-10-08,128.68,129.84,127.81,128.28,122.746778257878,284055,0.0,1.0
2020-10-07,126.38,128.4,126.28,128.02,122.497993082113,296769,0.0,1.0
2020-10-06,126.09,128.68,125.01,125.51,120.096259269927,212751,0.0,1.0
2020-10-05,125.21,127.77,125.07,125.88,120.450299712361,184729,0.0,1.0
2020-10-02,120.77,124.78,120.54,124.17,118.81405874868,177549,0.0,1.0
2020-10-01,122.64,124.81,121.58,122.82,117.522289566827,282981,0.0,1.0
2020-09-30,120.92,123.41,120.74,122.37,117.091699839542,420185,0.0,1.0
2020-09-29,121.32,121.48,119.33,119.98,114.804789954632,166440,0.0,1.0
2020-09-28,121.17,122.42,120.6,121.22,115.991303869816,269269,0.0,1.0
2020-09-25,117.07,119.27,117.03,118.81,113.685256663692,307788,0.0,1.0
2020-09-24,116.46,119.33,115.54,117.99,112.900626493974,299215,0.0,1.0
2020-09-23,120.37,122.92,116.4,116.61,111.580151330302,500203,0.0,1.0
2020-09-22,117.93,121.26,117.31,120.52,115.321497627373,492866,0.0,1.0
2020-09-21,120.02,120.59,115.695,118.73,113.608707378842,546044,0.0,1.0
2020-09-18,126.31,126.84,121.66,122.41,117.129974481968,864966,0.0,1.0
2020-09-17,123.59,126.18,123.36,125.96,120.526848997211,343560,0.0,1.0
2020-09-16,124.66,126.84,124.21,125.29,119.885748736588,358963,0.0,1.0
2020-09-15,123.66,125.1,122.475,123.78,118.440880985034,393756,0.0,1.0
2020-09-14,121.97,124.22,121.81,122.83,117.531858227433,379484,0.0,1.0
2020-09-11,121.69,122.91,120.44,121.05,115.828636639508,300077,0.0,1.0
2020-09-10,124.5,124.93,120.7839,121.23,116.000872530422,328233,0.0,1.0
2020-09-09,123.17,125.73,122.6,124.3,118.938451336562,408293,0.0,1.0
2020-09-08,126.0,126.3,122.04,122.34,117.062993857723,412420,0.0,1.0
2020-09-04,130.19,130.66,126.2,127.66,122.153521300286,279504,0.0,1.0
2020-09-03,132.28,132.79,127.74,128.31,122.775484239697,550574,0.0,1.0
2020-09-02,132.5,133.41,130.67,132.28,126.574242500406,570546,0.0,1.0
2020-09-01,129.85,132.47,129.67,132.43,126.717772409501,324757,0.0,1.0
2020-08-31,131.5,132.34,130.66,130.95,125.301610639765,488846,0.0,1.0
2020-08-28,129.39,131.45,129.17,131.32,125.655651082199,322268,0.0,1.0
2020-08-27,129.27,130.61,129.09,129.27,123.694075657903,488190,0.0,1.0
2020-08-26,127.8,129.22,127.4,128.85,123.292191912438,305164,0.0,1.0
2020-08-25,129.75,130.05,127.29,128.35,122.813758882122,380083,0.0,1.0
2020-08-24,124.96,128.58,124.96,128.58,123.033838076067,371024,0.0,1.0
2020-08-21,125.17,126.26,124.5,124.61,119.235079815358,324132,0.0,1.0
2020-08-20,125.48,127.12,124.4,125.55,120.134533912352,396182,0.0,1.0
2020-08-19,126.25,127.42,125.34,126.38,120.928732742677,395811,0.0,1.0
2020-08-18,126.37,126.99,125.38,126.06,120.622535603275,304183,0.0,1.0
2020-08-17,125.15,127.285,124.89,126.49,121.033988009346,476270,0.525,1.0
2020-08-14,125.45,127.13,125.24,125.83,119.904788499123,176016,0.0,1.0
2020-08-13,126.0,127.54,125.46,126.48,120.524180635532,177297,0.0,1.0
2020-08-12,128.87,129.07,126.41,127.2,121.210276540478,216865,0.0,1.0
2020-08-11,129.65,131.55,127.6,127.86,121.839197786679,449379,0.0,1.0
2020-08-10,125.92,128.58,125.92,127.48,121.477091614624,412276,0.0,1.0
2020-08-07,121.93,125.94,121.28,125.92,119.990550487241,362627,0.0,1.0
2020-08-06,121.72,122.8894,120.87,121.38,115.664334642164,329452,0.0,1.0
2020-08-05,121.24,122.37,121.01,122.16,116.407605205856,332637,0.0,1.0
2020-08-04,120.0,120.55,118.32,120.49,114.816243870772,393416,0.0,1.0
2020-08-03,119.24,120.4,117.87,120.06,114.406492149763,437858,0.0,1.0
2020-07-31,117.39,119.38,117.08,119.08,113.472639390253,825311,0.0,1.0
2020-07-30,118.83,119.63,117.11,117.79,112.243384227224,519896,0.0,1.0
2020-07-29,117.58,120.84,117.32,120.63,114.949651407845,455912,0.0,1.0
2020-07-28,121.01,121.59,117.43,117.58,112.043272921615,663130,0.0,1.0
2020-07-27,120.03,122.23,119.32,121.99,116.24561033941,537524,0.0,1.0
2020-07-24,121.15,122.39,120.3719,120.84,115.149762713454,429150,0.0,1.0
2020-07-23,123.07,124.54,119.015,120.87,115.178350042827,724780,0.0,1.0
2020-07-22,124.15,127.165,119.475,123.07,117.274754196829,1100635,0.0,1.0
2020-07-21,123.45,125.02,122.34,122.65,116.874531585611,357387,0.0,1.0
2020-07-20,124.14,124.88,121.33,122.63,116.855473366029,441827,0.0,1.0
2020-07-17,125.12,125.28,123.94,124.9,119.018581288567,694449,0.0,1.0
2020-07-16,120.86,125.48,120.45,124.93,119.04716861794,693455,0.0,1.0
2020-07-15,119.52,120.94,118.48,120.45,114.778127431609,525407,0.0,1.0
2020-07-14,114.56,117.04,113.83,116.95,111.442939004787,770240,0.0,1.0
2020-07-13,114.8,116.68,113.87,114.42,109.032074227685,626504,0.0,1.0
2020-07-10,113.05,114.72,112.56,113.69,108.336449212948,271834,0.0,1.0
2020-07-09,113.81,114.14,111.79,112.99,107.669411527584,426770,0.0,1.0
2020-07-08,115.17,115.83,113.47,114.37,108.98442867873,347439,0.0,1.0
2020-07-07,117.73,117.88,115.14,115.2,109.775344791377,448882,0.0,1.0
2020-07-06,118.82,120.14,117.96,118.94,113.33923185318,383335,0.0,1.0
2020-07-02,119.2,120.55,116.14,116.28,110.804488648796,501929,0.0,1.0
2020-07-01,119.71,120.55,116.15,116.68,111.185653040433,462165,0.0,1.0
2020-06-30,118.78,120.94,118.75,119.67,114.034856867917,467493,0.0,1.0
2020-06-29,117.37,120.49,115.88,119.31,113.691808915444,509364,0.0,1.0
2020-06-26,116.03,117.19,114.07,116.42,110.937896185869,1659283,0.0,1.0
2020-06-25,112.47,114.14,109.72,114.06,108.689026275212,499339,0.0,1.0
2020-06-24,119.21,119.21,112.82,113.0,107.678940637375,492748,0.0,1.0
2020-06-23,121.64,122.31,120.8,120.89,115.197408262409,376032,0.0,1.0
2020-06-22,121.31,121.31,118.69,120.03,114.37790482039,409233,0.0,1.0
2020-06-19,122.58,125.47,122.0,122.23,116.474308974392,1070579,0.0,1.0
2020-06-18,121.59,122.23,119.35,120.1,114.444608588926,585742,0.0,1.0
2020-06-17,123.03,124.08,120.34,123.41,117.59874392972,623016,0.0,1.0
2020-06-16,127.8,127.94,121.77,122.48,116.712536719165,703751,0.0,1.0
2020-06-15,120.21,123.54,118.88,122.52,116.750653158329,502840,0.0,1.0
2020-06-12,125.87,126.76,120.82,123.91,118.075199419266,478699,0.0,1.0
2020-06-11,124.8,124.89,121.36,121.53,115.807271289028,335435,0.0,1.0
2020-06-10,133.12,133.74,128.87,129.51,123.41150090218,432365,0.0,1.0
2020-06-09,134.67,135.11,132.71,133.5,127.213615708757,321019,0.0,1.0
2020-06-08,138.2,140.56,136.61,136.87,130.424925708296,360643,0.0,1.0
2020-06-05,136.27,138.74,135.5,137.41,130.939497637006,477804,0.0,1.0
2020-06-04,129.0,130.94,128.38,130.76,124.602639626045,373335,0.0,1.0
2020-06-03,125.13,130.53,125.13,130.04,123.916543721099,359648,0.0,1.0
2020-06-02,123.11,123.64,120.89,123.14,117.341457965366,357777,0.0,1.0
2020-06-01,119.85,122.54,119.85,122.08,116.331372327528,294078,0.0,1.0
2020-05-29,122.16,122.16,118.23,119.86,114.215909953944,573330,0.0,1.0
2020-05-28,125.37,127.36,120.91,123.89,118.056141199684,459372,0.0,1.0
2020-05-27,123.01,124.42,121.23,123.25,117.446278173066,571840,0.0,1.0
2020-05-26,118.85,121.85,117.71,120.84,115.149762713454,644235,0.0,1.0
2020-05-22,117.12,117.6,115.05,115.38,109.946868767613,527298,0.0,1.0
2020-05-21,116.67,118.62,115.96,116.71,111.214240369805,415258,0.0,1.0
2020-05-20,117.19,118.39,116.42,116.82,111.319060577505,565930,0.0,1.0
2020-05-19,113.87,117.29,113.36,115.05,109.632408144513,567484,0.0,1.0
2020-05-18,109.66,115.62,109.33,114.54,109.146423545176,378389,0.0,1.0
2020-05-15,105.53,106.53,104.4,105.07,100.122356573177,823474,0.0,1.0
2020-05-14,101.51,107.12,97.55,106.68,101.656543249514,663278,0.5,1.0
2020-05-13,109.7,109.94,102.36,103.45,98.1187665531094,562602,0.0,1.0
2020-05-12,118.87,119.85,110.0,110.02,104.350185559914,432140,0.0,1.0
2020-05-11,118.99,120.21,117.93,118.48,112.374204554977,500655,0.0,1.0
2020-05-08,116.93,120.77,116.83,119.98,113.796902958357,432645,0.0,1.0
2020-05-07,113.76,116.67,113.55,115.03,109.101998227203,321734,0.0,1.0
2020-05-06,115.16,115.47,111.84,111.98,106.20917814033,298781,0.0,1.0
2020-05-05,115.16,117.05,114.55,114.58,108.675188706189,256373,0.0,1.0
2020-05-04,114.25,114.55,111.53,113.65,107.793115696094,320546,0.0,1.0
2020-05-01,118.44,118.56,113.72,114.94,109.016636323,502781,0.0,1.0
2020-04-30,126.61,126.61,120.58,120.96,114.726399248566,637312,0.0,1.0
2020-04-29,126.64,129.88,124.88,127.58,121.005241535483,297897,0.0,1.0
2020-04-28,125.8,129.11,122.77,123.56,117.192409814424,498253,0.0,1.0
2020-04-27,118.52,125.44,118.46,124.56,118.140875416678,529371,0.0,1.0
2020-04-24,122.03,122.08,117.56,118.09,112.004302970098,585726,0.0,1.0
2020-04-23,121.02,125.47,120.85,121.36,115.105785489467,302755,0.0,1.0
2020-04-22,116.46,121.6,113.25,119.88,113.702056398132,697187,0.0,1.0
2020-04-21,120.73,120.99,116.95,117.49,111.435223608746,275998,0.0,1.0
2020-04-20,121.89,125.86,121.01,122.63,116.310336804329,334111,0.0,1.0
2020-04-17,122.93,125.83,122.41,124.26,117.856335736002,544642,0.0,1.0
2020-04-16,122.94,124.08,118.09,119.03,112.895860636217,681462,0.0,1.0
2020-04-15,122.33,124.66,121.0,122.55,116.234459556148,324959,0.0,1.0
2020-04-14,124.92,125.58,123.88,124.69,118.264175944971,283848,0.0,1.0
2020-04-13,127.14,127.14,120.91,122.13,115.836104003202,222994,0.0,1.0
2020-04-09,126.83,130.0,126.68,126.68,120.151622493455,320019,0.0,1.0
2020-04-08,123.84,126.8,120.75,125.48,119.013463770751,291357,0.0,1.0
2020-04-07,124.51,127.1,121.33,121.45,115.19114739367,472958,0.0,1.0
2020-04-06,116.72,121.29,116.72,119.82,113.645148461997,639248,0.0,1.0
2020-04-03,117.8,118.66,112.03,112.83,107.015373902246,412359,0.0,1.0
2020-04-02,116.48,121.37,115.02,118.02,111.937910377941,494631,0.0,1.0
2020-04-01,117.27,121.05,116.15,117.12,111.084291335913,400944,0.0,1.0
2020-03-31,123.92,126.21,122.7,125.28,118.8237706503,390432,0.0,1.0
2020-03-30,118.21,126.05,117.48,125.44,118.975525146661,526872,0.0,1.0
2020-03-27,123.43,125.06,117.31,118.68,112.563897675428,517621,0.0,1.0
2020-03-26,119.27,129.74,118.3,129.1,122.446909250908,860478,0.0,1.0
2020-03-25,109.8,120.42,107.1,117.65,111.586978105107,621439,0.0,1.0
2020-03-24,104.23,110.16,103.89,109.89,104.226885031621,469116,0.0,1.0
2020-03-23,103.43,104.94,98.25,100.3,95.1310999060113,581426,0.0,1.0
2020-03-20,118.73,120.91,102.1,104.24,98.8680543788895,765160,0.0,1.0
2020-03-19,122.88,124.92,117.82,118.97,112.838952700081,760486,0.0,1.0
2020-03-18,117.19,123.72,114.61,123.52,117.154471190334,814795,0.0,1.0
2020-03-17,121.49,124.64,118.63,124.07,117.676127271574,1028873,0.0,1.0
2020-03-16,120.89,123.78,119.02,120.0,113.815872270402,676447,0.0,1.0
2020-03-13,124.83,132.41,120.93,132.18,125.368183305848,599994,0.0,1.0
2020-03-12,126.21,126.21,117.99,119.3,113.151946348825,898624,0.0,1.0
2020-03-11,139.17,140.38,131.52,133.9,126.999544141724,578139,0.0,1.0
2020-03-10,142.81,143.02,137.65,142.7,135.346041441553,1123457,0.0,1.0
2020-03-09,136.81,145.95,135.61,139.81,132.604975851041,736968,0.0,1.0
2020-03-06,139.91,145.12,139.35,144.19,136.759255188911,564928,0.0,1.0
2020-03-05,147.21,148.46,142.21,144.35,136.911009685272,624101,0.0,1.0
2020-03-04,148.37,152.03,147.34,151.45,143.64511546127,524218,0.0,1.0
2020-03-03,151.08,154.15,145.3,146.23,138.694125017508,667684,0.0,1.0
2020-03-02,146.26,150.99,145.45,150.49,142.734588483107,632310,0.0,1.0
2020-02-28,142.01,146.1,140.03,145.29,137.80256735139,1052970,0.0,1.0
2020-02-27,148.97,150.96,145.66,145.75,138.238861528426,476264,0.0,1.0
2020-02-26,153.89,156.15,151.93,152.11,144.271102758758,479010,0.0,1.0
2020-02-25,159.37,159.71,152.53,153.05,145.162660424876,600063,0.0,1.0
2020-02-24,158.38,160.01,157.18,158.99,150.796546102261,818795,0.0,1.0
2020-02-21,161.63,163.52,160.86,162.35,153.983390525832,771360,0.0,1.0
2020-02-20,162.0,163.57,161.0,162.35,153.983390525832,422213,0.0,1.0
2020-02-19,162.28,163.86,161.94,162.37,154.002359837877,456872,0.5,1.0
2020-02-18,162.66,165.18,162.17,162.89,154.021270915404,436286,0.0,1.0
2020-02-14,161.93,164.28,161.46,163.31,154.418403543462,560661,0.0,1.0
2020-02-13,161.61,162.5,160.42,161.75,152.943339496387,356387,0.0,1.0
2020-02-12,160.71,162.74,159.72,162.49,153.643049364872,436813,0.0,1.0
2020-02-11,160.5,161.15,159.79,160.02,151.307531290336,466415,0.0,1.0
2020-02-10,161.27,161.43,159.11,160.52,151.780308228501,527213,0.0,1.0
2020-02-07,167.95,169.86,161.54,162.75,153.888893372717,773071,0.0,1.0
2020-02-06,163.51,163.77,159.72,160.95,152.186896395323,469564,0.0,1.0
2020-02-05,163.28,163.89,161.39,162.81,153.945626605297,282039,0.0,1.0
2020-02-04,160.98,162.47,159.83,161.41,152.621851178435,426724,0.0,1.0
2020-02-03,157.7,159.41,156.79,158.12,149.510978925309,554856,0.0,1.0
2020-01-31,157.62,159.41,155.91,156.23,147.723882099045,781699,0.0,1.0
2020-01-30,155.43,158.53,155.22,158.41,149.785189549445,314693,0.0,1.0
2020-01-29,157.08,157.85,156.41,156.69,148.158836882157,299629,0.0,1.0
2020-01-28,156.22,157.13,155.08,156.39,147.875170719258,320674,0.0,1.0
2020-01-27,153.94,156.36,153.94,155.2,146.749961606425,440152,0.0,1.0
2020-01-24,159.54,159.98,155.4,156.52,147.998092723181,479722,0.0,1.0
2020-01-23,159.58,159.97,157.61,159.47,150.787476658355,357042,0.0,1.0
2020-01-22,163.49,163.71,159.15,159.7,151.004954049911,351740,0.0,1.0
2020-01-21,163.17,163.68,162.29,162.61,153.756515830031,347722,0.0,1.0
2020-01-17,163.15,164.8,163.15,163.95,155.023558024313,263277,0.0,1.0
2020-01-16,161.1,163.14,160.54,162.94,154.06854860922,386489,0.0,1.0
2020-01-15,161.64,163.49,159.8,160.46,151.723574995922,367905,0.0,1.0
2020-01-14,161.6,162.56,159.83,161.77,152.962250573914,275682,0.0,1.0
2020-01-13,160.5,161.04,159.8,160.75,151.997785620057,212041,0.0,1.0
2020-01-10,160.96,160.97,159.68,160.29,151.562830836945,339025,0.0,1.0
2020-01-09,160.88,162.78,160.36,160.65,151.903230232424,343859,0.0,1.0
2020-01-08,158.69,160.62,158.51,160.13,151.411542216733,469909,0.0,1.0
2020-01-07,160.13,161.43,158.82,159.08,150.418710646586,367595,0.0,1.0
2020-01-06,160.38,161.43,159.87,161.33,152.546206868329,273626,0.0,1.0
2020-01-03,161.98,162.42,160.03,161.28,152.498929174512,309298,0.0,1.0
2020-01-02,163.04,164.18,161.73,164.06,155.12756895071,322074,0.0,1.0
2019-12-31,161.88,162.72,161.35,161.84,153.028439345257,216724,0.0,1.0
2019-12-30,162.81,162.81,161.84,162.04,153.217550120523,187455,0.0,1.0
2019-12-27,162.59,163.2,161.65,163.04,154.163103996853,159204,0.0,1.0
2019-12-26,162.22,162.22,161.09,162.15,153.321561046919,154171,0.0,1.0
2019-12-24,161.62,162.49,161.57,161.91,153.0946281166,68015,0.0,1.0
2019-12-23,163.23,163.23,161.5,161.64,152.839328569991,313942,0.0,1.0
2019-12-20,161.26,163.34,160.85,163.07,154.191470613143,857465,0.0,1.0
2019-12-19,159.69,160.61,159.04,160.12,151.402086677969,258290,0.0,1.0
2019-12-18,161.48,161.48,159.79,159.99,151.279164674046,583539,0.0,1.0
2019-12-17,160.02,161.81,160.02,161.22,152.442195941932,332025,0.0,1.0
2019-12-16,159.27,160.6,158.95,159.91,151.20352036394,446293,0.0,1.0
2019-12-13,158.42,160.0,157.6,158.96,150.305244181426,323603,0.0,1.0
2019-12-12,157.13,158.86,156.81,158.51,149.879744937078,320129,0.0,1.0
2019-12-11,156.39,158.25,155.8,157.37,148.801813518062,584309,0.0,1.0
2019-12-10,156.76,158.15,155.25,155.73,147.25110516088,426394,0.0,1.0
2019-12-09,158.15,158.5,157.27,157.27,148.707258130429,274686,0.0,1.0
2019-12-06,159.25,160.56,158.25,158.7,150.059400173581,423179,0.0,1.0
2019-12-05,156.07,158.54,155.83,157.91,149.31241261128,349514,0.0,1.0
2019-12-04,155.12,157.27,154.98,155.62,147.147094234484,465449,0.0,1.0
2019-12-03,152.62,154.46,151.64,154.27,145.870596501438,327530,0.0,1.0
2019-12-02,156.08,156.73,154.07,154.1,145.709852342462,344689,0.0,1.0
2019-11-29,157.4,158.17,155.87,155.98,147.487493629963,125654,0.0,1.0
2019-11-27,159.66,159.66,157.26,158.13,149.520434464072,149866,0.0,1.0
2019-11-26,158.6,159.99,157.5,159.16,150.494354956692,400900,0.0,1.0
2019-11-25,154.69,158.89,154.66,158.72,150.078311251107,727184,0.0,1.0
2019-11-22,156.75,156.76,153.22,154.25,145.851685423912,441535,0.0,1.0
2019-11-21,159.8,159.91,155.94,156.76,148.2250256535,484822,0.0,1.0
2019-11-20,161.77,163.34,159.03,159.4,150.721287887012,749104,0.0,1.0
2019-11-19,161.49,163.42,161.11,162.86,153.992904299114,373107,0.0,1.0
2019-11-18,160.74,162.09,160.14,161.11,152.338185015536,473601,0.0,1.0
2019-11-15,161.77,161.77,159.94,161.0,152.23417408914,350590,0.5,1.0
2019-11-14,157.76,161.0,157.4,160.96,151.725155798068,375239,0.0,1.0
2019-11-13,160.74,161.43,157.9,158.27,149.189490607357,429339,0.0,1.0
2019-11-12,159.1,161.99,158.65,161.93,152.639503469068,462798,0.0,1.0
2019-11-11,157.09,158.93,156.54,158.64,149.538262399388,255514,0.0,1.0
2019-11-08,157.98,158.65,157.29,157.9,148.840718815326,243408,0.0,1.0
2019-11-07,160.29,160.48,157.29,158.04,148.972686520419,255576,0.0,1.0
2019-11-06,160.4,160.52,158.81,159.91,150.735398009872,272384,0.0,1.0
2019-11-05,158.55,160.4,158.55,160.34,151.1407273898,433320,0.0,1.0
2019-11-04,157.35,159.5,156.98,158.29,149.208343136656,458054,0.0,1.0
2019-11-01,153.41,156.34,152.53,156.34,147.370221530007,460907,0.0,1.0
2019-10-31,154.67,154.67,151.77,152.27,143.533731817668,470441,0.0,1.0
2019-10-30,155.88,156.28,154.32,154.97,146.078823273028,282538,0.0,1.0
2019-10-29,155.17,157.05,154.9,155.71,146.776366857089,360577,0.0,1.0
2019-10-28,155.25,156.75,155.2,155.7,146.76694059244,414884,0.0,1.0
2019-10-25,154.25,156.13,154.15,154.76,145.880871715389,321477,0.0,1.0
2019-10-24,154.7,154.77,152.21,153.63,144.815703809997,611395,0.0,1.0
2019-10-23,152.5,155.01,150.0,154.39,145.532099923358,1020687,0.0,1.0
2019-10-22,146.33,146.98,144.39,145.06,136.737395005391,301749,0.0,1.0
2019-10-21,144.34,145.48,143.87,145.3,136.963625356978,338544,0.0,1.0
2019-10-18,141.52,143.47,141.15,143.02,134.814437016896,285256,0.0,1.0
2019-10-17,141.59,142.69,141.4,142.45,134.277139931876,194109,0.0,1.0
2019-10-16,141.73,142.75,140.75,140.9,132.816068911206,196388,0.0,1.0
2019-10-15,141.5,142.91,141.5,142.32,134.154598491433,200006,0.0,1.0
2019-10-14,140.91,141.85,140.24,140.96,132.872626499103,187237,0.0,1.0
2019-10-11,142.02,143.13,140.63,140.84,132.759511323309,224081,0.0,1.0
2019-10-10,140.05,141.16,139.43,139.99,131.958278828103,371170,0.0,1.0
2019-10-09,139.23,140.36,138.4,139.96,131.930000034155,143995,0.0,1.0
2019-10-08,138.0,139.83,137.3,138.07,130.148436015403,254371,0.0,1.0
2019-10-07,140.97,140.97,139.03,139.28,131.28901403799,279347,0.0,1.0
2019-10-04,140.1,141.42,139.65,141.42,133.306234672979,191719,0.0,1.0
2019-10-03,138.86,139.87,137.02,139.84,131.816884858361,250180,0.0,1.0
2019-10-02,141.17,141.6,138.77,139.27,131.279587773341,316669,0.0,1.0
2019-10-01,146.23,147.07,141.88,142.04,133.890663081247,294088,0.0,1.0
2019-09-30,143.59,145.94,143.59,145.54,137.189855708566,358025,0.0,1.0
2019-09-27,145.86,146.08,142.7,143.01,134.805010752247,244272,0.0,1.0
2019-09-26,145.19,145.85,144.32,145.16,136.831657651886,174101,0.0,1.0
2019-09-25,144.31,145.69,142.79,145.25,136.916494033731,309946,0.0,1.0
2019-09-24,144.38,145.75,143.73,144.81,136.501738389154,359611,0.0,1.0
2019-09-23,144.19,145.18,143.46,144.05,135.785342275793,197473,0.0,1.0
2019-09-20,146.08,146.97,144.93,145.23,136.897641504432,730746,0.0,1.0
2019-09-19,145.05,147.01,144.39,145.4,137.057888003473,355781,0.0,1.0
2019-09-18,144.39,145.58,142.69,145.13,136.803378857937,349982,0.0,1.0
2019-09-17,142.93,145.64,142.06,145.29,136.954199092329,418485,0.0,1.0
2019-09-16,147.77,148.4,142.69,143.34,135.11607748568,574275,0.0,1.0
2019-09-13,148.4,149.45,147.82,149.29,140.724704952122,460733,0.0,1.0
2019-09-12,147.5,147.86,145.65,147.4,138.94314093337,419947,0.0,1.0
2019-09-11,142.3,147.83,140.74,147.76,139.282486460751,473868,0.0,1.0
2019-09-10,143.94,143.94,139.32,141.12,133.023446733495,466588,0.0,1.0
2019-09-09,144.53,145.33,143.31,144.3,136.02099889203,368842,0.0,1.0
2019-09-06,144.82,145.53,143.54,143.67,135.427144219113,316052,0.0,1.0
2019-09-05,145.1,145.48,143.68,144.76,136.454607065906,387695,0.0,1.0
2019-09-04,142.83,144.99,142.83,143.63,135.389439160515,320816,0.0,1.0
2019-09-03,143.98,144.06,140.4,141.82,133.683285258959,261604,0.0,1.0
2019-08-30,142.55,145.08,142.33,144.96,136.643132358896,302018,0.0,1.0
2019-08-29,140.14,142.39,140.11,141.61,133.485333701319,342908,0.0,1.0
2019-08-28,137.14,139.25,135.77,139.11,131.128767538949,253885,0.0,1.0
2019-08-27,137.7,138.01,136.0,137.3,129.422613637393,380443,0.0,1.0
2019-08-26,138.35,138.7,136.06,136.6,128.762775111929,315449,0.0,1.0
2019-08-23,139.82,140.62,136.72,137.16,129.2906459323,442300,0.0,1.0
2019-08-22,141.82,142.42,140.69,140.87,132.787790117258,217170,0.0,1.0
2019-08-21,142.46,143.08,140.66,141.12,133.023446733495,283967,0.0,1.0
2019-08-20,141.13,142.28,139.61,141.08,132.985741674897,270437,0.0,1.0
2019-08-19,141.81,142.21,140.82,141.38,133.268529614381,170053,0.5,1.0
2019-08-16,137.58,141.87,137.43,140.99,132.432548564503,862051,0.0,1.0
2019-08-15,139.55,139.78,136.04,136.81,128.506255543724,481172,0.0,1.0
2019-08-14,141.19,141.61,139.37,139.58,131.108129148402,422222,0.0,1.0
2019-08-13,140.12,144.44,139.94,143.21,134.517804666447,433224,0.0,1.0
2019-08-12,140.12,141.4,139.38,139.6,131.126915239411,196900,0.0,1.0
2019-08-09,140.99,141.88,139.93,140.91,132.357404200468,221302,0.0,1.0
2019-08-08,139.77,141.71,139.57,140.89,132.33861810946,500286,0.0,1.0
2019-08-07,138.21,139.23,135.55,138.69,130.272148098524,471367,0.0,1.0
2019-08-06,137.51,139.49,137.44,139.06,130.619690782181,318595,0.0,1.0
2019-08-05,137.69,138.58,136.58,137.09,128.769260817843,449427,0.0,1.0
2019-08-02,139.78,140.8,138.53,140.04,131.540209241598,434483,0.0,1.0
2019-08-01,143.89,145.12,139.78,139.96,131.465064877564,462326,0.0,1.0
2019-07-31,144.09,146.16,142.94,144.21,135.457109216873,696294,0.0,1.0
2019-07-30,143.03,144.81,141.78,143.85,135.11895957872,367683,0.0,1.0
2019-07-29,142.31,143.67,140.48,143.5,134.790202986071,536036,0.0,1.0
2019-07-26,140.97,143.01,140.13,142.01,133.390639205937,342333,0.0,1.0
2019-07-25,140.19,141.11,138.26,140.86,132.310438972947,622457,0.0,1.0
2019-07-24,142.95,142.95,137.7,139.73,131.249024830966,1003391,0.0,1.0
2019-07-23,130.73,132.47,129.74,132.16,124.138489384245,457978,0.0,1.0
2019-07-22,130.01,130.26,128.66,129.81,121.931123690745,446006,0.0,1.0
2019-07-19,131.43,131.96,129.81,129.84,121.959302827257,359518,0.0,1.0
2019-07-18,132.21,132.25,131.02,131.24,123.274329197853,308479,0.0,1.0
2019-07-17,135.01,135.01,131.91,132.05,124.035165883698,290169,0.0,1.0
2019-07-16,133.9,135.58,133.9,135.1,126.900044762496,330042,0.0,1.0
2019-07-15,135.38,135.53,133.96,134.05,125.913774984549,247917,0.0,1.0
2019-07-12,133.87,135.74,133.87,135.38,127.163050036615,239441,0.0,1.0
2019-07-11,135.04,135.55,133.51,133.94,125.810451484002,244650,0.0,1.0
2019-07-10,136.14,137.3,134.81,134.87,126.684004715898,223897,0.0,1.0
2019-07-09,136.94,137.33,135.09,136.0,127.745418857879,305461,0.0,1.0
2019-07-08,137.96,138.51,136.81,137.33,128.994693909945,317842,0.0,1.0
2019-07-05,139.21,139.49,137.66,139.35,130.892089101805,196419,0.0,1.0
2019-07-03,140.51,140.77,139.51,140.03,131.530816196094,209870,0.0,1.0
2019-07-02,141.41,141.41,139.72,140.14,131.634139696641,281353,0.0,1.0
2019-07-01,140.79,142.03,140.01,140.95,132.394976382486,290505,0.0,1.0
2019-06-28,138.75,140.67,138.49,140.41,131.887751925256,1454851,0.0,1.0
2019-06-27,137.62,139.14,137.22,138.97,130.535153372643,355609,0.0,1.0
2019-06-26,138.35,139.03,136.41,137.1,128.778653863347,262175,0.0,1.0
2019-06-25,141.47,141.6,138.42,138.43,130.027928915413,321656,0.0,1.0
2019-06-24,139.02,142.3,138.41,141.15,132.582837292571,461665,0.0,1.0
2019-06-21,140.52,140.61,139.13,139.23,130.779372555754,417647,0.0,1.0
2019-06-20,139.45,141.28,139.345,141.12,132.554658156058,546903,0.0,1.0
2019-06-19,136.57,138.33,136.08,138.28,129.887033232849,460932,0.0,1.0
2019-06-18,136.55,137.69,136.17,136.68,128.384145952168,321941,0.0,1.0
2019-06-17,137.23,138.08,135.18,135.53,127.303945719179,312253,0.0,1.0
2019-06-14,137.74,137.74,136.77,137.13,128.80683299986,211143,0.0,1.0
2019-06-13,138.13,138.79,136.95,137.79,129.426774003141,214378,0.0,1.0
2019-06-12,137.88,138.35,137.58,137.99,129.614634913226,233778,0.0,1.0
2019-06-11,138.2,139.87,137.31,137.92,129.548883594696,163984,0.0,1.0
2019-06-10,138.63,139.24,138.315,138.82,130.394257690079,208453,0.0,1.0
2019-06-07,136.99,138.49,136.58,137.84,129.473739230662,239639,0.0,1.0
2019-06-06,136.43,136.69,135.63,136.43,128.149319814562,278801,0.0,1.0
2019-06-05,135.52,136.74,134.72,136.27,127.999031086494,277397,0.0,1.0
2019-06-04,133.26,135.51,132.8,135.27,127.059726536068,532371,0.0,1.0
2019-06-03,133.24,134.62,133.0,133.26,125.171724389713,506853,0.0,1.0
2019-05-31,135.79,135.83,132.99,133.31,125.218689617234,430834,0.0,1.0
2019-05-30,135.78,137.36,135.57,136.96,128.647151226287,242915,0.0,1.0
2019-05-29,134.38,136.06,133.36,135.58,127.3509109467,252416,0.0,1.0
2019-05-28,135.38,136.77,135.06,135.13,126.928223899009,240125,0.0,1.0
2019-05-24,134.86,135.85,134.41,135.26,127.050333490564,221725,0.0,1.0
2019-05-23,134.45,135.54,133.27,134.06,125.923168030053,234760,0.0,1.0
2019-05-22,137.32,137.65,135.39,135.41,127.191229173128,287468,0.0,1.0
2019-05-21,136.87,138.04,136.44,137.73,129.370415730115,249213,0.0,1.0
2019-05-20,135.84,137.4,135.36,136.27,127.999031086494,191310,0.0,1.0
2019-05-17,136.67,138.64,136.67,136.91,128.600185998766,180161,0.0,1.0
2019-05-16,136.8,138.05,136.21,137.43,129.088624364987,382375,0.0,1.0
2019-05-15,134.51,136.99,133.5,136.36,128.083568496032,560878,0.0,1.0
2019-05-14,134.91,136.01,134.13,135.1,126.900044762496,227433,0.4,1.0
2019-05-13,134.09,135.35,133.49,134.59,126.047800919441,392168,0.0,1.0
2019-05-10,135.27,136.93,134.15,136.35,127.69609670381,230478,0.0,1.0
2019-05-09,135.41,136.14,134.42,135.52,126.918775396409,336810,0.0,1.0
2019-05-08,137.37,138.0,136.01,136.03,127.396406561198,248845,0.0,1.0
2019-05-07,138.34,138.91,136.8,137.65,128.913587908174,223003,0.0,1.0
2019-05-06,138.3,139.24,138.11,139.01,130.187271014277,475705,0.0,1.0
2019-05-03,139.82,141.07,139.62,140.47,131.554607289947,361949,0.0,1.0
2019-05-02,139.94,140.87,138.92,139.81,130.936496370808,394469,0.0,1.0
2019-05-01,142.0,142.0,140.1,140.15,131.254917147334,251811,0.0,1.0
2019-04-30,140.0,141.61,139.22,141.42,132.444312400828,593326,0.0,1.0
2019-04-29,139.68,140.0,138.66,139.72,130.852208518199,367597,0.0,1.0
2019-04-26,137.53,140.03,137.32,139.95,131.067610808201,408623,0.0,1.0
2019-04-25,137.71,139.27,136.03,137.49,128.763742836868,567466,0.0,1.0
2019-04-24,137.82,141.5,135.25,138.1,129.335027171223,2021950,0.0,1.0
2019-04-23,127.45,128.61,126.81,128.43,120.27876567415,851934,0.0,1.0
2019-04-22,127.67,127.99,126.07,126.71,118.667931157608,465237,0.0,1.0
2019-04-18,127.43,127.95,126.16,127.93,119.810499826318,320373,0.0,1.0
2019-04-17,127.96,128.01,126.36,126.86,118.808410911957,264651,0.0,1.0
2019-04-16,127.75,127.97,127.03,127.38,119.295407393703,219896,0.0,1.0
2019-04-15,126.85,127.57,126.34,127.46,119.370329929356,312800,0.0,1.0
2019-04-12,127.0,127.59,125.47,126.9,118.845872179784,275075,0.0,1.0
2019-04-11,125.45,126.77,124.98,126.55,118.518086086301,191413,0.0,1.0
2019-04-10,124.53,125.83,124.22,125.53,117.562823756724,208782,0.0,1.0
2019-04-09,125.19,125.39,124.14,124.29,116.4015244541,319058,0.0,1.0
2019-04-08,124.42,125.66,124.31,125.5,117.534727805854,267805,0.0,1.0
2019-04-05,124.67,125.22,123.2,125.22,117.272498931068,389489,0.0,1.0
2019-04-04,124.81,125.55,123.6,124.09,116.214218114968,367126,0.0,1.0
2019-04-03,124.77,125.06,123.87,124.66,116.748041181496,331425,0.0,1.0
2019-04-02,125.55,125.55,123.73,124.29,116.4015244541,314933,0.0,1.0
2019-04-01,123.7,125.54,123.11,125.29,117.338056149765,402500,0.0,1.0
2019-03-29,122.92,123.75,122.42,122.62,114.837516522341,335843,0.0,1.0
2019-03-28,119.91,122.61,119.91,121.96,114.219405603203,406322,0.0,1.0
2019-03-27,120.0,121.26,119.22,119.51,111.924902948826,505164,0.0,1.0
2019-03-26,121.26,121.78,119.11,120.15,112.524283234051,500631,0.0,1.0
2019-03-25,120.0,122.68,120.0,121.45,113.741774438414,292085,0.0,1.0
2019-03-22,122.78,122.95,120.32,120.4,112.758416157967,317622,0.0,1.0
2019-03-21,121.53,123.84,121.53,123.34,115.511819343219,430764,0.0,1.0
2019-03-20,123.6,123.79,121.03,121.87,114.135117750593,380820,0.0,1.0
2019-03-19,125.38,126.39,123.64,123.81,115.951989240182,331369,0.0,1.0
2019-03-18,124.01,125.84,123.46,125.03,117.094557908892,593724,0.0,1.0
2019-03-15,124.05,124.09,122.05,123.9,116.036277092791,1003507,0.0,1.0
2019-03-14,122.58,123.65,121.8,123.52,115.680395048439,502716,0.0,1.0
2019-03-13,122.11,123.4,121.74,122.36,114.594018281469,510031,0.0,1.0
2019-03-12,121.11,122.29,120.89,121.23,113.535737465368,357982,0.0,1.0
2019-03-11,121.56,121.9,120.57,121.68,113.957176728417,456057,0.0,1.0
2019-03-08,121.5,122.18,120.48,121.47,113.760505072327,237053,0.0,1.0
2019-03-07,123.11,123.11,121.7,121.85,114.11638711668,424633,0.0,1.0
2019-03-06,123.58,124.67,122.97,122.99,115.184033249737,318406,0.0,1.0
2019-03-05,123.72,125.01,123.5,123.65,115.802144168875,322918,0.0,1.0
2019-03-04,124.29,124.87,123.03,123.66,115.811509485832,218990,0.0,1.0
2019-03-01,123.96,124.76,123.32,124.11,116.232948748881,240075,0.0,1.0
2019-02-28,123.28,123.41,122.73,123.08,115.268321102347,217274,0.0,1.0
2019-02-27,123.32,124.08,122.83,123.5,115.661664414526,221041,0.0,1.0
2019-02-26,123.5,124.22,122.79,123.52,115.680395048439,297842,0.0,1.0
2019-02-25,123.42,124.36,122.84,123.32,115.493088709306,359741,0.0,1.0
2019-02-22,122.67,123.57,122.21,123.15,115.333878321043,349992,0.0,1.0
2019-02-21,121.91,122.28,121.05,122.16,114.406711942336,259869,0.0,1.0
2019-02-20,121.54,122.37,120.53,121.87,114.135117750593,355312,0.0,1.0
2019-02-19,121.11,122.71,120.555,121.8,114.069560531897,312631,0.4,1.0
2019-02-15,121.1,121.73,120.45,121.42,113.341456954033,279327,0.0,1.0
2019-02-14,120.15,122.13,119.96,120.82,112.781377278754,375772,0.0,1.0
2019-02-13,120.03,120.86,119.09,120.58,112.557345408642,364811,0.0,1.0
2019-02-12,119.5,120.44,118.83,119.65,111.689221911959,339295,0.0,1.0
2019-02-11,119.7,119.88,118.45,118.93,111.017126301624,549274,0.0,1.0
2019-02-08,120.16,125.14,118.54,119.31,111.371843429301,1485467,0.0,1.0
2019-02-07,111.77,113.89,111.47,112.66,105.164293694955,637909,0.0,1.0
2019-02-06,110.85,112.55,110.85,112.36,104.884253857315,406852,0.0,1.0
2019-02-05,110.48,111.14,109.98,110.79,103.418712040334,598227,0.0,1.0
2019-02-04,108.85,110.46,108.62,110.21,102.877301687564,454154,0.0,1.0
2019-02-01,108.34,109.79,107.72,108.78,101.542445128148,432114,0.0,1.0
2019-01-31,107.68,108.19,106.88,107.73,100.562305696409,540226,0.0,1.0
2019-01-30,108.37,108.37,106.19,107.68,100.515632390136,808951,0.0,1.0
2019-01-29,108.65,109.5,107.58,107.77,100.599644341428,379587,0.0,1.0
2019-01-28,107.46,108.69,107.05,108.35,101.141054694198,263158,0.0,1.0
2019-01-25,108.7,109.74,107.86,108.24,101.038373420397,254681,0.0,1.0
2019-01-24,107.16,109.01,106.97,107.7,100.534301712645,246575,0.0,1.0
2019-01-23,108.22,109.22,106.39,107.1,99.974222037366,260831,0.0,1.0
2019-01-22,108.36,108.805,106.91,107.67,100.506297728881,250824,0.0,1.0
2019-01-18,107.89,109.57,106.99,108.72,101.48643716062,310487,0.0,1.0
2019-01-17,105.11,107.88,104.58,106.85,99.7408555059996,357344,0.0,1.0
2019-01-16,104.74,106.41,104.74,105.44,98.4246682690931,220227,0.0,1.0
2019-01-15,105.8,105.84,103.9,104.56,97.6032180786834,398849,0.0,1.0
2019-01-14,105.65,106.56,105.0,106.08,99.0220865893911,314321,0.0,1.0
2019-01-11,105.26,106.7,104.4,106.26,99.1901104919749,343760,0.0,1.0
2019-01-10,103.53,105.96,103.49,105.61,98.5833575104223,280072,0.0,1.0
2019-01-09,103.23,104.54,103.23,104.01,97.0898117096773,217413,0.0,1.0
2019-01-08,102.32,102.81,101.64,102.59,95.7642898115162,400842,0.0,1.0
2019-01-07,101.18,102.35,100.0,101.04,94.3174173170445,403314,0.0,1.0
2019-01-04,100.79,102.11,99.58,101.04,94.3174173170445,456824,0.0,1.0
2019-01-03,100.5,100.85,98.88,99.04,92.4504850661133,356406,0.0,1.0
2019-01-02,99.27,101.66,98.55,100.97,94.2520746882619,418267,0.0,1.0
2018-12-31,99.41,100.54,98.24,100.52,93.8320149318024,317604,0.0,1.0
2018-12-28,99.28,100.7,98.665,99.1,92.5064930336412,296110,0.0,1.0
2018-12-27,95.74,99.38,94.16,99.37,92.7585288875169,346397,0.0,1.0
2018-12-26,93.1,97.45,93.01,97.3,90.8262540078031,349183,0.0,1.0
2018-12-24,93.31,94.54,93.13,93.18,86.9803735708849,313518,0.0,1.0
2018-12-21,94.9,96.74,94.11,94.41,88.1285369052076,813783,0.0,1.0
2018-12-20,94.74,95.6,94.13,95.1,88.7726285317788,487631,0.0,1.0
2018-12-19,95.55,97.46,94.7877,95.46,89.1086763369464,409835,0.0,1.0
2018-12-18,95.92,97.05,95.18,95.55,89.1926882882383,472179,0.0,1.0
2018-12-17,99.41,99.53,95.22,95.7,89.3327082070582,618596,0.0,1.0
2018-12-14,97.33,98.59,96.08,96.56,90.1354890749586,398994,0.0,1.0
2018-12-13,100.73,100.94,97.54,98.27,91.7317161495048,322692,0.0,1.0
2018-12-12,101.77,103.39,99.81,99.94,93.2906045790323,334670,0.0,1.0
2018-12-11,102.02,103.73,99.15,100.18,93.5146364491441,445174,0.0,1.0
2018-12-10,99.6,101.35,98.58,100.71,94.0093734956408,319760,0.0,1.0
2018-12-07,100.72,103.05,99.14,99.52,92.8985488063368,359688,0.0,1.0
2018-12-06,100.26,101.48,99.16,101.15,94.4200985908457,412059,0.0,1.0
2018-12-04,105.41,105.41,101.6,102.08,95.2882220875287,282003,0.0,1.0
2018-12-03,106.64,107.99,104.68,105.63,98.6020268329316,332312,0.0,1.0
2018-11-30,104.08,105.88,103.34,105.52,98.4993455591304,317992,0.0,1.0
2018-11-29,104.66,105.47,103.94,104.59,97.6312220624474,254652,0.0,1.0
2018-11-28,102.96,104.87,101.72,104.77,97.7992459650312,210712,0.0,1.0
2018-11-27,103.93,104.24,102.45,103.03,96.175014906721,297941,0.0,1.0
2018-11-26,104.56,105.3,102.93,104.43,97.4818674823729,282012,0.0,1.0
2018-11-23,103.07,104.81,102.51,103.86,96.9497917908575,151773,0.0,1.0
2018-11-21,102.96,104.83,102.55,103.56,96.6697519532178,348208,0.0,1.0
2018-11-20,101.69,104.01,101.69,102.39,95.5775965864231,379221,0.0,1.0
2018-11-19,104.97,105.7,102.19,103.3,96.4270507605968,341961,0.0,1.0
2018-11-16,104.39,106.04,104.18,105.1,98.1072897864348,356356,0.4,1.0
2018-11-15,102.44,105.22,101.64,105.01,97.6516255969054,372342,0.0,1.0
2018-11-14,104.76,104.76,102.48,103.33,96.0893483756617,344644,0.0,1.0
2018-11-13,104.25,105.67,102.86,103.63,96.3683264508838,847808,0.0,1.0
2018-11-12,101.9,103.14,101.08,101.26,94.1643996566293,438152,0.0,1.0
2018-11-09,101.28,102.59,100.85,102.01,94.8618448446846,448979,0.0,1.0
2018-11-08,101.53,103.11,101.47,102.03,94.8804433830327,382382,0.0,1.0
2018-11-07,102.15,102.75,100.55,101.65,94.5270711544181,328008,0.0,1.0
2018-11-06,99.5,101.77,99.5,101.53,94.4154799243292,481648,0.0,1.0
2018-11-05,99.64,100.29,98.85,99.48,92.5091297436449,436861,0.0,1.0
2018-11-02,98.67,100.08,97.61,99.24,92.2859472834673,496128,0.0,1.0
2018-11-01,96.76,98.42,96.42,98.06,91.188633520927,417100,0.0,1.0
2018-10-31,97.09,98.76,96.14,96.59,89.8216409523388,668896,0.0,1.0
2018-10-30,95.46,97.43,94.99,96.62,89.849538759861,462736,0.0,1.0
2018-10-29,96.46,97.76,94.3,95.37,88.6871301131023,626172,0.0,1.0
2018-10-26,94.91,95.66,93.32,95.14,88.4732469220987,534344,0.0,1.0
2018-10-25,94.72,96.96,93.88,95.85,89.1334950334576,654729,0.0,1.0
2018-10-24,95.54,99.0,92.16,93.87,87.2922397369919,2042485,0.0,1.0
2018-10-23,101.03,103.63,100.19,102.48,95.2989104958658,795804,0.0,1.0
2018-10-22,102.14,103.41,101.43,103.05,95.8289688387878,559763,0.0,1.0
2018-10-19,103.97,104.22,100.78,101.75,94.6200638461587,420055,0.0,1.0
2018-10-18,107.59,107.59,104.0,104.4,97.0843701772872,605263,0.0,1.0
2018-10-17,110.1,110.15,108.31,108.41,100.813377116089,552700,0.0,1.0
2018-10-16,107.48,110.41,106.69,110.26,102.533741913292,428018,0.0,1.0
2018-10-15,105.71,107.66,105.6,107.02,99.5207787008934,530342,0.0,1.0
2018-10-12,107.42,107.42,104.99,106.11,98.6745452060531,376683,0.0,1.0
2018-10-11,108.33,109.05,106.27,106.3,98.8512313203604,741681,0.0,1.0
2018-10-10,108.39,110.1,107.3,108.5,100.897070538656,977517,0.0,1.0
2018-10-09,110.74,112.52,108.23,108.39,100.794778577741,832600,0.0,1.0
2018-10-08,116.12,117.85,115.58,115.93,107.80642753499,407869,0.0,1.0
2018-10-05,118.15,118.45,115.78,117.2,108.987434720096,540001,0.0,1.0
2018-10-04,120.15,120.47,117.55,117.95,109.684879908152,421961,0.0,1.0
2018-10-03,121.15,121.74,120.82,120.98,112.502558467895,386817,0.0,1.0
2018-10-02,121.09,121.36,119.88,120.82,112.35377016111,286641,0.0,1.0
2018-10-01,122.87,122.87,120.68,121.06,112.576952621287,233936,0.0,1.0
2018-09-28,121.51,121.99,121.1,121.8,113.265098540168,355975,0.0,1.0
2018-09-27,122.94,123.9,121.81,121.84,113.302295616865,341577,0.0,1.0
2018-09-26,121.39,123.31,121.15,122.61,114.018339343268,640936,0.0,1.0
2018-09-25,122.92,122.92,120.8,121.45,112.939624119076,683978,0.0,1.0
2018-09-24,123.57,123.98,122.14,122.48,113.897448844005,316572,0.0,1.0
2018-09-21,123.91,124.87,123.52,123.85,115.171448720853,1054779,0.0,1.0
2018-09-20,127.58,128.26,122.9,124.17,115.469025334423,856900,0.0,1.0
2018-09-19,127.66,128.31,127.28,127.74,118.788864429566,338248,0.0,1.0
2018-09-18,128.4,128.4,127.29,127.69,118.742368083695,532240,0.0,1.0
2018-09-17,128.45,128.7,127.38,127.56,118.621477584433,374470,0.0,1.0
2018-09-14,127.63,128.48,127.07,128.36,119.365419118358,445476,0.0,1.0
2018-09-13,128.0,128.41,127.27,127.75,118.79816369874,323702,0.0,1.0
2018-09-12,127.93,128.32,127.05,127.72,118.770265891218,198615,0.0,1.0
2018-09-11,127.67,128.51,126.77,127.99,119.021346158918,260707,0.0,1.0
2018-09-10,127.54,128.72,126.7,128.02,119.04924396644,332969,0.0,1.0
2018-09-07,126.82,127.66,124.91,126.85,117.961229473074,481524,0.0,1.0
2018-09-06,126.58,127.57,126.24,126.83,117.942630934725,369747,0.0,1.0
2018-09-05,126.46,127.19,126.11,126.42,117.561360898589,332695,0.0,1.0
2018-09-04,126.62,126.82,125.02,126.57,117.7008499362,434366,0.0,1.0
2018-08-31,127.19,128.04,126.32,126.81,117.924032396377,414866,0.0,1.0
2018-08-30,128.62,129.44,127.14,127.47,118.537784161866,272667,0.0,1.0
2018-08-29,128.46,129.05,128.0,128.82,119.793185500365,143785,0.0,1.0
2018-08-28,128.7,129.47,127.53,128.15,119.170134465703,163689,0.0,1.0
2018-08-27,127.98,128.65,127.66,128.56,119.551404501839,212189,0.0,1.0
2018-08-24,126.75,127.84,126.08,127.53,118.59357977691,232650,0.0,1.0
2018-08-23,126.98,127.21,126.39,126.8,117.914733127203,173086,0.0,1.0
2018-08-22,126.73,127.03,125.71,126.88,117.989127280596,228568,0.0,1.0
2018-08-21,125.66,127.02,125.44,126.82,117.933331665551,193572,0.0,1.0
2018-08-20,125.29,126.3,124.89,125.67,116.863915710533,307684,0.0,1.0
2018-08-17,123.63,125.55,123.27,125.17,116.39895225183,423336,0.4,1.0
2018-08-16,123.45,124.58,122.69,123.82,114.776764098284,368931,0.0,1.0
2018-08-15,122.96,124.13,121.5,122.72,113.757102973199,477869,0.0,1.0
2018-08-14,123.75,124.15,122.3,123.65,114.619180106226,319458,0.0,1.0
2018-08-13,124.66,124.87,122.69,123.45,114.433787174392,230454,0.0,1.0
2018-08-10,125.0,125.4,123.87,124.33,115.249516074461,267279,0.0,1.0
2018-08-09,126.15,127.06,125.57,125.67,116.491648717747,266217,0.0,1.0
2018-08-08,126.21,126.92,125.36,126.38,117.149793625757,200112,0.0,1.0
2018-08-07,125.42,126.22,124.63,126.1,116.890243521189,606299,0.0,1.0
2018-08-06,124.95,125.55,124.17,125.18,116.037436034754,569715,0.0,1.0
2018-08-03,124.13,125.35,123.11,124.91,115.787155576778,391182,0.0,1.0
2018-08-02,122.71,123.91,122.71,123.71,114.674797985776,426857,0.0,1.0
2018-08-01,123.37,123.9,122.38,123.41,114.396708588025,601275,0.0,1.0
2018-07-31,122.0,123.22,121.35,122.84,113.868338732299,452250,0.0,1.0
2018-07-30,122.33,122.91,121.21,121.62,112.737441848113,580439,0.0,1.0
2018-07-27,122.78,122.79,121.34,122.19,113.265811703839,604279,0.0,1.0
2018-07-26,122.62,124.34,121.42,122.25,113.321429583389,739615,0.0,1.0
2018-07-25,116.0,121.92,115.99,121.89,112.987722306089,1516190,0.0,1.0
2018-07-24,112.6,114.64,111.1,112.74,104.505995674694,482023,0.0,1.0
2018-07-23,114.42,114.86,112.17,112.52,104.302063449677,610497,0.0,1.0
2018-07-20,114.21,115.97,113.52,114.98,106.582396511232,388328,0.0,1.0
2018-07-19,113.03,115.0,111.34,114.36,106.007678422547,317802,0.0,1.0
2018-07-18,112.51,113.5,111.99,113.24,104.969478004278,452501,0.0,1.0
2018-07-17,112.89,113.66,111.61,112.58,104.357681329227,466333,0.0,1.0
2018-07-16,114.3,114.69,113.13,113.22,104.950938711095,242037,0.0,1.0
2018-07-13,113.18,114.9,113.18,114.32,105.970599836181,363600,0.0,1.0
2018-07-12,114.3,114.3,113.13,113.32,105.043635177012,228223,0.0,1.0
2018-07-11,113.4,114.57,111.35,113.74,105.432960333863,262691,0.0,1.0
2018-07-10,113.0,114.11,112.92,113.96,105.63689255888,323422,0.0,1.0
2018-07-09,112.48,113.32,112.28,112.93,104.682118959936,357333,0.0,1.0
2018-07-06,110.04,112.43,109.95,112.3,104.098131224659,367083,0.0,1.0
2018-07-05,110.03,110.07,108.57,110.05,102.01246074153,330427,0.0,1.0
2018-07-03,109.71,110.78,108.99,109.58,101.57678735172,282352,0.0,1.0
2018-07-02,107.51,109.54,107.13,108.88,100.927912090302,388676,0.0,1.0
2018-06-29,108.72,110.37,108.26,108.31,100.399542234576,482866,0.0,1.0
2018-06-28,107.2,108.7,107.04,108.63,100.69617092551,270266,0.0,1.0
2018-06-27,108.15,109.13,107.23,107.37,99.5281954549572,293862,0.0,1.0
2018-06-26,108.87,108.87,107.73,108.02,100.130722483417,371484,0.0,1.0
2018-06-25,108.04,109.7,106.79,108.6,100.668361985735,474833,0.0,1.0
2018-06-22,107.39,108.4,106.96,108.22,100.316115415251,600987,0.0,1.0
2018-06-21,107.37,107.5,106.69,106.96,99.1481399446979,278551,0.0,1.0
2018-06-20,107.41,108.12,106.29,107.52,99.6672401538325,229439,0.0,1.0
2018-06-19,107.32,107.57,106.31,107.36,99.5189258083655,469003,0.0,1.0
2018-06-18,107.91,108.82,107.74,108.33,100.418081527759,331084,0.0,1.0
2018-06-15,107.36,109.04,106.84,108.58,100.649822692551,573726,0.0,1.0
2018-06-14,107.28,108.28,106.84,107.4,99.5560043947322,421977,0.0,1.0
2018-06-13,109.22,109.22,106.06,107.14,99.3149935833483,1141145,0.0,1.0
2018-06-12,110.43,110.69,109.15,110.51,102.438864484747,610647,0.0,1.0
2018-06-11,111.25,111.72,110.16,110.45,102.383246605197,703555,0.0,1.0
2018-06-08,111.48,111.96,110.78,111.14,103.022852220024,366938,0.0,1.0
2018-06-07,110.72,111.81,110.32,111.49,103.347289850733,242182,0.0,1.0
2018-06-06,109.26,110.77,108.68,110.55,102.475943071114,245761,0.0,1.0
2018-06-05,109.36,109.74,108.37,109.1,101.131844315319,243402,0.0,1.0
2018-06-04,108.85,109.6,108.34,109.29,101.307967600561,208404,0.0,1.0
2018-06-01,107.97,110.0,107.93,108.81,100.86302456416,542954,0.0,1.0
2018-05-31,108.81,108.99,106.72,107.39,99.5467347481406,365237,0.0,1.0
2018-05-30,107.99,109.33,107.74,108.55,100.622013752776,298129,0.0,1.0
2018-05-29,107.67,108.68,107.06,107.51,99.6579705072408,372640,0.0,1.0
2018-05-25,107.35,108.68,107.17,108.0,100.112183190234,278952,0.0,1.0
2018-05-24,106.54,107.87,106.3994,107.64,99.7784759129328,305629,0.0,1.0
2018-05-23,106.92,107.12,105.97,106.62,98.8329719605806,288140,0.0,1.0
2018-05-22,107.53,108.79,107.1,107.17,99.3428025231234,346403,0.0,1.0
2018-05-21,107.91,108.73,106.79,107.23,99.3984204026735,430154,0.0,1.0
2018-05-18,105.55,107.76,105.55,107.17,99.3428025231234,486378,0.0,1.0
2018-05-17,105.26,106.4,105.07,105.55,97.8411197752699,765250,0.0,1.0
2018-05-16,104.74,106.6,104.74,105.6,97.8874680082283,422241,0.0,1.0
2018-05-15,105.36,106.06,104.65,105.01,97.3405588593187,463146,0.0,1.0
2018-05-14,106.06,106.82,105.73,105.98,98.2397145787125,282185,0.37,1.0
2018-05-11,105.8,106.06,105.21,105.94,97.8609813114133,296177,0.0,1.0
2018-05-10,106.54,106.54,105.3,105.82,97.7501325502525,528173,0.0,1.0
2018-05-09,107.0,107.92,105.85,105.99,97.9071682952302,741898,0.0,1.0
2018-05-08,108.44,109.91,107.42,107.59,99.3851517773736,498238,0.0,1.0
2018-05-07,107.45,108.52,106.57,108.26,100.004057360521,383418,0.0,1.0
2018-05-04,105.89,108.11,105.34,107.28,99.0987924777083,257888,0.0,1.0
2018-05-03,106.44,106.66,104.49,106.25,98.1473406110785,356638,0.0,1.0
2018-05-02,107.28,107.91,106.74,106.85,98.7015844168823,510654,0.0,1.0
2018-05-01,107.33,107.79,105.7,107.32,99.1357420647619,597860,0.0,1.0
2018-04-30,108.46,108.91,107.29,107.73,99.5144753320611,678507,0.0,1.0
2018-04-27,106.94,108.39,106.4,108.09,99.8470216155433,451970,0.0,1.0
2018-04-26,108.38,108.38,106.15,106.72,98.5814982589581,509011,0.0,1.0
2018-04-25,104.16,110.0,104.16,107.94,99.7084606640924,1299600,0.0,1.0
2018-04-24,102.99,103.52,99.27,99.76,92.1522701116348,535332,0.0,1.0
2018-04-23,102.36,103.08,102.0,102.56,94.7387412053856,418638,0.0,1.0
2018-04-20,102.46,103.4,102.06,102.42,94.609417650698,429373,0.0,1.0
2018-04-19,102.23,103.07,101.82,102.89,95.0435752985776,738766,0.0,1.0
2018-04-18,101.2,103.73,101.03,102.66,94.8311151730195,768536,0.0,1.0
2018-04-17,100.95,101.81,100.51,100.66,92.9836358203404,483818,0.0,1.0
2018-04-16,100.0,100.79,99.83,100.43,92.7711756947823,372045,0.0,1.0
2018-04-13,99.97,100.58,98.99,99.34,91.7642994475722,317649,0.0,1.0
2018-04-12,99.04,99.94,98.73,99.61,92.0137091601839,294105,0.0,1.0
2018-04-11,97.76,98.91,97.76,98.48,90.9698833259202,442272,0.0,1.0
2018-04-10,98.8,98.8,97.03,98.39,90.8867467550496,864972,0.0,1.0
2018-04-09,98.62,99.08,97.22,97.41,89.9814818722368,821362,0.0,1.0
2018-04-06,102.37,102.37,97.27,98.32,90.8220849777058,1273451,0.0,1.0
2018-04-05,103.39,103.79,103.01,103.39,95.5054451367474,303837,0.0,1.0
2018-04-04,100.78,102.87,100.68,102.62,94.7941655859659,255153,0.0,1.0
2018-04-03,101.82,102.74,101.12,102.44,94.6278924442248,450584,0.0,1.0
2018-04-02,104.06,104.14,100.18,101.5,93.7595771484656,462778,0.0,1.0
2018-03-29,103.78,105.61,103.78,104.41,96.4476596066137,400264,0.0,1.0
2018-03-28,103.06,103.98,102.72,103.23,95.3576467885331,396243,0.0,1.0
2018-03-27,105.15,105.72,102.81,103.34,95.4592581529304,516195,0.0,1.0
2018-03-26,104.21,105.5,103.73,105.21,97.1866513476854,397827,0.0,1.0
2018-03-23,105.25,105.85,102.78,102.98,95.1267118694482,443870,0.0,1.0
2018-03-22,106.06,107.44,104.96,105.34,97.3067375056095,600985,0.0,1.0
2018-03-21,104.94,107.92,104.94,107.19,99.0156559068377,437314,0.0,1.0
2018-03-20,105.21,105.7,104.45,105.13,97.1127521735782,482838,0.0,1.0
2018-03-19,105.4,105.71,104.04,104.88,96.8818172544933,389992,0.0,1.0
2018-03-16,105.41,107.49,104.57,105.41,97.3713992829533,736455,0.0,1.0
2018-03-15,107.12,107.5,104.85,105.2,97.177413950922,429945,0.0,1.0
2018-03-14,108.66,109.04,106.94,107.14,98.9694689230208,526418,0.0,1.0
2018-03-13,108.04,108.76,107.83,108.26,100.004057360521,329556,0.0,1.0
2018-03-12,107.81,108.45,107.55,107.97,99.7361728543826,404782,0.0,1.0
2018-03-09,105.8,107.54,105.1,107.47,99.2743030162128,292416,0.0,1.0
2018-03-08,105.65,106.08,104.75,105.6,97.5469098214578,245540,0.0,1.0
2018-03-07,105.01,106.36,104.51,105.17,97.1497017606318,401689,0.0,1.0
2018-03-06,104.32,106.06,103.9,105.77,97.7039455664356,469198,0.0,1.0
2018-03-05,102.2,104.12,101.79,103.81,95.89341580081,363943,0.0,1.0
2018-03-02,101.68,102.68,100.61,102.48,94.6648420312784,384002,0.0,1.0
2018-03-01,102.98,103.77,100.78,102.15,94.3600079380863,417311,0.0,1.0
2018-02-28,103.76,104.98,102.9,102.91,95.0620500921044,569508,0.0,1.0
2018-02-27,104.56,105.05,103.46,103.51,95.6162938979082,476645,0.0,1.0
2018-02-26,105.21,105.62,103.85,104.66,96.6785945256986,514028,0.0,1.0
2018-02-23,104.86,105.43,104.15,104.99,96.9834286188907,305639,0.0,1.0
2018-02-22,105.26,106.455,104.2,104.51,96.5400335742477,348112,0.0,1.0
2018-02-21,105.62,105.97,104.9,104.94,96.9372416350737,394518,0.0,1.0
2018-02-20,106.61,106.93,105.43,105.5,97.4545358538239,341007,0.0,1.0
2018-02-16,106.41,108.1,106.27,107.26,99.0803176841815,340029,0.37,1.0
2018-02-15,106.6,107.6,105.39,107.29,98.7673258788055,525052,0.0,1.0
2018-02-14,104.98,105.99,104.24,105.91,97.4969473746322,512350,0.0,1.0
2018-02-13,104.15,105.89,104.15,105.79,97.3864796786171,560715,0.0,1.0
2018-02-12,108.07,109.25,104.43,104.86,96.5303550345004,960621,0.0,1.0
2018-02-09,107.96,109.39,100.5,107.85,99.2828417935425,2289034,0.0,1.0
2018-02-08,111.12,111.24,109.63,110.17,101.418550583167,714998,0.0,1.0
2018-02-07,108.83,113.42,108.22,110.96,102.1457962486,579944,0.0,1.0
2018-02-06,109.0,110.73,107.58,108.72,100.083732589652,841302,0.0,1.0
2018-02-05,113.44,114.02,110.0,110.34,101.575046485855,706925,0.0,1.0
2018-02-02,115.56,115.56,113.19,114.27,105.192863530349,540347,0.0,1.0
2018-02-01,114.06,117.58,112.5,116.13,106.905112818582,607364,0.0,1.0
2018-01-31,112.68,114.82,112.19,114.21,105.137629682341,786797,0.0,1.0
2018-01-30,112.13,112.61,111.35,111.98,103.084771664728,331380,0.0,1.0
2018-01-29,113.07,113.68,112.44,112.6,103.655521427472,266507,0.0,1.0
2018-01-26,113.81,113.81,111.49,113.34,104.336738886232,474923,0.0,1.0
2018-01-25,115.6,115.72,112.53,113.36,104.355150168901,662020,0.0,1.0
2018-01-24,115.38,117.13,115.17,115.9,106.693383067887,418935,0.0,1.0
2018-01-23,115.54,116.17,114.19,115.57,106.389596903845,323495,0.0,1.0
2018-01-22,117.29,117.53,114.97,115.48,106.306746131834,283143,0.0,1.0
2018-01-19,116.36,119.12,116.36,117.8,108.442454921459,500257,0.0,1.0
2018-01-18,115.43,116.91,115.19,116.34,107.098431286609,623452,0.0,1.0
2018-01-17,116.45,117.16,115.48,116.09,106.868290253244,456886,0.0,1.0
2018-01-16,117.34,117.49,115.52,115.94,106.730205633225,431632,0.0,1.0
2018-01-12,117.91,118.2,116.8,116.96,107.669181049353,272049,0.0,1.0
2018-01-11,117.42,118.33,117.27,118.28,108.884325705519,309935,0.0,1.0
2018-01-10,117.53,118.26,117.1,117.17,107.862499517379,183824,0.0,1.0
2018-01-09,118.79,119.21,117.86,117.94,108.571333900143,205561,0.0,1.0
2018-01-08,117.89,118.97,116.76,118.75,109.316990848244,313045,0.0,1.0
2018-01-05,118.65,118.9,117.61,117.94,108.571333900143,157869,0.0,1.0
2018-01-04,118.53,119.0,117.81,118.14,108.755446726835,301744,0.0,1.0
2018-01-03,117.04,118.6,117.04,118.1,108.718624161496,313606,0.0,1.0
2018-01-02,114.46,117.28,114.2,116.99,107.696797973357,435786,0.0,1.0
2017-12-29,113.8,114.96,112.76,113.65,104.622113767604,274337,0.0,1.0
2017-12-28,113.56,113.58,112.89,113.47,104.456412223581,150227,0.0,1.0
2017-12-27,113.19,113.74,112.49,113.02,104.042158363525,111932,0.0,1.0
2017-12-26,113.21,114.02,113.1,113.29,104.290710679559,119925,0.0,1.0
2017-12-22,113.84,114.2,112.93,113.51,104.49323478892,180948,0.0,1.0
2017-12-21,113.44,114.67,113.01,114.25,105.174452247679,221198,0.0,1.0
2017-12-20,113.55,113.63,112.64,113.36,104.355150168901,215291,0.0,1.0
2017-12-19,113.52,113.92,112.5,112.85,103.885662460837,292509,0.0,1.0
2017-12-18,113.1,113.97,112.64,113.26,104.263093755555,184270,0.0,1.0
2017-12-15,110.83,112.93,110.83,112.38,103.452997318111,706795,0.0,1.0
2017-12-14,112.27,112.61,110.32,110.4,101.630280333863,317630,0.0,1.0
2017-12-13,112.15,112.45,111.57,111.81,102.92827576204,441586,0.0,1.0
2017-12-12,113.02,113.71,111.86,111.9,103.011126534051,292976,0.0,1.0
2017-12-11,114.05,114.05,112.64,112.89,103.922485026175,195602,0.0,1.0
2017-12-08,114.91,114.91,114.04,114.12,105.05477891033,167939,0.0,1.0
2017-12-07,113.63,114.78,113.63,114.61,105.505855335725,156900,0.0,1.0
2017-12-06,114.7,114.7,113.38,113.75,104.71417018095,192405,0.0,1.0
2017-12-05,116.09,116.245,114.78,114.82,105.699173803751,286521,0.0,1.0
2017-12-04,114.5,116.53,114.42,115.91,106.702588709221,449147,0.0,1.0
2017-12-01,115.0,115.0,112.36,113.57,104.548468636927,305904,0.0,1.0
2017-11-30,114.74,116.05,114.31,114.97,105.83725842377,518689,0.0,1.0
2017-11-29,113.94,114.89,113.51,114.38,105.294125585029,224512,0.0,1.0
2017-11-28,112.36,114.07,112.17,113.94,104.889077366307,220339,0.0,1.0
2017-11-27,110.56,112.23,110.56,112.16,103.25047320875,320076,0.0,1.0
2017-11-24,111.0,111.02,110.4,110.82,102.016917269915,76166,0.0,1.0
2017-11-22,110.56,110.91,110.14,110.75,101.952477780573,182003,0.0,1.0
2017-11-21,110.47,110.56,109.44,110.54,101.759159312547,292504,0.0,1.0
2017-11-20,108.94,110.11,108.94,109.86,101.133175701795,248342,0.0,1.0
2017-11-17,108.4,109.38,107.87,108.83,100.184994644332,246910,0.0,1.0
2017-11-16,107.43,109.4,106.88,108.88,100.231022851005,354068,0.37,1.0
2017-11-15,107.87,108.21,107.485,107.89,98.9832957015556,395189,0.0,1.0
2017-11-14,108.76,109.46,107.78,108.32,99.3777976679256,367531,0.0,1.0
2017-11-13,108.54,110.61,108.54,109.1,100.093405885992,300777,0.0,1.0
2017-11-10,108.81,109.56,108.53,109.07,100.06588249299,477180,0.0,1.0
2017-11-09,109.54,109.86,108.401,108.99,99.9924867783162,231635,0.0,1.0
2017-11-08,110.1,110.99,109.63,110.14,101.047550176748,197388,0.0,1.0
2017-11-07,110.15,110.8,109.03,110.13,101.038375712414,296616,0.0,1.0
2017-11-06,110.0,110.94,110.0,110.56,101.432877678784,218255,0.0,1.0
2017-11-03,110.13,110.84,109.11,109.73,100.671397139046,259394,0.0,1.0
2017-11-02,109.99,110.48,109.41,109.97,100.891584283067,218706,0.0,1.0
2017-11-01,110.71,110.71,109.345,109.83,100.763141782388,217668,0.0,1.0
2017-10-31,110.19,111.18,109.58,109.83,100.763141782388,321142,0.0,1.0
2017-10-30,110.96,111.49,110.23,110.49,101.368656428444,238255,0.0,1.0
2017-10-27,111.06,111.54,110.57,111.19,102.010868931838,299954,0.0,1.0
2017-10-26,111.5,111.67,110.58,111.01,101.845728573822,304722,0.0,1.0
2017-10-25,107.0,112.11,107.0,110.73,101.588843572465,892245,0.0,1.0
2017-10-24,105.0,106.43,104.78,105.62,96.9006922976949,550852,0.0,1.0
2017-10-23,103.8,104.94,103.7,104.48,95.8548033635974,671493,0.0,1.0
2017-10-20,102.48,103.87,102.22,103.8,95.2309397888726,402034,0.0,1.0
2017-10-19,100.76,102.34,100.33,102.27,93.8272467457418,254619,0.0,1.0
2017-10-18,100.5,101.44,100.22,101.17,92.8180556689811,305286,0.0,1.0
2017-10-17,99.31,100.675,99.31,100.29,92.0107028075726,224759,0.0,1.0
2017-10-16,99.66,100.21,99.31,99.63,91.4051881615162,296119,0.0,1.0
2017-10-13,99.32,100.33,99.105,99.56,91.3409669111769,342908,0.0,1.0
2017-10-12,99.66,99.97,98.8036,99.15,90.9648138734752,426786,0.0,1.0
2017-10-11,99.58,100.78,99.54,100.3,92.0198772719068,367922,0.0,1.0
2017-10-10,101.45,101.65,99.5,99.73,91.4969328048581,459225,0.0,1.0
2017-10-09,102.79,102.79,101.22,101.56,93.1758597780145,243850,0.0,1.0
2017-10-06,102.96,103.08,101.98,102.74,94.2584465694487,548709,0.0,1.0
2017-10-05,103.13,103.91,102.88,103.18,94.662123000153,268429,0.0,1.0
2017-10-04,102.8,103.54,102.3,103.13,94.616250678482,272853,0.0,1.0
2017-10-03,102.38,103.45,101.56,103.43,94.8914846085077,487913,0.0,1.0
2017-10-02,100.54,103.09,100.37,102.15,93.7171531737316,498109,0.0,1.0
2017-09-29,100.48,100.7675,99.94,100.29,92.0107028075726,293481,0.0,1.0
2017-09-28,100.71,101.17,100.41,100.52,92.2217154872589,190474,0.0,1.0
2017-09-27,100.62,101.19,100.27,100.8,92.4786004886162,372728,0.0,1.0
2017-09-26,100.28,100.51,99.46,100.1,91.836387985223,400273,0.0,1.0
2017-09-25,98.24,100.23,97.61,100.2,91.9281326285649,344727,0.0,1.0
2017-09-22,98.97,99.85,97.72,98.19,90.0840652973931,617599,0.0,1.0
2017-09-21,98.23,99.65,97.62,99.42,91.2125244104982,313508,0.0,1.0
2017-09-20,97.6,98.26,97.53,97.97,89.8822270820409,222501,0.0,1.0
2017-09-19,98.39,98.54,97.3,97.49,89.4418527939999,370613,0.0,1.0
2017-09-18,97.0,98.38,96.8,98.29,90.175809940735,555255,0.0,1.0
2017-09-15,96.45,96.805,95.685,96.77,88.7812913619384,657527,0.0,1.0
2017-09-14,95.31,96.53,95.08,96.49,88.5244063605811,579649,0.0,1.0
2017-09-13,95.51,95.52,94.71,95.35,87.4785174264837,372691,0.0,1.0
2017-09-12,95.26,95.65,94.89,95.61,87.7170534991726,344040,0.0,1.0
2017-09-11,96.52,96.6,94.92,94.99,87.1482367104529,392037,0.0,1.0
2017-09-08,95.02,96.44,94.71,95.96,88.0381597508691,375691,0.0,1.0
2017-09-07,94.75,95.3,94.5,95.26,87.395947247476,414702,0.0,1.0
2017-09-06,94.52,95.31,94.22,95.03,87.1849345677896,306717,0.0,1.0
2017-09-05,94.77,95.05,93.53,94.15,86.3775817063811,401707,0.0,1.0
2017-09-01,94.9,95.13,94.6,94.72,86.9005261734298,251710,0.0,1.0
2017-08-31,94.97,95.35,94.57,94.69,86.8730027804272,238178,0.0,1.0
2017-08-30,93.87,94.71,93.75,94.66,86.8454793874247,271705,0.0,1.0
2017-08-29,93.68,94.16,93.5651,94.05,86.2858370630392,261850,0.0,1.0
2017-08-28,95.03,95.31,93.97,94.24,86.4601518853888,317881,0.0,1.0
2017-08-25,93.79,95.17,93.79,94.64,86.8271304587563,222453,0.0,1.0
2017-08-24,93.54,93.78,93.19,93.36,85.6527990239802,408424,0.0,1.0
2017-08-23,92.49,93.76,92.49,93.15,85.4601352729623,325917,0.0,1.0
2017-08-22,92.77,93.34,92.6,93.15,85.4601352729623,411579,0.0,1.0
2017-08-21,92.87,93.18,92.39,92.4,84.7720504478982,454629,0.0,1.0
2017-08-18,92.65,93.38,92.09,92.75,85.0931566995948,378978,0.0,1.0
2017-08-17,95.34,95.435,93.08,93.16,85.4693097372965,332730,0.0,1.0
2017-08-16,95.62,97.06,95.56,96.1,88.1666022515478,378640,0.37,1.0
2017-08-15,96.72,96.72,95.24,95.64,87.4080422860789,275767,0.0,1.0
2017-08-14,95.92,96.82,95.86,96.53,88.2214379117022,224528,0.0,1.0
2017-08-11,94.5,95.78,94.31,95.41,87.1978389221537,612071,0.0,1.0
2017-08-10,97.03,97.03,94.86,94.92,86.7500143642263,588265,0.0,1.0
2017-08-09,98.37,98.3975,97.37,97.37,88.9891371538635,463016,0.0,1.0
2017-08-08,98.33,98.9,98.09,98.63,90.1406860171054,418501,0.0,1.0
2017-08-07,98.27,99.09,97.75,98.58,90.0949896336434,271862,0.0,1.0
2017-08-04,98.05,98.55,97.53,98.37,89.9030648231031,266172,0.0,1.0
2017-08-03,98.24,98.71,97.5,97.76,89.3455689448669,347451,0.0,1.0
2017-08-02,98.09,98.58,97.63,98.39,89.9213433764879,284422,0.0,1.0
2017-08-01,97.73,98.1,97.03,97.99,89.555772308792,457727,0.0,1.0
2017-07-31,98.18,98.18,97.4,97.59,89.1902012410962,667058,0.0,1.0
2017-07-28,97.16,98.21,97.14,97.82,89.4004046050213,477106,0.0,1.0
2017-07-27,97.21,97.84,96.51,97.24,88.8703265568623,683277,0.0,1.0
2017-07-26,98.95,99.78,95.305,97.26,88.8886051102471,1694377,0.0,1.0
2017-07-25,100.23,100.99,99.64,100.09,91.4750204141953,752426,0.0,1.0
2017-07-24,100.27,100.57,99.02,99.82,91.2282599435005,636155,0.0,1.0
2017-07-21,99.46,100.48,98.8812,100.09,91.4750204141953,372320,0.0,1.0
2017-07-20,99.25,100.38,99.25,99.71,91.1277278998842,431482,0.0,1.0
2017-07-19,98.27,99.68,98.27,99.66,91.0820315164222,736054,0.0,1.0
2017-07-18,98.17,98.2,97.55,98.03,89.5923294155616,263377,0.0,1.0
2017-07-17,97.88,98.45,97.0,98.25,89.7933935027943,209467,0.0,1.0
2017-07-14,97.86,98.64,97.32,97.69,89.2815940080201,283894,0.0,1.0
2017-07-13,97.92,98.319,96.74,97.73,89.3181511147897,381596,0.0,1.0
2017-07-12,97.19,98.32,96.84,97.93,89.5009366486376,531084,0.0,1.0
2017-07-11,96.04,96.53,95.66,96.35,88.056930931239,368648,0.0,1.0
2017-07-10,96.12,96.66,95.81,96.29,88.0020952710846,359816,0.0,1.0
2017-07-07,95.99,96.46,95.635,96.42,88.1209058680858,200755,0.0,1.0
2017-07-06,96.69,97.1,95.74,95.83,87.5816885432344,406111,0.0,1.0
2017-07-05,96.67,97.2,95.89,97.14,88.7789337899383,416229,0.0,1.0
2017-07-03,95.9,97.63,95.68,96.98,88.63270536286,352224,0.0,1.0
2017-06-30,94.6,95.75,94.56,95.4,87.1886996454614,731048,0.0,1.0
2017-06-29,94.79,95.01,93.62,94.08,85.982315122065,596600,0.0,1.0
2017-06-28,94.16,95.3,93.72,94.86,86.6951787040719,647979,0.0,1.0
2017-06-27,95.23,95.36,93.47,93.5,85.452237073906,456078,0.0,1.0
2017-06-26,94.34,96.0,94.1525,95.1,86.9145213446895,798501,0.0,1.0
2017-06-23,93.65,94.25,93.65,94.16,86.0554293356042,779774,0.0,1.0
2017-06-22,94.72,94.9,93.77,93.89,85.8086688649095,585475,0.0,1.0
2017-06-21,95.92,95.92,94.2,94.91,86.7408750875339,547395,0.0,1.0
2017-06-20,96.24,96.44,95.57,95.62,87.3897637326941,524164,0.0,1.0
2017-06-19,96.43,96.915,96.16,96.65,88.3311092320109,897175,0.0,1.0
2017-06-16,95.06,95.99,94.6,95.88,87.6273849266964,1523019,0.0,1.0
2017-06-15,95.41,96.6,95.41,95.59,87.3623459026169,843610,0.0,1.0
2017-06-14,98.7,98.7,95.74,96.14,87.8650061206987,1389065,0.0,1.0
2017-06-13,100.07,100.07,98.9975,99.27,90.7255997254187,334966,0.0,1.0
2017-06-12,99.15,100.1,98.87,99.73,91.146006453269,689086,0.0,1.0
2017-06-09,98.88,99.24,98.1,98.84,90.3326108276457,529941,0.0,1.0
2017-06-08,98.4,100.07,97.7231,98.91,90.3965857644925,460778,0.0,1.0
2017-06-07,99.57,99.81,98.26,98.31,89.8482291629487,779604,0.0,1.0
2017-06-06,100.49,100.56,99.58,99.64,91.0637529630374,576065,0.0,1.0
2017-06-05,100.35,101.99,100.25,100.84,92.160466166125,631170,0.0,1.0
2017-06-02,101.49,101.72,99.88,100.47,91.8223129285063,1130874,0.0,1.0
2017-06-01,101.72,102.36,101.23,101.82,93.0561152819798,1079380,0.0,1.0
2017-05-31,101.45,102.08,100.74,101.33,92.6082907240524,763562,0.0,1.0
2017-05-30,101.86,102.64,101.68,101.86,93.0926723887494,546400,0.0,1.0
2017-05-26,100.9,102.23,100.9,102.06,93.2754579225973,551178,0.0,1.0
2017-05-25,101.01,101.58,100.4,101.3,92.5808728939752,344865,0.0,1.0
2017-05-24,100.28,101.13,100.09,100.68,92.0142377390466,616158,0.0,1.0
2017-05-23,100.48,100.53,99.98,100.05,91.4384633074257,525700,0.0,1.0
2017-05-22,100.48,100.69,99.66,100.41,91.7674772683519,717491,0.0,1.0
2017-05-19,99.81,100.88,99.59,100.41,91.7674772683519,547390,0.0,1.0
2017-05-18,99.82,100.54,99.4,99.63,91.054613686345,524433,0.0,1.0
2017-05-17,101.11,101.54,98.85,100.12,91.5024382442725,779959,0.0,1.0
2017-05-16,103.58,103.58,102.15,102.22,93.4216863496757,606158,0.0,1.0
2017-05-15,102.66,103.83,102.31,103.05,94.1802463151446,563857,0.0,1.0
2017-05-12,102.93,102.99,101.49,102.35,93.5404969466768,706752,0.0,1.0
2017-05-11,102.1,103.615,100.775,102.8,93.9517643978347,634582,0.0,1.0
2017-05-10,101.88,103.26,101.6,102.02,93.2389008158277,788171,0.35,1.0
2017-05-09,103.79,103.82,102.12,102.39,93.2571168753796,581134,0.0,1.0
2017-05-08,103.21,105.24,103.21,103.65,94.4047286271422,930216,0.0,1.0
2017-05-05,102.5,103.56,102.205,103.55,94.3136483293833,571566,0.0,1.0
2017-05-04,100.62,102.76,100.62,102.02,92.9201197736715,970043,0.0,1.0
2017-05-03,99.77,101.11,99.01,100.78,91.7907240814606,659348,0.0,1.0
2017-05-02,100.74,100.99,99.05,100.61,91.6358875752704,1036973,0.0,1.0
2017-05-01,101.32,102.08,100.1501,100.98,91.9728846769785,1054495,0.0,1.0
2017-04-28,103.0,106.27,100.78,101.39,92.3463138977901,1840856,0.0,1.0
2017-04-27,109.33,109.76,108.35,108.54,98.8585551875544,556067,0.0,1.0
2017-04-26,109.49,109.93,108.53,109.21,99.4687931825393,308798,0.0,1.0
2017-04-25,108.65,109.79,108.12,109.58,99.8057902842474,490537,0.0,1.0
2017-04-24,108.79,109.18,107.23,107.84,98.2209931032418,497391,0.0,1.0
2017-04-21,106.98,107.67,105.8,107.44,97.8566719122061,492271,0.0,1.0
2017-04-20,104.88,107.04,104.52,106.86,97.3284061852042,448268,0.0,1.0
2017-04-19,104.28,104.62,103.6,104.51,95.1880191878691,374000,0.0,1.0
2017-04-18,104.08,104.6,103.27,103.65,94.4047286271422,372722,0.0,1.0
2017-04-17,103.43,104.33,103.015,104.04,94.7599417884021,350779,0.0,1.0
2017-04-13,104.44,105.77,102.83,102.86,93.6851942748466,402116,0.0,1.0
2017-04-12,105.38,105.58,104.66,104.78,95.4339359918182,383480,0.0,1.0
2017-04-11,103.5,105.68,102.74,105.64,96.2172265525451,764132,0.0,1.0
2017-04-10,103.93,104.595,103.39,103.6,94.3591884782627,488197,0.0,1.0
2017-04-07,103.84,104.47,103.52,103.92,94.6506454310913,233346,0.0,1.0
2017-04-06,103.87,104.63,102.84,104.24,94.94210238392,389161,0.0,1.0
2017-04-05,104.79,104.9,103.34,103.43,94.2043519720725,492564,0.0,1.0
2017-04-04,104.86,104.98,104.08,104.36,95.0513987412307,383180,0.0,1.0
2017-04-03,106.58,106.9899,104.09,104.85,95.4976922002495,446068,0.0,1.0
2017-03-31,106.08,107.05,106.08,106.41,96.918544845289,301860,0.0,1.0
2017-03-30,105.75,106.56,105.3,106.4,96.9094368155131,395848,0.0,1.0
2017-03-29,106.01,106.34,105.17,105.96,96.5086835053737,362442,0.0,1.0
2017-03-28,105.24,106.41,105.03,106.09,96.6270878924604,370198,0.0,1.0
2017-03-27,105.25,106.09,105.0575,105.73,96.2991988205282,337148,0.0,1.0
2017-03-24,107.22,107.88,105.95,106.48,96.9823010537202,323628,0.0,1.0
2017-03-23,106.88,107.97,106.56,107.27,97.7018354060159,207111,0.0,1.0
2017-03-22,106.59,107.2,106.18,106.9,97.3648383043078,321125,0.0,1.0
2017-03-21,108.44,108.44,105.88,106.6,97.091597411031,367772,0.0,1.0
2017-03-20,108.5,108.5,107.18,107.79,98.1754529543624,441770,0.0,1.0
2017-03-17,107.87,108.68,107.82,108.42,98.7492588302437,659141,0.0,1.0
2017-03-16,108.06,108.4429,107.405,108.02,98.3849376392079,213896,0.0,1.0
2017-03-15,107.79,108.24,106.71,108.0,98.3667215796561,492874,0.0,1.0
2017-03-14,106.08,107.58,105.37,107.45,97.865779941982,464601,0.0,1.0
2017-03-13,106.59,107.42,106.14,107.24,97.6745113166882,519059,0.0,1.0
2017-03-10,105.36,106.75,105.35,106.63,97.1189215003586,648890,0.0,1.0
2017-03-09,103.99,105.05,103.74,104.98,95.6160965873361,837515,0.0,1.0
2017-03-08,104.43,104.91,103.77,104.38,95.0696148007825,396629,0.0,1.0
2017-03-07,104.91,105.835,104.3401,104.49,95.1698031283173,340181,0.0,1.0
2017-03-06,105.48,105.935,105.02,105.4,95.9986338379237,362574,0.0,1.0
2017-03-03,104.13,106.215,104.13,105.95,96.4995754755979,674344,0.0,1.0
2017-03-02,105.28,105.71,103.67,103.98,94.7052936097467,645872,0.0,1.0
2017-03-01,104.39,106.01,103.96,105.24,95.8529053615094,609600,0.0,1.0
2017-02-28,103.91,104.88,103.06,103.3,94.0859475849859,701212,0.0,1.0
2017-02-27,104.63,105.53,104.46,104.88,95.5250162895772,399934,0.0,1.0
2017-02-24,104.17,105.81,103.56,104.58,95.2517753963004,554322,0.0,1.0
2017-02-23,105.91,106.23,104.02,105.65,96.226334582321,653755,0.0,1.0
2017-02-22,105.23,106.09,105.09,105.67,96.2445506418728,516079,0.0,1.0
2017-02-21,105.87,106.73,105.14,105.58,96.1625783738898,316543,0.0,1.0
2017-02-17,105.54,106.08,104.85,105.87,96.4267112373907,392706,0.0,1.0
2017-02-16,105.19,105.65,104.33,105.65,96.226334582321,355782,0.0,1.0
2017-02-15,104.59,105.35,103.7,105.03,95.6616367362156,351293,0.35,1.0
2017-02-14,105.09,105.38,104.12,104.94,95.2622144533921,322929,0.0,1.0
2017-02-13,104.88,106.3,104.64,105.6,95.8613478776273,654637,0.0,1.0
2017-02-10,108.39,108.49,101.59,105.16,95.4619255948039,1615153,0.0,1.0
2017-02-09,108.38,108.57,107.65,108.57,98.5574482866856,476423,0.0,1.0
2017-02-08,107.85,108.57,107.05,107.73,97.794914837659,319655,0.0,1.0
2017-02-07,108.26,109.21,107.27,107.59,97.6678259294879,255047,0.0,1.0
2017-02-06,108.62,109.49,108.0,108.24,98.257881574568,303991,0.0,1.0
2017-02-03,108.15,109.23,108.055,109.17,99.1021150359903,343362,0.0,1.0
2017-02-02,109.22,109.6,107.075,107.75,97.8130703959692,463766,0.0,1.0
2017-02-01,109.13,110.18,109.0,109.73,99.6104706686747,365299,0.0,1.0
2017-01-31,110.7,111.015,108.64,109.11,99.0476483610598,501733,0.0,1.0
2017-01-30,110.95,111.3,110.36,110.73,100.518248584183,292559,0.0,1.0
2017-01-27,112.21,112.47,111.22,111.81,101.498648732931,343447,0.0,1.0
2017-01-26,111.49,112.31,111.13,112.03,101.698359874343,428422,0.0,1.0
2017-01-25,108.98,111.91,108.98,111.54,101.253548695744,462281,0.0,1.0
2017-01-24,107.45,108.79,106.96,108.31,98.3214260286536,429975,0.0,1.0
2017-01-23,106.99,107.9,106.315,107.27,97.3773369965254,228049,0.0,1.0
2017-01-20,108.2,109.55,106.8,107.49,97.5770481379371,285732,0.0,1.0
2017-01-19,107.92,108.53,106.9,107.5,97.5861259170922,300566,0.0,1.0
2017-01-18,108.31,108.75,107.338,107.79,97.8493815125895,351576,0.0,1.0
2017-01-17,110.73,111.33,108.0,108.39,98.3940482618942,335845,0.0,1.0
2017-01-13,109.49,110.79,108.48,109.2,99.1293483734555,342758,0.0,1.0
2017-01-12,107.81,108.94,107.47,108.77,98.7390038697872,311342,0.0,1.0
2017-01-11,108.67,108.67,107.57,108.18,98.2034148996375,441144,0.0,1.0
2017-01-10,108.28,108.53,107.11,108.22,98.2397260162578,463377,0.0,1.0
2017-01-09,109.45,109.45,107.69,108.2,98.2215704579477,302238,0.0,1.0
2017-01-06,109.58,110.14,109.15,109.4,99.3109039565571,294861,0.0,1.0
2017-01-05,110.79,110.79,108.77,109.6,99.4924595396587,366115,0.0,1.0
2017-01-04,109.53,111.565,109.53,110.74,100.527326363338,344604,0.0,1.0
2017-01-03,110.87,112.18,108.65,109.26,99.183815048386,302303,0.0,1.0
2016-12-30,110.71,111.08,110.02,110.29,100.118826301359,177648,0.0,1.0
2016-12-29,110.9,111.38,110.01,110.36,100.182370755445,206290,0.0,1.0
2016-12-28,112.71,112.71,110.67,110.95,100.717959725594,146516,0.0,1.0
2016-12-27,111.91,112.775,111.675,112.49,102.115937715476,144319,0.0,1.0
2016-12-23,111.62,111.89,110.81,111.51,101.226315358279,108372,0.0,1.0
2016-12-22,112.47,112.47,111.05,111.37,101.099226450108,172891,0.0,1.0
2016-12-21,112.7,113.44,112.28,112.46,102.088704378011,216837,0.0,1.0
2016-12-20,113.97,114.05,112.44,112.51,102.134093273786,257114,0.0,1.0
2016-12-19,112.8,113.63,111.77,113.53,103.060026747604,577670,0.0,1.0
2016-12-16,113.84,115.13,112.42,112.46,102.088704378011,1362259,0.0,1.0
2016-12-15,113.07,114.98,112.75,113.86,103.359593459722,418520,0.0,1.0
2016-12-14,113.81,114.83,112.77,113.07,102.642448906471,230476,0.0,1.0
2016-12-13,114.74,114.87,112.69,114.03,103.513915705358,309002,0.0,1.0
2016-12-12,113.72,114.61,112.71,113.73,103.241582330706,272381,0.0,1.0
2016-12-09,113.63,114.01,113.115,113.87,103.368671238877,204717,0.0,1.0
2016-12-08,114.79,115.43,113.4,113.97,103.459449030428,206767,0.0,1.0
2016-12-07,112.56,114.52,112.02,114.18,103.650082392685,270699,0.0,1.0
2016-12-06,112.35,112.96,111.11,112.49,102.115937715476,218900,0.0,1.0
2016-12-05,112.66,112.78,111.89,112.3,101.94345991153,194189,0.0,1.0
2016-12-02,112.1,112.91,111.78,112.37,102.007004365615,229503,0.0,1.0
2016-12-01,112.28,113.72,111.39,112.03,101.698359874343,370541,0.0,1.0
2016-11-30,115.15,116.4,112.14,112.17,101.825448782514,546684,0.0,1.0
2016-11-29,113.12,115.14,113.12,115.0,104.394460283401,498223,0.0,1.0
2016-11-28,115.6,115.765,113.71,114.37,103.822560196631,390279,0.0,1.0
2016-11-25,114.79,116.02,114.65,115.96,105.265927082288,237967,0.0,1.0
2016-11-23,112.68,114.43,112.68,114.37,103.822560196631,330789,0.0,1.0
2016-11-22,113.75,114.07,112.0001,112.83,102.424582206749,327132,0.0,1.0
2016-11-21,112.79,113.49,112.34,113.48,103.014637851829,188328,0.0,1.0
2016-11-18,113.01,113.25,111.97,112.11,101.770982107583,325396,0.0,1.0
2016-11-17,114.07,114.07,112.12,112.94,102.524437777455,400056,0.0,1.0
2016-11-16,113.59,114.25,112.67,113.05,102.624293348161,380388,0.0,1.0
2016-11-15,113.62,114.4,112.07,113.56,103.08726008507,568102,0.35,1.0
2016-11-14,112.63,114.49,112.16,114.42,103.548804309838,378607,0.0,1.0
2016-11-11,111.53,112.52,110.72,112.28,101.612128543162,543250,0.0,1.0
2016-11-10,110.0,112.17,109.885,112.02,101.376831487398,826961,0.0,1.0
2016-11-09,106.99,109.68,105.855,109.52,99.1143597973561,352912,0.0,1.0
2016-11-08,106.56,108.18,106.44,107.86,97.6120785951683,296328,0.0,1.0
2016-11-07,106.05,106.51,105.84,106.43,96.3179447884643,470825,0.0,1.0
2016-11-04,104.83,105.95,104.45,104.69,94.7432644921951,336223,0.0,1.0
2016-11-03,104.98,105.143,104.38,105.06,95.0781103023213,336188,0.0,1.0
2016-11-02,103.85,105.0,103.85,104.64,94.6980150583943,512919,0.0,1.0
2016-11-01,105.22,105.79,103.85,104.18,94.2817202674266,455073,0.0,1.0
2016-10-31,103.12,104.96,102.63,104.85,94.8880626803578,579794,0.0,1.0
2016-10-28,102.02,103.77,102.02,102.8,93.0328358945234,334585,0.0,1.0
2016-10-27,101.71,102.13,100.11,102.08,92.3812440477914,520255,0.0,1.0
2016-10-26,106.0,106.0,101.26,101.57,91.9196998230228,449131,0.0,1.0
2016-10-25,105.2,105.44,103.13,103.82,93.9559243440605,566056,0.0,1.0
2016-10-24,104.09,105.38,104.09,105.29,95.2862576978052,414094,0.0,1.0
2016-10-21,102.28,103.76,102.11,103.67,93.820176042658,300222,0.0,1.0
2016-10-20,103.09,103.9,102.76,103.2,93.3948313649301,425394,0.0,1.0
2016-10-19,105.7,105.7,103.22,103.27,93.4581805722513,548256,0.0,1.0
2016-10-18,106.05,106.29,105.14,105.55,95.5215547535695,223390,0.0,1.0
2016-10-17,105.03,105.69,104.8,105.06,95.0781103023213,340432,0.0,1.0
2016-10-14,105.44,105.8,104.78,104.82,94.8609130200773,217965,0.0,1.0
2016-10-13,104.3,104.95,103.64,104.81,94.8518631333171,199784,0.0,1.0
2016-10-12,103.86,105.2,103.36,104.87,94.9061624538781,278570,0.0,1.0
2016-10-11,105.16,105.28,103.33,103.88,94.0102236646215,311690,0.0,1.0
2016-10-10,105.64,106.27,105.37,105.62,95.5849039608907,193625,0.0,1.0
2016-10-07,104.95,105.69,104.65,105.1,95.114309849362,497956,0.0,1.0
2016-10-06,104.09,105.44,103.69,105.33,95.3224572448459,237756,0.0,1.0
2016-10-05,103.97,104.33,103.6,104.1,94.2093211733452,317302,0.0,1.0
2016-10-04,102.6,103.0,101.95,102.36,92.6346408770761,175837,0.0,1.0
2016-10-03,102.28,103.01,102.01,102.24,92.526042235954,243051,0.0,1.0
2016-09-30,102.51,103.18,102.2,102.57,92.8246884990396,303001,0.0,1.0
2016-09-29,103.1,103.62,102.06,102.08,92.3812440477914,152654,0.0,1.0
2016-09-28,102.41,103.5,101.99,103.46,93.6301284206945,206556,0.0,1.0
2016-09-27,99.18,102.18,99.18,101.95,92.2635955199092,183034,0.0,1.0
2016-09-26,101.4,102.21,100.83,101.4,91.7658517481,202185,0.0,1.0
2016-09-23,102.34,102.495,101.57,101.57,91.9196998230228,183495,0.0,1.0
2016-09-22,101.85,102.87,101.0,102.7,92.9423370269218,366175,0.0,1.0
2016-09-21,100.0,100.69,99.6,100.69,91.1233097881281,316528,0.0,1.0
2016-09-20,100.02,100.52,99.42,99.44,89.9920739431071,310186,0.0,1.0
2016-09-19,99.61,100.05,98.93,99.64,90.1730716783105,308452,0.0,1.0
2016-09-16,98.63,99.17,98.52,98.98,89.5757791521394,405144,0.0,1.0
2016-09-15,99.04,99.45,98.59,99.31,89.8744254152249,347613,0.0,1.0
2016-09-14,100.15,100.489,98.61,98.85,89.4581306242572,340228,0.0,1.0
2016-09-13,100.79,101.23,99.62,99.97,90.471717941396,381165,0.0,1.0
2016-09-12,99.92,101.19,99.49,100.93,91.3405070703721,593841,0.0,1.0
2016-09-09,103.76,104.09,100.95,100.97,91.3767066174128,440772,0.0,1.0
2016-09-08,104.64,104.8,104.04,104.73,94.7794640392358,182566,0.0,1.0
2016-09-07,103.65,104.63,103.64,104.62,94.679915284874,214749,0.0,1.0
2016-09-06,105.35,105.645,103.59,103.92,94.0464232116622,193465,0.0,1.0
2016-09-02,105.15,105.57,104.51,104.94,94.9695116611993,199219,0.0,1.0
2016-09-01,104.67,105.41,103.75,104.79,94.8337633597968,311632,0.0,1.0
2016-08-31,104.93,105.19,104.4,104.86,94.897112567118,353111,0.0,1.0
2016-08-30,104.84,105.62,104.68,105.21,95.2138586037238,301870,0.0,1.0
2016-08-29,104.33,105.13,104.33,104.75,94.7975638127561,184272,0.0,1.0
2016-08-26,105.51,106.06,103.96,104.38,94.4627180026299,178167,0.0,1.0
2016-08-25,104.78,105.57,104.54,105.38,95.3677066786467,223877,0.0,1.0
2016-08-24,104.62,105.42,104.62,105.1,95.114309849362,206171,0.0,1.0
2016-08-23,105.14,105.64,104.86,104.87,94.9061624538781,233377,0.0,1.0
2016-08-22,104.03,104.95,103.1,104.85,94.8880626803578,220471,0.0,1.0
2016-08-19,104.44,104.73,103.85,104.64,94.6980150583943,299162,0.0,1.0
2016-08-18,104.64,104.9,104.32,104.84,94.8790127935976,236006,0.0,1.0
2016-08-17,105.77,106.17,104.3,104.85,94.8880626803578,262234,0.0,1.0
2016-08-16,106.95,106.95,105.63,105.71,95.6663529417322,317776,0.35,1.0
2016-08-15,106.01,107.54,105.9636,107.53,96.9922961703231,258961,0.0,1.0
2016-08-12,106.0,106.12,105.41,105.65,95.2965320412409,203871,0.0,1.0
2016-08-11,106.36,106.94,105.52,106.02,95.6302728538794,284134,0.0,1.0
2016-08-10,106.4,106.51,105.67,106.15,95.747533139401,175032,0.0,1.0
2016-08-09,105.0,106.59,104.56,106.53,96.0902939740028,403419,0.0,1.0
2016-08-08,105.18,105.54,104.52,104.81,94.5388501963318,259653,0.0,1.0
2016-08-05,105.94,106.48,105.15,105.23,94.9176911187864,319147,0.0,1.0
2016-08-04,104.72,105.95,104.72,105.52,95.1792717557192,212720,0.0,1.0
2016-08-03,104.21,105.32,104.08,104.85,94.5749302841846,376654,0.0,1.0
2016-08-02,105.06,105.86,103.9,104.21,93.9976488785396,350071,0.0,1.0
2016-08-01,103.17,105.17,103.06,104.9,94.6200303940007,598860,0.0,1.0
2016-07-29,103.97,104.12,102.43,103.29,93.167806857925,404925,0.0,1.0
2016-07-28,103.04,104.33,102.401,103.96,93.7721483294596,329478,0.0,1.0
2016-07-27,104.04,104.52,102.91,103.06,92.9603463527713,356171,0.0,1.0
2016-07-26,105.72,106.92,103.11,103.87,93.6909681317907,733036,0.0,1.0
2016-07-25,106.44,107.023,105.68,105.72,95.3596721949833,431098,0.0,1.0
2016-07-22,106.05,107.16,105.89,107.0,96.5142350062733,370841,0.0,1.0
2016-07-21,107.2,107.285,106.006,106.29,95.8738134468859,246743,0.0,1.0
2016-07-20,106.78,107.7,106.66,107.33,96.811895731059,242380,0.0,1.0
2016-07-19,106.57,106.88,106.33,106.75,96.2887344571932,209173,0.0,1.0
2016-07-18,107.99,108.055,106.44,106.96,96.4781549184205,535012,0.0,1.0
2016-07-15,108.31,108.549,107.5501,108.15,97.5515375320417,173613,0.0,1.0
2016-07-14,107.82,108.45,107.61,107.86,97.2899568951088,215237,0.0,1.0
2016-07-13,108.37,108.46,107.38,107.45,96.9201359946175,305602,0.0,1.0
2016-07-12,108.5,109.13,107.36,108.0,97.4162372025936,471047,0.0,1.0
2016-07-11,108.1,109.08,107.96,108.49,97.8582182787906,262665,0.0,1.0
2016-07-08,106.95,108.26,106.3715,107.83,97.2628968292192,297049,0.0,1.0
2016-07-07,105.2,106.23,105.18,105.93,95.5490926562106,279584,0.0,1.0
2016-07-06,103.34,104.84,103.02,104.74,94.4757100425894,320357,0.0,1.0
2016-07-05,104.92,104.92,103.02,103.75,93.5827278682323,392178,0.0,1.0
2016-07-01,105.53,106.25,105.04,105.53,95.1882917776825,414539,0.0,1.0
2016-06-30,103.37,105.68,102.9,105.68,95.3235921071305,516648,0.0,1.0
2016-06-29,102.5,103.06,102.0,103.04,92.9423063088449,337220,0.0,1.0
2016-06-28,99.82,101.64,99.445,101.64,91.6795032339964,460715,0.0,1.0
2016-06-27,100.47,100.47,98.225,98.73,89.0546768427043,542356,0.0,1.0
2016-06-24,101.65,103.29,101.03,101.43,91.4900827727692,570895,0.0,1.0
2016-06-23,104.59,105.22,104.29,105.16,94.8545509650439,250024,0.0,1.0
2016-06-22,103.91,104.51,103.46,103.53,93.3842873850418,274942,0.0,1.0
2016-06-21,104.12,104.27,103.52,103.78,93.6097879341219,456758,0.0,1.0
2016-06-20,102.45,104.6,102.45,103.76,93.5917478901955,570436,0.0,1.0
2016-06-17,101.55,102.09,100.58,101.16,91.2465421797627,519346,0.0,1.0
2016-06-16,100.06,101.16,99.26,100.91,91.0210416306826,353133,0.0,1.0
2016-06-15,99.87,100.71,99.615,100.08,90.2723798077368,499692,0.0,1.0
2016-06-14,99.16,100.1,99.16,99.83,90.0468792586567,265280,0.0,1.0
2016-06-13,99.17,100.2242,99.07,99.16,89.4425377871221,310694,0.0,1.0
2016-06-10,100.74,101.09,99.61,99.8,90.0198191927671,275157,0.0,1.0
2016-06-09,100.66,101.73,100.53,101.59,91.6344031241804,376157,0.0,1.0
2016-06-08,100.95,101.69,100.53,101.16,91.2465421797627,283207,0.0,1.0
2016-06-07,100.96,101.215,100.75,100.8,90.9218213890874,243636,0.0,1.0
2016-06-06,101.08,101.23,99.94,100.7,90.8316211694553,612081,0.0,1.0
2016-06-03,100.87,100.98,99.61,100.6,90.7414209498233,616296,0.0,1.0
2016-06-02,103.65,103.97,100.92,101.0,91.1022218283514,948492,0.0,1.0
2016-06-01,103.09,104.68,102.65,104.6,94.3494297351046,345307,0.0,1.0
2016-05-31,104.11,104.35,103.45,103.82,93.6458680219747,326969,0.0,1.0
2016-05-27,104.27,104.345,103.71,104.0,93.8082284173124,227281,0.0,1.0
2016-05-26,104.62,104.98,103.8,104.23,94.015688922466,261463,0.0,1.0
2016-05-25,103.88,104.51,103.57,104.26,94.0427489883557,323102,0.0,1.0
2016-05-24,102.78,104.05,102.56,103.89,93.7090081757171,289682,0.0,1.0
2016-05-23,102.16,102.29,101.52,102.08,92.0763842003774,296838,0.0,1.0
2016-05-20,101.59,102.82,101.59,102.25,92.2297245737518,372670,0.0,1.0
2016-05-19,100.54,101.29,99.59,101.09,91.1834020260203,334608,0.0,1.0
2016-05-18,100.98,102.27,100.44,101.16,91.2465421797627,257423,0.0,1.0
2016-05-17,101.67,102.31,100.91,101.43,91.4900827727692,460685,0.0,1.0
2016-05-16,100.59,102.06,100.59,101.75,91.7787234755917,351968,0.3,1.0
2016-05-13,101.17,101.89,100.03,100.56,90.4386911583096,395415,0.0,1.0
2016-05-12,103.09,103.14,100.9,101.5,91.2840806739104,534616,0.0,1.0
2016-05-11,103.0,103.46,102.47,102.61,92.2823597827581,539861,0.0,1.0
2016-05-10,102.35,103.26,102.01,103.16,92.7770025844394,399581,0.0,1.0
2016-05-09,102.0,102.445,101.87,102.07,91.7967104865619,422679,0.0,1.0
2016-05-06,100.6,102.07,100.47,102.06,91.7877169810768,294971,0.0,1.0
2016-05-05,100.13,101.51,99.93,100.99,90.8254118941695,641758,0.0,1.0
2016-05-04,100.51,100.53,98.98,99.64,89.6112886536791,490362,0.0,1.0
2016-05-03,102.78,102.86,100.6001,100.78,90.6365482789822,478878,0.0,1.0
2016-05-02,102.04,103.99,101.37,103.52,93.1007687819035,597886,0.0,1.0
2016-04-29,103.0,103.0,101.03,101.9,91.643820893315,1044903,0.0,1.0
2016-04-28,104.08,105.43,102.64,103.23,92.8399571228352,768840,0.0,1.0
2016-04-27,102.39,105.7897,101.59,103.95,93.4874895177634,959088,0.0,1.0
2016-04-26,100.11,100.58,99.57,99.9,89.8451197962921,737472,0.0,1.0
2016-04-25,100.22,100.575,99.52,99.78,89.7371977304707,423981,0.0,1.0
2016-04-22,102.02,102.17,100.56,100.67,90.5376197186459,728850,0.0,1.0
2016-04-21,101.57,102.39,101.57,101.7,91.4639507836127,258376,0.0,1.0
2016-04-20,102.68,103.42,101.54,101.81,91.5628793439489,391331,0.0,1.0
2016-04-19,102.54,103.44,101.91,102.7,92.3633013321241,299314,0.0,1.0
2016-04-18,101.4,102.405,101.33,102.18,91.8956390468982,176415,0.0,1.0
2016-04-15,101.29,102.105,101.2,102.0,91.7337559481661,227257,0.0,1.0
2016-04-14,100.16,101.62,100.16,101.28,91.0862235532379,300915,0.0,1.0
2016-04-13,100.0,100.69,99.58,100.19,90.1059314553604,351380,0.0,1.0
2016-04-12,99.02,100.0,98.91,99.55,89.5303471043131,185718,0.0,1.0
2016-04-11,99.23,100.29,98.68,98.68,88.7479121271082,209909,0.0,1.0
2016-04-08,99.77,100.36,98.61,99.02,89.053691313602,201896,0.0,1.0
2016-04-07,98.8,99.26,98.24,98.99,89.0267107971467,323572,0.0,1.0
2016-04-06,99.12,99.45,98.01,99.3,89.3055094671852,236719,0.0,1.0
2016-04-05,97.74,99.57,97.5601,99.03,89.0626848190872,418055,0.0,1.0
2016-04-04,99.7,99.895,98.07,98.38,88.4781069625547,343460,0.0,1.0
2016-04-01,98.88,100.09,98.35,99.79,89.7461912359558,412582,0.0,1.0
2016-03-31,99.79,100.12,98.87,99.5,89.4853795768875,330976,0.0,1.0
2016-03-30,99.0,100.1,98.61,99.79,89.7461912359558,435112,0.0,1.0
2016-03-29,97.5,99.39,97.47,98.75,88.810866665504,576412,0.0,1.0
2016-03-28,97.53,97.94,97.125,97.52,87.7046654908349,272460,0.0,1.0
2016-03-24,97.15,97.3667,96.55,97.28,87.4888213591921,334655,0.0,1.0
2016-03-23,97.76,98.56,96.9,97.8,87.9564836444181,253741,0.0,1.0
2016-03-22,98.0,98.775,97.385,98.24,88.3521978857631,479558,0.0,1.0
2016-03-21,97.98,98.34,97.28,98.11,88.2352823144566,251496,0.0,1.0
2016-03-18,97.19,98.65,97.19,98.26,88.3701848967333,620992,0.0,1.0
2016-03-17,95.25,98.0,95.19,97.54,87.7226525018051,610123,0.0,1.0
2016-03-16,94.96,95.64,94.2505,95.08,85.510250152467,855696,0.0,1.0
2016-03-15,94.14,95.31,93.33,94.96,85.4023280866456,293557,0.0,1.0
2016-03-14,95.31,96.0,94.23,94.63,85.1055424056368,308733,0.0,1.0
2016-03-11,95.83,96.28,95.26,95.8,86.1577825473952,259971,0.0,1.0
2016-03-10,94.78,95.09,93.46,95.07,85.5012566469819,431793,0.0,1.0
2016-03-09,94.27,94.65,93.97,94.38,84.880704768509,305569,0.0,1.0
2016-03-08,93.38,94.17,92.57,94.03,84.56593207653,506737,0.0,1.0
2016-03-07,93.59,94.32,93.36,93.98,84.5209645491044,332226,0.0,1.0
2016-03-04,93.17,94.6,93.17,93.93,84.4759970216789,360751,0.0,1.0
2016-03-03,92.96,93.72,92.35,93.39,83.9903477254827,307929,0.0,1.0
2016-03-02,91.65,92.97,91.62,92.94,83.5856399786525,290075,0.0,1.0
2016-03-01,91.06,92.25,90.47,91.96,82.7042764411113,361343,0.0,1.0
2016-02-29,90.27,90.94,90.05,90.16,81.0854454537907,352211,0.0,1.0
2016-02-26,89.57,90.64,89.11,90.44,81.3372636073739,337488,0.0,1.0
2016-02-25,88.33,89.18,88.33,89.09,80.1231403668835,568854,0.0,1.0
2016-02-24,87.61,88.58,87.09,88.21,79.3317118841934,442781,0.0,1.0
2016-02-23,88.23,89.82,88.22,88.64,79.7184326200534,785529,0.0,1.0
2016-02-22,88.87,89.86,87.73,88.7,79.7723936529641,259886,0.0,1.0
2016-02-19,87.87,88.67,87.7,87.89,79.0439197086698,511599,0.0,1.0
2016-02-18,88.0,88.69,87.545,88.05,79.1878157964316,597595,0.0,1.0
2016-02-17,85.18,87.92,85.166,87.73,78.900023620908,655397,0.0,1.0
2016-02-16,84.8,85.36,83.63,84.43,75.9321668108202,1306403,0.3,1.0
2016-02-12,84.51,85.33,83.67,83.89,75.1793871563757,653647,0.0,1.0
2016-02-11,84.47,85.22,83.23,83.65,74.9643072551058,560963,0.0,1.0
2016-02-10,86.19,87.06,85.46,85.59,76.7028697903706,449626,0.0,1.0
2016-02-09,85.76,86.96,85.55,85.83,76.9179496916405,552160,0.0,1.0
2016-02-08,85.68,87.0,85.35,86.53,77.5452660703443,526338,0.0,1.0
2016-02-05,87.7,87.8,86.01,86.62,77.6259210333205,595051,0.0,1.0
2016-02-04,85.0,90.14,85.0,87.66,78.5579339388233,922827,0.0,1.0
2016-02-03,82.44,83.59,80.95,83.31,74.6596107283068,589172,0.0,1.0
2016-02-02,82.54,82.97,81.81,81.93,73.422901296005,242774,0.0,1.0
2016-02-01,83.17,83.7299,82.66,83.51,74.838843979365,291050,0.0,1.0
2016-01-29,81.06,83.68,80.79,83.68,74.9911922427645,489705,0.0,1.0
2016-01-28,80.25,80.72,79.45,80.59,72.2220385139148,422478,0.0,1.0
2016-01-27,80.23,81.01,79.04,79.63,71.3617189088353,509094,0.0,1.0
2016-01-26,79.62,80.71,79.25,80.13,71.8098020364809,559130,0.0,1.0
2016-01-25,79.75,79.98,78.68,79.47,71.2183323079887,736278,0.0,1.0
2016-01-22,78.62,80.625,78.62,80.09,71.7739553862692,445921,0.0,1.0
2016-01-21,78.2,78.84,77.06,78.26,70.1339711390864,695727,0.0,1.0
2016-01-20,77.56,78.33,75.17,77.82,69.7396579867583,566695,0.0,1.0
2016-01-19,80.31,80.32,77.81,78.5,70.3490510403563,353216,0.0,1.0
2016-01-15,78.74,80.1,78.31,79.55,71.290025608412,387448,0.0,1.0
2016-01-14,78.48,81.39,78.12,80.64,72.2668468266794,456017,0.0,1.0
2016-01-13,80.13,81.195,78.25,78.3,70.1698177892981,652718,0.0,1.0
2016-01-12,80.42,81.33,78.73,79.95,71.6484921105285,643964,0.0,1.0
2016-01-11,80.66,81.08,78.85,79.68,71.4065272215999,344837,0.0,1.0
2016-01-08,81.37,81.61,80.52,80.64,72.2668468266794,552857,0.0,1.0
2016-01-07,82.01,82.63,80.66,80.94,72.5356967032667,344416,0.0,1.0
2016-01-06,84.54,85.14,83.15,83.65,74.9643072551058,417381,0.0,1.0
2016-01-05,86.34,86.53,85.1,85.88,76.9627580044051,299335,0.0,1.0
2016-01-04,87.84,87.84,85.82,86.39,77.4198027946036,555389,0.0,1.0
2015-12-31,88.53,89.44,87.61,88.69,79.4809851817732,405110,0.0,1.0
2015-12-30,89.12,89.77,88.85,88.89,79.6602184328315,203414,0.0,1.0
2015-12-29,89.58,90.05,88.66,89.44,80.1531098732416,266088,0.0,1.0
2015-12-28,88.75,89.19,88.2,89.17,79.911144984313,289813,0.0,1.0
2015-12-24,89.46,90.01,89.17,89.21,79.9469916345246,129576,0.0,1.0
2015-12-23,88.94,90.21,88.55,89.74,80.4219597498289,230952,0.0,1.0
2015-12-22,88.76,89.08,88.15,88.63,79.4272152064558,342198,0.0,1.0
2015-12-21,88.2,89.2,87.96,88.47,79.2838286056092,433864,0.0,1.0
2015-12-18,87.97,88.4,87.2,88.0,78.8626304656223,1004129,0.0,1.0
2015-12-17,89.76,89.76,88.0,88.02,78.8805537907281,258577,0.0,1.0
2015-12-16,89.3,89.768,88.49,89.39,80.108301560477,329716,0.0,1.0
2015-12-15,88.49,89.31,88.01,88.63,79.4272152064558,482068,0.0,1.0
2015-12-14,88.13,88.32,87.55,88.04,78.898477115834,590136,0.0,1.0
2015-12-11,87.94,88.58,87.28,88.25,79.0866720294451,550695,0.0,1.0
2015-12-10,88.62,89.07,88.1,88.6,79.400330218797,377904,0.0,1.0
2015-12-09,88.22,89.72,87.83,88.43,79.2479819553975,436431,0.0,1.0
2015-12-08,88.67,89.35,87.79,88.47,79.2838286056092,387609,0.0,1.0
2015-12-07,89.48,89.94,88.58,89.56,80.2606498238765,315300,0.0,1.0
2015-12-04,89.17,90.21,89.12,89.8,80.4757297251464,346734,0.0,1.0
2015-12-03,89.72,90.14,88.69,89.13,79.8752983341013,448694,0.0,1.0
2015-12-02,90.42,90.6,89.4605,89.82,80.4936530502522,583808,0.0,1.0
2015-12-01,88.84,90.635,88.38,90.61,81.2016243919323,702553,0.0,1.0
2015-11-30,89.5,89.67,88.37,88.45,79.2659052805033,610630,0.0,1.0
2015-11-27,89.2,89.88,88.895,89.32,80.0455699226067,122880,0.0,1.0
2015-11-25,89.75,90.26,89.06,89.1,79.8484133464426,349433,0.0,1.0
2015-11-24,86.9,89.86,86.71,89.64,80.3323431242998,775242,0.0,1.0
2015-11-23,86.43,87.79,86.43,87.59,78.495202300953,542905,0.0,1.0
2015-11-20,85.8,87.17,85.8,86.6,77.6079977082147,364719,0.0,1.0
2015-11-19,86.28,86.5,85.42,85.69,76.7924864158997,474097,0.0,1.0
2015-11-18,84.5,86.2,84.5,86.03,77.0971829426987,486659,0.0,1.0
2015-11-17,86.27,86.29,84.36,84.47,75.6991635844445,615265,0.0,1.0
2015-11-16,84.84,86.19,84.84,85.99,77.0613362924871,741173,0.3,1.0
2015-11-13,84.81,86.35,84.81,85.53,76.3826178363243,981378,0.0,1.0
2015-11-12,85.58,86.3425,84.74,84.75,75.6860383681571,555441,0.0,1.0
2015-11-11,85.85,86.38,85.515,86.09,76.8827261724442,529060,0.0,1.0
2015-11-10,85.8,86.33,85.25,85.85,76.6683940283928,667430,0.0,1.0
2015-11-09,86.23,86.5,85.47,85.84,76.6594635223907,783217,0.0,1.0
2015-11-06,86.08,86.72,85.67,86.31,77.0791973044914,445139,0.0,1.0
2015-11-05,87.51,87.51,86.16,86.2,76.9809617384678,766019,0.0,1.0
2015-11-04,88.28,88.9,87.42,87.67,78.2937461207827,472898,0.0,1.0
2015-11-03,87.15,87.79,87.1072,87.44,78.0883444827335,532865,0.0,1.0
2015-11-02,87.65,87.84,86.8933,87.27,77.936525880697,867206,0.0,1.0
2015-10-30,86.89,87.94,86.72,87.0,77.6954022186392,1232870,0.0,1.0
2015-10-29,85.68,87.64,85.102,86.81,77.5257226045985,1250953,0.0,1.0
2015-10-28,85.34,86.81,84.83,85.99,76.7934211124228,765752,0.0,1.0
2015-10-27,85.45,85.55,84.37,85.2,76.0879111382536,1014216,0.0,1.0
2015-10-26,85.7,86.415,85.3701,85.62,76.4629923903435,1164794,0.0,1.0
2015-10-23,86.89,86.96,85.49,85.7,76.5344364383607,984062,0.0,1.0
2015-10-22,83.68,87.315,83.43,85.93,76.73983807641,1512884,0.0,1.0
2015-10-21,90.3,90.74,80.73,84.11,75.11448598402,2308774,0.0,1.0
2015-10-20,90.96,91.94,90.82,91.39,81.6158943535797,661653,0.0,1.0
2015-10-19,90.95,92.14,90.82,91.01,81.2765351254983,572111,0.0,1.0
2015-10-16,91.03,91.68,90.565,91.58,81.7855739676204,243694,0.0,1.0
2015-10-15,91.12,91.12,90.23,91.0,81.2676046194962,478788,0.0,1.0
2015-10-14,91.86,92.11,90.81,90.91,81.1872300654769,236315,0.0,1.0
2015-10-13,92.27,93.14,91.93,91.97,82.133863701704,237858,0.0,1.0
2015-10-12,92.11,93.05,91.4,92.66,82.7500686158518,340133,0.0,1.0
2015-10-09,92.58,93.302,91.71,91.96,82.1249331957018,428802,0.0,1.0
2015-10-08,92.0,92.99,90.62,92.61,82.7054160858411,664998,0.0,1.0
2015-10-07,92.07,93.1,91.88,92.7,82.7857906398604,341186,0.0,1.0
2015-10-06,92.23,92.785,91.52,91.6,81.8034349796247,284203,0.0,1.0
2015-10-05,91.05,92.57,90.69,92.39,82.508944953794,535607,0.0,1.0
2015-10-02,88.75,90.62,88.515,90.58,80.8925233674062,640427,0.0,1.0
2015-10-01,87.37,89.97,87.22,89.85,80.2405964292498,554731,0.0,1.0
2015-09-30,87.56,87.95,86.94,87.38,78.0347614467206,828470,0.0,1.0
2015-09-29,88.91,91.18,85.43,86.91,77.6150276646199,1370514,0.0,1.0
2015-09-28,94.63,94.63,92.98,93.16,83.1965939159589,220160,0.0,1.0
2015-09-25,95.98,96.01,95.05,95.26,85.0720001764088,249305,0.0,1.0
2015-09-24,95.0,95.71,94.63,95.29,85.0987916944153,428517,0.0,1.0
2015-09-23,96.72,96.96,96.0845,96.12,85.8400236925931,377319,0.0,1.0
2015-09-22,95.56,96.71,95.225,96.67,86.3312015227109,372233,0.0,1.0
2015-09-21,97.61,98.41,96.79,96.96,86.5901861967731,284883,0.0,1.0
2015-09-18,97.75,97.86,96.67,96.98,86.6080472087774,432042,0.0,1.0
2015-09-17,99.21,99.94,98.41,98.55,88.0101366511137,355660,0.0,1.0
2015-09-16,98.45,99.41,98.22,99.19,88.5816890352508,462985,0.0,1.0
2015-09-15,98.0,98.69,97.53,98.39,87.8672485550794,443938,0.0,1.0
2015-09-14,99.22,99.23,97.75,97.96,87.4832367969873,216900,0.0,1.0
2015-09-11,98.82,99.22,97.76,99.12,88.5191754932358,322046,0.0,1.0
2015-09-10,99.56,100.92,99.0901,99.34,88.715646625283,188390,0.0,1.0
2015-09-09,101.37,102.126,99.66,99.79,89.1175193953794,138962,0.0,1.0
2015-09-08,99.54,100.79,99.07,100.65,89.8855429115636,176251,0.0,1.0
2015-09-04,98.28,99.06,97.84,98.12,87.6261248930216,155719,0.0,1.0
2015-09-03,99.18,100.19,98.87,99.41,88.778160167298,173834,0.0,1.0
2015-09-02,98.86,99.33,97.41,98.78,88.215538289163,199697,0.0,1.0
2015-09-01,98.77,100.08,97.34,97.73,87.277835158938,346186,0.0,1.0
2015-08-31,100.38,101.41,100.154,100.7,89.9301954415743,247440,0.0,1.0
2015-08-28,100.1,101.22,99.99,101.07,90.2606241636536,234342,0.0,1.0
2015-08-27,99.38,100.59,98.39,100.54,89.7873073455401,365950,0.0,1.0
2015-08-26,97.28,98.3375,95.65,98.01,87.527889326998,329091,0.0,1.0
2015-08-25,96.31,97.32,95.235,95.44,85.2327492844474,711708,0.0,1.0
2015-08-24,94.67,97.545,91.77,93.8,83.768146300096,570310,0.0,1.0
2015-08-21,100.82,101.24,99.25,99.49,88.8496042153151,484234,0.0,1.0
2015-08-20,102.2,103.06,101.57,101.92,91.0197171738357,430818,0.0,1.0
2015-08-19,103.91,104.63,102.75,103.29,92.2431964961292,247891,0.0,1.0
2015-08-18,104.28,104.78,104.011,104.57,93.3863012644034,263095,0.0,1.0
2015-08-17,103.25,104.61,102.23,104.6,93.4130927824099,263234,0.0,1.0
2015-08-14,102.02,103.4,102.02,103.39,92.3325015561506,164952,0.3,1.0
2015-08-13,101.6,103.2,100.67,102.76,91.5043674405443,221343,0.0,1.0
2015-08-12,101.81,102.81,100.275,101.68,90.5426633062918,274213,0.0,1.0
2015-08-11,102.1,103.1699,101.98,102.46,91.237227403252,390013,0.0,1.0
2015-08-10,102.0,103.86,101.83,103.06,91.7715074778367,346717,0.0,1.0
2015-08-07,101.34,101.7,100.71,101.57,90.4447119592846,224423,0.0,1.0
2015-08-06,102.77,103.0,101.217,101.39,90.2844279369092,259880,0.0,1.0
2015-08-05,102.01,103.39,102.01,102.97,91.691365466649,349459,0.0,1.0
2015-08-04,101.39,102.14,101.11,101.47,90.3556652801872,279171,0.0,1.0
2015-08-03,101.26,101.8899,100.675,101.39,90.2844279369092,359864,0.0,1.0
2015-07-31,101.73,102.25,101.135,101.26,90.1686672540825,486013,0.0,1.0
2015-07-30,101.85,102.22,101.05,101.38,90.2755232689995,272339,0.0,1.0
2015-07-29,101.74,102.89,101.52,101.97,90.8008986756744,384977,0.0,1.0
2015-07-28,101.48,102.25,101.21,101.74,90.5960913137503,397889,0.0,1.0
2015-07-27,102.4,102.54,100.7,100.99,89.9282412205194,476169,0.0,1.0
2015-07-24,101.35,102.745,100.405,102.44,91.2194180674325,697631,0.0,1.0
2015-07-23,104.0,104.99,99.6,101.52,90.4001886197359,684371,0.0,1.0
2015-07-22,103.1,103.88,102.99,103.66,92.3057875524214,646125,0.0,1.0
2015-07-21,103.3,103.83,103.03,103.44,92.109884858407,321534,0.0,1.0
2015-07-20,103.64,103.64,102.98,103.56,92.216740873324,304227,0.0,1.0
2015-07-17,103.0,103.32,102.44,103.3,91.9852195076706,286417,0.0,1.0
2015-07-16,102.66,103.18,102.44,103.13,91.8338401532049,269791,0.0,1.0
2015-07-15,102.34,102.55,101.63,102.2,91.0057060375986,243098,0.0,1.0
2015-07-14,102.25,102.35,101.73,102.21,91.0146107055083,163689,0.0,1.0
2015-07-13,101.98,102.59,101.67,102.11,90.9255640264109,316654,0.0,1.0
2015-07-10,101.08,101.49,100.0,101.31,90.2131905936312,206959,0.0,1.0
2015-07-09,100.85,101.43,99.74,99.8,88.8685857392597,299038,0.0,1.0
2015-07-08,100.87,101.37,99.36,99.85,88.9131090788084,368602,0.0,1.0
2015-07-07,101.25,101.99,100.02,101.53,90.4090932876456,210942,0.0,1.0
2015-07-06,101.0,101.98,100.16,101.23,90.1419532503533,256408,0.0,1.0
2015-07-02,101.72,101.87,100.93,101.48,90.3645699480969,225162,0.0,1.0
2015-07-01,101.02,101.8,100.48,101.35,90.2488092652702,243662,0.0,1.0
2015-06-30,100.01,100.96,99.44,100.12,89.1535351123715,355790,0.0,1.0
2015-06-29,100.38,101.09,99.32,99.4,88.5123990228699,212174,0.0,1.0
2015-06-26,100.43,101.67,100.055,101.45,90.3378559443677,612495,0.0,1.0
2015-06-25,101.12,101.24,99.941,100.26,89.278200463108,194189,0.0,1.0
2015-06-24,102.14,102.26,100.67,100.68,89.6521965153173,153080,0.0,1.0
2015-06-23,102.23,102.65,101.73,102.06,90.8810406868621,142843,0.0,1.0
2015-06-22,101.92,102.3,101.09,102.26,91.0591340450571,255455,0.0,1.0
2015-06-19,101.55,101.93,100.8,101.15,90.0707159070753,220133,0.0,1.0
2015-06-18,100.82,102.02,100.45,101.31,90.2131905936312,213985,0.0,1.0
2015-06-17,100.26,100.61,99.54,100.36,89.3672471422054,277143,0.0,1.0
2015-06-16,100.22,100.9,100.02,100.19,89.2158677877398,201842,0.0,1.0
2015-06-15,99.96,100.38,99.25,100.26,89.278200463108,183496,0.0,1.0
2015-06-12,101.96,101.96,100.78,100.85,89.8035758697829,228773,0.0,1.0
2015-06-11,102.0,102.21,101.57,102.16,90.9700873659596,164395,0.0,1.0
2015-06-10,100.48,101.79,100.4,101.42,90.3111419406384,143423,0.0,1.0
2015-06-09,100.3,100.94,99.84,99.91,88.9665370862669,200001,0.0,1.0
2015-06-08,101.18,101.68,100.47,100.47,89.4651984892126,145000,0.0,1.0
2015-06-05,100.65,101.1125,99.73,101.06,89.9905738958876,191437,0.0,1.0
2015-06-04,101.0,101.87,100.45,101.04,89.9727645600681,357373,0.0,1.0
2015-06-03,100.75,101.77,100.02,101.7,90.5604726421113,297399,0.0,1.0
2015-06-02,99.51,100.42,99.435,100.39,89.3939611459347,209485,0.0,1.0
2015-06-01,100.14,100.8,99.42,99.9,88.9576324183571,357534,0.0,1.0
2015-05-29,99.27,99.77,98.51,99.15,88.2897823251262,347611,0.0,1.0
2015-05-28,98.66,99.46,98.51,99.37,88.4856850191406,374676,0.0,1.0
2015-05-27,97.12,99.42,97.0,99.27,88.3966383400432,311944,0.0,1.0
2015-05-26,97.61,97.77,96.51,97.02,86.3930880603504,232370,0.0,1.0
2015-05-22,98.49,98.83,97.86,98.06,87.319173522964,149233,0.0,1.0
2015-05-21,98.62,99.42,98.3,98.41,87.6308368998051,251255,0.0,1.0
2015-05-20,99.79,100.04,98.57,98.84,88.0137376199241,341356,0.0,1.0
2015-05-19,99.76,100.04,98.87,99.97,89.0199650937253,368702,0.0,1.0
2015-05-18,98.34,99.59,98.31,99.51,88.6103503698771,246155,0.25,1.0
2015-05-15,98.83,99.0,98.22,98.76,87.7221151015343,160960,0.0,1.0
2015-05-14,98.5,99.145,98.195,99.09,88.0152327400874,258241,0.0,1.0
2015-05-13,98.02,98.77,97.6,98.19,87.2158209985789,231826,0.0,1.0
2015-05-12,97.32,97.78,96.44,97.56,86.6562327795229,142127,0.0,1.0
2015-05-11,97.84,98.312,97.5,97.76,86.8338798331915,175429,0.0,1.0
2015-05-08,98.15,98.83,97.91,98.17,87.198056293212,202093,0.0,1.0
2015-05-07,96.87,97.67,96.65,97.44,86.5496445473218,206587,0.0,1.0
2015-05-06,96.81,97.25,96.47,97.09,86.2387622034018,278221,0.0,1.0
2015-05-05,97.26,98.06,96.4,96.79,85.972291622899,271091,0.0,1.0
2015-05-04,97.96,98.52,97.55,97.63,86.7184092483069,293489,0.0,1.0
2015-05-01,96.55,97.73,96.45,97.49,86.5940563107389,343453,0.0,1.0
2015-04-30,97.2,97.87,96.41,96.5,85.7147033950795,840588,0.0,1.0
2015-04-29,98.36,98.614,97.59,97.96,87.01152688686,250493,0.0,1.0
2015-04-28,98.18,98.66,97.4,98.61,87.5888798112828,439625,0.0,1.0
2015-04-27,99.82,100.47,97.83,98.15,87.1802915878451,571556,0.0,1.0
2015-04-24,99.27,100.83,99.23,99.55,88.4238209635251,537164,0.0,1.0
2015-04-23,96.0,100.47,95.85,99.08,88.0063503874039,1078871,0.0,1.0
2015-04-22,94.05,95.12,92.91,94.86,84.2579975549974,679991,0.0,1.0
2015-04-21,93.37,94.08,92.97,94.08,83.56517404569,429615,0.0,1.0
2015-04-20,92.24,93.21,92.2,93.19,82.7746446568649,186961,0.0,1.0
2015-04-17,93.31,93.31,91.48,91.87,81.6021741026524,308069,0.0,1.0
2015-04-16,93.61,94.21,93.36,93.96,83.4585858134888,247864,0.0,1.0
2015-04-15,93.97,94.58,93.93,94.01,83.502997576906,247641,0.0,1.0
2015-04-14,93.39,93.87,92.58,93.87,83.378644639338,219762,0.0,1.0
2015-04-13,93.16,93.76,92.975,93.35,82.9167622997997,197367,0.0,1.0
2015-04-10,93.55,94.06,93.164,93.31,82.881232889066,190918,0.0,1.0
2015-04-09,93.16,93.76,92.59,93.45,83.005585826634,281523,0.0,1.0
2015-04-08,93.81,94.0,92.79,93.19,82.7746446568649,325830,0.0,1.0
2015-04-07,94.5,94.98,93.43,93.65,83.1832328803026,207751,0.0,1.0
2015-04-06,93.73,94.85,93.28,94.45,83.8938210949768,432823,0.0,1.0
2015-04-02,92.72,94.17,92.56,93.9,83.4052916973883,439252,0.0,1.0
2015-04-01,92.67,93.09,91.59,92.59,82.2417034958592,279904,0.0,1.0
2015-03-31,92.41,92.9,91.92,92.63,82.2772329065929,276758,0.0,1.0
2015-03-30,92.0,93.48,92.0,93.13,82.7213505407643,334010,0.0,1.0
2015-03-27,90.77,91.6,90.54,91.46,81.2379976426319,294617,0.0,1.0
2015-03-26,90.0,90.86,89.97,90.65,80.5185270752742,243049,0.0,1.0
2015-03-25,91.67,91.78,90.32,90.35,80.2520564947714,509728,0.0,1.0
2015-03-24,91.74,91.85,90.53,91.44,81.220232937265,457749,0.0,1.0
2015-03-23,92.7,93.03,91.915,91.93,81.655468218753,413764,0.0,1.0
2015-03-20,92.14,92.83,91.42,92.7,82.3394093753769,664849,0.0,1.0
2015-03-19,92.02,92.781,91.59,91.69,81.4422917543507,261957,0.0,1.0
2015-03-18,91.85,92.55,90.96,92.35,82.0285270314569,367896,0.0,1.0
2015-03-17,91.79,92.415,91.01,91.63,81.3889976382501,524198,0.0,1.0
2015-03-16,90.98,92.13,90.3,91.99,81.7087623348535,398434,0.0,1.0
2015-03-13,91.73,91.85,90.19,90.35,80.2520564947714,395024,0.0,1.0
2015-03-12,92.04,92.75,90.8,91.77,81.5133505758181,406679,0.0,1.0
2015-03-11,91.02,91.44,90.77,91.34,81.1314094104307,378991,0.0,1.0
2015-03-10,91.76,92.1,90.95,91.02,80.847174124561,340328,0.0,1.0
2015-03-09,92.8,93.41,92.63,92.85,82.4726446656283,228983,0.0,1.0
2015-03-06,93.3,93.48,92.22,92.51,82.1706446743918,221175,0.0,1.0
2015-03-05,93.53,93.94,93.17,93.73,83.25429170177,239702,0.0,1.0
2015-03-04,93.69,93.69,92.86,93.22,82.8012917149152,164953,0.0,1.0
2015-03-03,94.44,94.61,93.66,93.87,83.378644639338,272707,0.0,1.0
2015-03-02,93.15,94.57,92.87,94.54,83.9737622691277,387183,0.0,1.0
2015-02-27,94.31,94.61,93.07,93.07,82.6680564246637,227653,0.0,1.0
2015-02-26,95.21,95.21,93.92,94.18,83.6539975725243,214162,0.0,1.0
2015-02-25,94.58,95.22,94.56,95.1,84.4711740193996,333448,0.0,1.0
2015-02-24,93.8,94.58,93.71,94.47,83.9115858003437,321402,0.0,1.0
2015-02-23,93.93,94.45,93.34,93.91,83.4141740500717,318908,0.0,1.0
2015-02-20,93.17,94.47,92.74,94.16,83.6362328671574,282812,0.0,1.0
2015-02-19,93.68,94.12,93.29,93.53,83.0766446481014,243278,0.0,1.0
2015-02-18,93.15,94.11,93.15,93.86,83.3697622866546,322126,0.0,1.0
2015-02-17,93.97,94.4,93.21,93.47,83.0233505320009,368774,0.0,1.0
2015-02-13,93.89,94.45,93.4,94.14,83.6184681617905,289187,0.25,1.0
2015-02-12,93.31,94.27,93.31,94.23,83.4767269296061,299372,0.0,1.0
2015-02-11,93.54,94.17,92.65,92.82,82.227632320981,492644,0.0,1.0
2015-02-10,94.43,94.8,93.02,93.6,82.91862082788,455267,0.0,1.0
2015-02-09,93.54,94.43,93.51,93.93,83.2109621192604,313215,0.0,1.0
2015-02-06,95.69,95.74,93.57,94.0,83.272973908341,458005,0.0,1.0
2015-02-05,91.19,95.12,90.73,95.07,84.2208683985743,1135341,0.0,1.0
2015-02-04,91.16,91.71,90.28,90.54,80.2078197623532,457487,0.0,1.0
2015-02-03,90.66,91.81,90.625,91.66,81.200008387644,518260,0.0,1.0
2015-02-02,90.1,90.63,89.085,90.33,80.0217843951111,428915,0.0,1.0
2015-01-30,89.71,90.54,89.26,89.68,79.445960639362,742351,0.0,1.0
2015-01-29,90.11,90.6,88.95,90.25,79.9509137790189,421167,0.0,1.0
2015-01-28,90.4,91.06,89.53,89.88,79.6231371795925,410982,0.0,1.0
2015-01-27,89.51,90.39,89.04,90.1,79.818031373846,363393,0.0,1.0
2015-01-26,89.34,90.85,88.48,90.52,80.1901021083301,660094,0.0,1.0
2015-01-23,88.68,89.94,88.0701,89.54,79.3219370612006,457383,0.0,1.0
2015-01-22,88.05,89.1,86.87,88.96,78.8081250945321,776452,0.0,1.0
2015-01-21,86.85,87.62,86.36,87.18,77.2312538864806,576022,0.0,1.0
2015-01-20,92.0,92.7,86.51,86.79,76.8857596330311,1543292,0.0,1.0
2015-01-16,92.45,93.0,91.7,92.46,81.9087145485661,980887,0.0,1.0
2015-01-15,94.02,94.02,92.16,92.6,82.0327381267275,667066,0.0,1.0
2015-01-14,92.58,93.645,92.58,93.54,82.8654678658109,319483,0.0,1.0
2015-01-13,94.65,95.38,93.25,94.11,83.3704210054678,527669,0.0,1.0
2015-01-12,93.79,94.19,92.553,93.79,83.086938541099,513157,0.0,1.0
2015-01-09,94.5,94.5,93.43,93.66,82.9717737899492,721754,0.0,1.0
2015-01-08,90.88,94.19,90.88,94.0,83.272973908341,1376296,0.0,1.0
2015-01-07,89.7,90.66,89.35,90.38,80.0660785301688,514738,0.0,1.0
2015-01-06,88.73,89.71,88.33,89.12,78.9498663267165,779133,0.0,1.0
2015-01-05,89.57,89.86,88.03,88.83,78.6929603433823,481550,0.0,1.0
2015-01-02,91.1,91.4,89.32,90.02,79.7471607577538,234899,0.0,1.0
2014-12-31,91.01,91.75,90.2,90.24,79.9420549520074,309005,0.0,1.0
2014-12-30,91.4,91.42,90.74,91.02,80.6330434589064,237312,0.0,1.0
2014-12-29,91.48,91.79,91.1501,91.42,80.9873965393674,255328,0.0,1.0
2014-12-26,91.44,91.95,91.1801,91.54,81.0937024635057,169715,0.0,1.0
2014-12-24,91.26,91.68,90.9801,91.36,80.9342435772983,149818,0.0,1.0
2014-12-23,91.55,92.055,90.51,91.32,80.8988082692522,460061,0.0,1.0
2014-12-22,89.99,90.62,89.44,90.41,80.0926550112033,354582,0.0,1.0
2014-12-19,90.13,90.782,89.64,89.88,79.6231371795925,657850,0.0,1.0
2014-12-18,90.17,90.575,89.46,90.32,80.0129255680996,471219,0.0,1.0
2014-12-17,86.78,89.26,86.09,89.01,78.8524192295898,702184,0.0,1.0
2014-12-16,85.83,87.645,85.83,86.36,76.5048300715355,563945,0.0,1.0
2014-12-15,86.5,86.95,85.81,86.2,76.363088839351,497094,0.0,1.0
2014-12-12,86.27,86.99,85.75,86.01,76.1947711261321,463144,0.0,1.0
2014-12-11,86.72,88.29,86.55,86.85,76.9389125951002,231817,0.0,1.0
2014-12-10,88.13,88.13,86.21,86.56,76.682006611766,191763,0.0,1.0
2014-12-09,87.35,88.33,87.09,88.27,78.1968660307368,300528,0.0,1.0
2014-12-08,89.51,90.02,88.06,88.4,78.3120307818867,193989,0.0,1.0
2014-12-05,89.91,90.09,89.09,89.81,79.5611253905118,157168,0.0,1.0
2014-12-04,89.75,89.8,88.83,89.55,79.3307958882121,210333,0.0,1.0
2014-12-03,89.0,90.23,88.6274,90.11,79.8268902008576,194968,0.0,1.0
2014-12-02,88.41,89.07,88.37,88.88,78.7372544784399,222156,0.0,1.0
2014-12-01,89.27,89.63,87.97,88.28,78.2057248577484,312676,0.0,1.0
2014-11-28,90.74,90.87,89.19,89.4,79.1979134830392,213854,0.0,1.0
2014-11-26,91.03,91.18,90.27,90.74,80.3849963025837,182250,0.0,1.0
2014-11-25,91.14,91.71,90.415,90.68,80.3318433405145,280251,0.0,1.0
2014-11-24,89.87,91.22,89.64,90.95,80.5710316698257,552296,0.0,1.0
2014-11-21,91.5,91.89,90.18,90.2,79.9066196439613,486262,0.0,1.0
2014-11-20,89.54,90.7699,89.4,90.65,80.30526685948,196441,0.0,1.0
2014-11-19,90.38,90.86,89.27,90.27,79.968631433042,235567,0.0,1.0
2014-11-18,89.66,90.62,89.63,90.43,80.1103726652264,363493,0.0,1.0
2014-11-17,88.99,90.12,88.86,89.8,79.5522665635003,253764,0.25,1.0
2014-11-14,89.6,90.28,88.81,89.6,79.1547260865033,231035,0.0,1.0
2014-11-13,90.37,90.49,89.38,89.83,79.3579134414129,213657,0.0,1.0
2014-11-12,88.82,90.67,88.82,90.16,79.649443124544,452249,0.0,1.0
2014-11-11,89.02,89.455,88.54,89.3,78.8896991018387,331289,0.0,1.0
2014-11-10,88.87,89.3899,88.47,89.09,78.7041802125734,230468,0.0,1.0
2014-11-07,89.21,89.4,88.444,88.75,78.4038162966202,370419,0.0,1.0
2014-11-06,89.0,89.455,88.37,89.03,78.6511748156405,361361,0.0,1.0
2014-11-05,88.14,89.21,88.14,88.98,78.6070036515298,266939,0.0,1.0
2014-11-04,88.47,88.98,87.6,88.0,77.7412488349586,366757,0.0,1.0
2014-11-03,88.87,89.44,88.18,88.59,78.2624685714657,363044,0.0,1.0
2014-10-31,88.95,88.95,87.91,88.88,78.5186613233082,346046,0.0,1.0
2014-10-30,87.07,88.35,86.74,88.04,77.7765857662472,158561,0.0,1.0
2014-10-29,87.76,87.91,86.57,87.42,77.2288633312737,245063,0.0,1.0
2014-10-28,85.65,87.6,85.65,87.52,77.3172056594952,248247,0.0,1.0
2014-10-27,85.34,85.57,84.49,85.53,75.5591933278865,244608,0.0,1.0
2014-10-24,85.13,85.93,84.61,85.68,75.6917068202188,2380205,0.0,1.0
2014-10-23,84.52,85.53,84.05,84.95,75.0468078242015,548640,0.0,1.0
2014-10-22,86.19,86.2545,83.3,83.5,73.7658440649891,890290,0.0,1.0
2014-10-21,83.34,86.28,83.0,85.77,75.7712149156182,1098582,0.0,1.0
2014-10-20,77.87,79.19,77.73,79.07,69.8522789247748,346184,0.0,1.0
2014-10-17,78.0,78.89,77.56,78.37,69.2338826272239,807927,0.0,1.0
2014-10-16,75.61,77.68,75.61,77.29,68.2797854824313,555865,0.0,1.0
2014-10-15,75.36,77.56,75.1,76.94,67.9705873336559,453483,0.0,1.0
2014-10-14,76.54,77.54,75.98,76.77,67.8204053756792,401301,0.0,1.0
2014-10-13,77.06,77.72,76.135,76.21,67.3256883376386,484341,0.0,1.0
2014-10-10,77.71,78.22,76.75,76.99,68.0147584977666,536035,0.0,1.0
2014-10-09,79.04,79.36,77.46,77.52,68.4829728373408,564696,0.0,1.0
2014-10-08,75.43,79.225,75.33,79.04,69.8257762263083,1637990,0.0,1.0
2014-10-07,78.02,78.09,74.69,74.84,66.1153984410034,1712482,0.0,1.0
2014-10-06,78.93,78.93,78.16,78.45,69.3045564898012,239672,0.0,1.0
2014-10-03,78.6,79.04,78.045,78.53,69.3752303523784,207348,0.0,1.0
2014-10-02,78.24,78.69,77.32,78.14,69.0306952723144,254315,0.0,1.0
2014-10-01,80.07,80.43,78.12,78.48,69.3310591882676,483318,0.0,1.0
2014-09-30,80.76,80.98,80.07,80.38,71.009563424477,398150,0.0,1.0
2014-09-29,79.39,80.725,79.39,80.7,71.2922588747859,215997,0.0,1.0
2014-09-26,79.96,80.53,79.52,80.47,71.0890715198764,220370,0.0,1.0
2014-09-25,80.77,80.975,79.76,80.0,70.6738625772351,213169,0.0,1.0
2014-09-24,81.26,81.4,80.72,81.12,71.6632966533164,220765,0.0,1.0
2014-09-23,81.11,81.76,80.87,81.07,71.6191254892056,216426,0.0,1.0
2014-09-22,82.69,82.69,81.49,81.58,72.0696713631355,189950,0.0,1.0
2014-09-19,83.4,83.94,82.77,82.8,73.1474477674383,278800,0.0,1.0
2014-09-18,83.63,83.63,83.08,83.28,73.5714909429017,92200,0.0,1.0
2014-09-17,83.36,84.07,82.78,83.2,73.5008170803245,160700,0.0,1.0
2014-09-16,82.63,83.73,82.63,83.32,73.6068278741904,250700,0.0,1.0
2014-09-15,83.03,83.37,82.44,82.99,73.3152981910593,97900,0.0,1.0
2014-09-12,83.82,83.82,82.9,82.99,73.3152981910593,124700,0.0,1.0
2014-09-11,82.83,83.87,82.76,83.72,73.9601971870765,154500,0.0,1.0
2014-09-10,83.14,83.7,82.79,83.27,73.5626567100796,136100,0.0,1.0
2014-09-09,83.58,83.94,83.01,83.26,73.5538224772574,151800,0.0,1.0
2014-09-08,83.68,84.1,83.17,83.58,73.8365179275664,133600,0.0,1.0
2014-09-05,83.48,83.79,82.95,83.76,73.9955341183652,117500,0.0,1.0
2014-09-04,83.14,84.1,82.81,83.41,73.6863359695897,165000,0.0,1.0
2014-09-03,83.5,83.65,82.73,83.16,73.4654801490359,107200,0.0,1.0
2014-09-02,82.96,83.96,82.45,83.34,73.6244963398347,212600,0.0,1.0
2014-08-29,82.48,83.01,82.205,82.9,73.2357900956599,116500,0.0,1.0
2014-08-28,82.38,82.77,81.9,82.46,72.8470838514851,119600,0.0,1.0
2014-08-27,82.89,83.34,82.47,82.52,72.900089248418,176500,0.0,1.0
2014-08-26,83.47,83.878,82.6,82.71,73.0679396720389,223600,0.0,1.0
2014-08-25,83.5,83.53,83.08,83.26,73.5538224772574,99500,0.0,1.0
2014-08-22,82.98,83.4,82.47,83.19,73.4919828475024,242300,0.0,1.0
2014-08-21,82.56,83.2,81.97,83.03,73.3506351223479,190200,0.0,1.0
2014-08-20,81.99,82.58,81.89,82.46,72.8470838514851,153900,0.0,1.0
2014-08-19,82.12,82.392,81.93,82.25,72.6615649622198,349700,0.0,1.0
2014-08-18,81.92,82.47,81.695,81.85,72.3081956493337,413000,0.0,1.0
2014-08-15,82.02,82.24,80.34,81.19,71.7251362830715,242300,0.0,1.0
2014-08-14,81.45,81.79,81.1,81.73,72.2021848554678,117200,0.25,1.0
2014-08-13,81.51,81.97,81.21,81.47,71.7530129321171,169700,0.0,1.0
2014-08-12,80.95,81.47,80.87,81.32,71.6209035428963,176100,0.0,1.0
2014-08-11,81.96,81.96,81.09,81.15,71.4711795684461,244200,0.0,1.0
2014-08-08,81.23,81.64,80.82,81.53,71.8058566878055,143500,0.0,1.0
2014-08-07,81.02,81.4,80.44,80.98,71.3214555939959,208300,0.0,1.0
2014-08-06,80.46,81.41,80.25,80.96,71.3038410087665,177100,0.0,1.0
2014-08-05,80.32,81.24,80.11,80.7,71.0748514007838,238600,0.0,1.0
2014-08-04,80.16,80.96,79.62,80.91,71.2598045456929,350100,0.0,1.0
2014-08-01,79.92,80.42,78.93,80.11,70.5552211365153,488900,0.0,1.0
2014-07-31,81.27,81.57,79.815,80.02,70.4759555029829,355500,0.0,1.0
2014-07-30,82.0,82.4,81.53,81.76,72.008424417944,221700,0.0,1.0
2014-07-29,83.02,83.63,81.64,81.75,71.9996171253293,320700,0.0,1.0
2014-07-28,83.72,83.72,82.3706,83.04,73.1357578726281,270200,0.0,1.0
2014-07-25,83.32,84.32,83.02,83.85,73.8491485744203,272200,0.0,1.0
2014-07-24,83.85,84.25,83.13,83.82,73.8227266965761,300400,0.0,1.0
2014-07-23,82.91,84.1,82.505,83.8,73.8051121113467,320000,0.0,1.0
2014-07-22,85.88,85.986,82.83,82.88,72.9948411907925,534400,0.0,1.0
2014-07-21,86.01,86.25,85.38,85.78,75.5489560490611,346600,0.0,1.0
2014-07-18,85.29,86.55,85.22,86.47,76.1566592394767,175444,0.0,1.0
2014-07-17,85.53,85.99,85.01,85.21,75.0469403700221,87495,0.0,1.0
2014-07-16,86.27,86.49,85.32,86.15,75.8748258758057,361400,0.0,1.0
2014-07-15,86.67,86.92,85.665,86.05,75.7867529496585,216000,0.0,1.0
2014-07-14,86.48,86.72,86.26,86.53,76.209502995165,118400,0.0,1.0
2014-07-11,85.72,86.16,85.25,86.11,75.8395967053468,153600,0.0,1.0
2014-07-10,85.11,85.98,85.03,85.74,75.5137268786022,205100,0.0,1.0
2014-07-09,86.37,86.82,86.18,86.54,76.2183102877798,245300,0.0,1.0
2014-07-08,86.65,86.65,85.76,86.19,75.9100550462646,245500,0.0,1.0
2014-07-07,87.81,87.9,86.52,86.74,76.3944561400741,316100,0.0,1.0
2014-07-03,88.0,88.36,87.75,87.82,77.3456437424638,184500,0.0,1.0
2014-07-02,87.31,87.92,87.05,87.72,77.2575708163166,303400,0.0,1.0
2014-07-01,86.76,87.97,86.76,87.49,77.0550030861781,793000,0.0,1.0
2014-06-30,85.65,86.66,85.49,86.62,76.2887686286975,346500,0.0,1.0
2014-06-27,85.18,86.03,85.18,85.75,75.5225341712169,341000,0.0,1.0
2014-06-26,85.82,86.2999,84.83,85.54,75.3375810263078,103500,0.0,1.0
2014-06-25,85.4,86.13,85.302,85.96,75.707487316126,134000,0.0,1.0
2014-06-24,86.22,86.71,85.325,85.43,75.2407008075459,146700,0.0,1.0
2014-06-23,86.54,86.62,86.17,86.29,75.9981279724118,173400,0.0,1.0
2014-06-20,86.63,86.73,86.18,86.37,76.0685863133295,425700,0.0,1.0
2014-06-19,86.34,86.5665,85.91,86.16,75.8836331684204,197500,0.0,1.0
2014-06-18,86.35,87.05,85.875,86.06,75.7955602422732,182900,0.0,1.0
2014-06-17,86.15,86.8,86.01,86.27,75.9805133871823,317900,0.0,1.0
2014-06-16,86.07,86.54,85.5,85.99,75.7339091939702,138400,0.0,1.0
2014-06-13,85.94,86.58,85.61,86.2,75.9188623388793,130600,0.0,1.0
2014-06-12,87.02,87.02,85.86,85.94,75.6898727308966,168000,0.0,1.0
2014-06-11,87.96,87.96,87.05,87.15,76.7555551372776,201600,0.0,1.0
2014-06-10,87.35,88.19,86.935,88.17,77.653898983979,451400,0.0,1.0
2014-06-09,86.31,87.48,86.31,87.32,76.9052791117279,165200,0.0,1.0
2014-06-06,85.99,86.45,85.99,86.44,76.1302373616326,193100,0.0,1.0
2014-06-05,84.84,86.01,84.69,85.94,75.6898727308966,146600,0.0,1.0
2014-06-04,84.79,84.89,84.68,84.83,74.7122632506628,105700,0.0,1.0
2014-06-03,84.6,85.09,84.46,84.91,74.7827215915805,150800,0.0,1.0
2014-06-02,84.72,85.206,83.98,84.9,74.7739142989658,316500,0.0,1.0
2014-05-30,84.61,85.01,84.51,84.86,74.7386851285069,172300,0.0,1.0
2014-05-29,85.17,85.27,84.44,84.68,74.580153861442,153900,0.0,1.0
2014-05-28,84.76,85.16,84.41,84.81,74.6946486654333,229200,0.0,1.0
2014-05-27,84.8,85.33,84.79,84.84,74.7210705432775,163000,0.0,1.0
2014-05-23,83.46,84.56,83.18,84.53,74.4480444722212,282500,0.0,1.0
2014-05-22,83.42,83.79,82.975,83.38,73.4352058215285,367800,0.0,1.0
2014-05-21,82.93,83.5,82.86,83.28,73.3471328953813,379900,0.0,1.0
2014-05-20,83.55,83.55,82.42,82.78,72.9067682646454,607700,0.0,1.0
2014-05-19,82.69,83.58,82.51,83.55,73.5849297959787,569400,0.0,1.0
2014-05-16,82.79,83.14,82.05,82.77,72.8979609720306,356000,0.22,1.0
2014-05-15,83.53,83.6,81.81,82.85,72.7749857396402,485300,0.0,1.0
2014-05-14,84.32,84.698,83.49,83.99,73.7763554891053,358200,0.0,1.0
2014-05-13,84.28,84.68,83.84,84.0,73.7851394342761,252700,0.0,1.0
2014-05-12,84.33,84.73,83.94,84.4,74.136497241106,244700,0.0,1.0
2014-05-09,83.72,83.97,83.02,83.69,73.5128371339829,267400,0.0,1.0
2014-05-08,83.51,84.49,83.29,83.85,73.6533802567149,300400,0.0,1.0
2014-05-07,82.93,83.81,82.26,83.77,73.5831086953489,291400,0.0,1.0
2014-05-06,82.48,83.02,81.705,82.85,72.7749857396402,345700,0.0,1.0
2014-05-05,82.28,82.94,81.9,82.78,72.7134981234449,289900,0.0,1.0
2014-05-02,82.66,83.56,82.18,82.71,72.6520105072497,210500,0.0,1.0
2014-05-01,82.63,83.23,81.85,82.63,72.5817389458837,351200,0.0,1.0
2014-04-30,82.0,82.43,81.4,82.25,72.2479490293953,324200,0.0,1.0
2014-04-29,81.04,82.14,80.9,82.02,72.0459182904682,406100,0.0,1.0
2014-04-28,82.25,82.51,80.01,80.99,71.1411719378812,571700,0.0,1.0
2014-04-25,82.25,82.6,81.73,82.1,72.1161898518341,239900,0.0,1.0
2014-04-24,83.25,83.25,81.62,82.28,72.2743008649076,605100,0.0,1.0
2014-04-23,83.06,83.72,82.2901,82.93,72.8452573010062,439500,0.0,1.0
2014-04-22,79.5,83.45,79.5,82.77,72.7047141782742,652600,0.0,1.0
2014-04-21,78.61,79.14,77.805,79.14,69.516142081293,374100,0.0,1.0
2014-04-17,78.56,79.21,78.34,78.46,68.9188338096822,183900,0.0,1.0
2014-04-16,78.06,78.97,77.93,78.53,68.9803214258774,239900,0.0,1.0
2014-04-15,76.97,77.97,76.15,77.39,67.9789516764122,400200,0.0,1.0
2014-04-14,76.41,76.55,75.3,75.76,66.5471686135804,145000,0.0,1.0
2014-04-11,75.59,76.62,75.28,75.95,66.7140635718246,279500,0.0,1.0
2014-04-10,77.82,77.95,75.83,75.95,66.7140635718246,287400,0.0,1.0
2014-04-09,77.24,78.22,76.29,78.06,68.5674760028523,194200,0.0,1.0
2014-04-08,77.66,77.89,76.71,77.03,67.6627296502653,266600,0.0,1.0
2014-04-07,78.47,79.19,77.12,77.61,68.1721984701687,205900,0.0,1.0
2014-04-04,80.7,80.7,78.29,78.77,69.1911361099753,173500,0.0,1.0
2014-04-03,80.44,80.7,79.62,80.03,70.2979132014895,142000,0.0,1.0
2014-04-02,79.74,80.5,79.7,80.21,70.4560242145629,201500,0.0,1.0
2014-04-01,79.6,79.89,78.83,79.81,70.104666407733,270200,0.0,1.0
2014-03-31,78.01,79.45,77.63,79.34,69.6918209847079,269300,0.0,1.0
2014-03-28,78.09,78.43,77.57,77.79,68.3303094832421,329300,0.0,1.0
2014-03-27,78.16,78.545,77.7,77.91,68.4357168252911,189400,0.0,1.0
2014-03-26,79.73,79.73,78.24,78.26,68.7431549062672,347300,0.0,1.0
2014-03-25,78.14,78.94,78.01,78.76,69.1823521648046,256100,0.0,1.0
2014-03-24,79.24,79.68,77.54,77.87,68.4005810446081,210500,0.0,1.0
2014-03-21,79.91,80.56,78.98,79.08,69.4634384102685,647000,0.0,1.0
2014-03-20,78.57,79.4,77.98,79.21,69.5776296974882,349300,0.0,1.0
2014-03-19,78.96,79.68,78.35,78.7,69.1296484937801,361400,0.0,1.0
2014-03-18,78.3,79.5,78.16,79.31,69.6654691491957,433400,0.0,1.0
2014-03-17,78.44,79.46,78.19,78.2,68.6904512352427,214600,0.0,1.0
2014-03-14,77.46,78.36,77.35,78.02,68.5323402221693,148700,0.0,1.0
2014-03-13,79.2,79.775,77.64,77.71,68.2600379218761,216500,0.0,1.0
2014-03-12,78.34,79.23,78.07,78.98,69.375598958561,269200,0.0,1.0
2014-03-11,79.49,79.73,78.44,78.67,69.1032966582679,107300,0.0,1.0
2014-03-10,79.95,79.95,79.07,79.49,69.8235801622691,120100,0.0,1.0
2014-03-07,79.93,80.45,79.48,80.18,70.4296723790507,217900,0.0,1.0
2014-03-06,79.53,79.85,79.28,79.65,69.9641232850011,262500,0.0,1.0
2014-03-05,79.62,80.39,79.14,79.24,69.6039815330005,173600,0.0,1.0
2014-03-04,80.27,80.57,79.67,79.75,70.0519627367085,273600,0.0,1.0
2014-03-03,78.5,79.86,78.28,79.21,69.5776296974882,342700,0.0,1.0
2014-02-28,78.74,79.97,78.655,79.32,69.6742530943664,275900,0.0,1.0
2014-02-27,78.33,79.07,77.73,78.82,69.2350558358291,190300,0.0,1.0
2014-02-26,77.28,78.63,77.07,78.5,68.9539695903652,287800,0.0,1.0
2014-02-25,77.44,78.18,76.84,77.1,67.7242172664606,216000,0.0,1.0
2014-02-24,77.06,78.23,77.03,77.54,68.1107108539734,183800,0.0,1.0
2014-02-21,77.47,77.59,76.82,76.98,67.6188099244116,156500,0.0,1.0
2014-02-20,77.11,77.54,76.48,77.45,68.0316553474367,171800,0.0,1.0
2014-02-19,77.3,77.87,76.86,76.87,67.5221865275334,118500,0.0,1.0
2014-02-18,78.33,78.75,77.3,77.69,68.2424700315346,244400,0.0,1.0
2014-02-14,77.74,78.47,77.51,78.38,68.8485622483162,145900,0.0,1.0
2014-02-13,76.55,77.78,76.29,77.75,68.2951737025591,200900,0.22,1.0
2014-02-12,77.37,77.92,76.86,77.37,67.7696240780685,329200,0.0,1.0
2014-02-11,76.59,77.57,76.575,77.39,67.7871423988848,180400,0.0,1.0
2014-02-10,77.18,77.325,76.31,76.54,67.0426137641898,304200,0.0,1.0
2014-02-07,77.49,77.49,76.2,77.41,67.8046607197012,333900,0.0,1.0
2014-02-06,74.6,76.84,74.5,76.03,66.5958965833727,511800,0.0,1.0
2014-02-05,72.92,73.56,72.49,73.08,64.0119442629604,367300,0.0,1.0
2014-02-04,72.17,73.26,71.78,73.1,64.0294625837767,525500,0.0,1.0
2014-02-03,74.53,74.8,71.51,71.67,62.7769026454074,655500,0.0,1.0
2014-01-31,73.93,75.198,73.55,74.53,65.2820225221461,242100,0.0,1.0
2014-01-30,75.2,75.24,74.66,74.92,65.623629778065,187900,0.0,1.0
2014-01-29,74.88,75.63,74.44,74.67,65.4046507678606,267000,0.0,1.0
2014-01-28,74.98,75.63,74.9,75.51,66.1404202421475,245400,0.0,1.0
2014-01-27,76.0,76.3,74.36,74.74,65.4659648907178,412400,0.0,1.0
2014-01-24,78.11,78.2,75.74,75.75,66.3506400919437,203900,0.0,1.0
2014-01-23,78.33,78.91,78.16,78.85,69.0659798184787,254400,0.0,1.0
2014-01-22,79.39,79.46,78.87,79.01,69.2061263850096,316100,0.0,1.0
2014-01-21,79.02,79.52,78.8,79.15,69.3287546307241,396400,0.0,1.0
2014-01-17,78.5,78.77,78.01,78.55,68.8032050062334,626500,0.0,1.0
2014-01-16,78.17,78.69,77.86,78.51,68.7681683646007,349400,0.0,1.0
2014-01-15,77.72,78.25,77.61,78.2,68.4966343919472,644700,0.0,1.0
2014-01-14,77.26,77.83,76.98,77.67,68.0323988903138,715100,0.0,1.0
2014-01-13,78.35,78.46,76.65,76.95,67.401739340925,365600,0.0,1.0
2014-01-10,78.09,78.51,77.74,78.28,68.5667076752126,313700,0.0,1.0
2014-01-09,78.75,78.95,77.5,77.78,68.1287496548038,710500,0.0,1.0
2014-01-08,78.37,79.01,77.88,78.85,69.0659798184787,424000,0.0,1.0
2014-01-07,78.62,78.81,78.03,78.54,68.7944458458253,364100,0.0,1.0
2014-01-06,78.79,79.02,78.19,78.32,68.6017443168453,346300,0.0,1.0
2014-01-03,78.76,79.1,78.075,78.4,68.6718176001108,285900,0.0,1.0
2014-01-02,79.38,79.71,78.285,78.53,68.7856866854171,401300,0.0,1.0
2013-12-31,79.72,79.82,79.16,79.4,69.5477336409285,227500,0.0,1.0
2013-12-30,79.2,79.78,79.08,79.55,69.6791210470512,201500,0.0,1.0
2013-12-27,79.41,79.83,78.65,79.44,69.5827702825612,155300,0.0,1.0
2013-12-26,79.63,79.77,78.86,79.5,69.6353252450103,131800,0.0,1.0
2013-12-24,79.06,80.209,78.345,79.62,69.7404351699084,104200,0.0,1.0
2013-12-23,78.9,79.06,78.42,78.79,69.0134248560297,323200,0.0,1.0
2013-12-20,77.75,78.62,77.6,78.4,68.6718176001108,483400,0.0,1.0
2013-12-19,77.51,77.73,77.09,77.49,67.8747340029666,225300,0.0,1.0
2013-12-18,75.99,77.61,75.755,77.59,67.9623256070484,299000,0.0,1.0
2013-12-17,75.75,76.342,75.58,75.97,66.5433416209237,219400,0.0,1.0
2013-12-16,75.59,76.14,75.45,75.94,66.5170641396991,336900,0.0,1.0
2013-12-13,74.72,75.15,74.39,75.14,65.8163313070449,347600,0.0,1.0
2013-12-12,73.57,74.68,73.57,74.57,65.3170591637788,359900,0.0,1.0
2013-12-11,74.87,74.9699,73.38,73.57,64.4411431229611,333400,0.0,1.0
2013-12-10,75.28,75.75,74.84,74.85,65.5623156552078,256500,0.0,1.0
2013-12-09,74.86,75.7,74.82,75.56,66.1842160441884,203700,0.0,1.0
2013-12-06,74.5,75.14,74.2,75.03,65.719980542555,170700,0.0,1.0
2013-12-05,73.35,73.7,73.01,73.69,64.5462530478592,185300,0.0,1.0
2013-12-04,72.46,73.61,72.22,73.51,64.388588160512,310900,0.0,1.0
2013-12-03,72.5,72.88,72.22,72.82,63.7842060923478,157900,0.0,1.0
2013-12-02,73.48,74.16,72.51,72.83,63.7929652527559,270500,0.0,1.0
2013-11-29,73.53,73.86,73.2,73.51,64.388588160512,101500,0.0,1.0
2013-11-27,73.66,73.66,72.88,73.4,64.2922373960221,130100,0.0,1.0
2013-11-26,72.74,73.67,72.42,73.53,64.4061064813284,245800,0.0,1.0
2013-11-25,73.24,73.52,72.64,72.89,63.845520215205,118400,0.0,1.0
2013-11-22,73.05,73.18,72.67,73.15,64.0732583858176,164100,0.0,1.0
2013-11-21,72.89,73.098,72.35,73.05,63.9856667817359,287000,0.0,1.0
2013-11-20,72.41,72.83,71.94,72.47,63.4776354780616,169100,0.0,1.0
2013-11-19,72.7,73.13,72.22,72.5,63.5039129592861,164500,0.0,1.0
2013-11-18,73.62,73.88,72.62,72.73,63.7053736486742,364400,0.0,1.0
2013-11-15,73.21,73.64,72.61,73.34,64.239682433573,211600,0.22,1.0
2013-11-14,73.39,73.59,72.74,73.16,63.8903638776536,108300,0.0,1.0
2013-11-13,72.14,73.19,72.14,73.16,63.8903638776536,227400,0.0,1.0
2013-11-12,72.9,72.9,72.02,72.63,63.4275167910604,283000,0.0,1.0
2013-11-11,72.9,73.06,72.49,72.9,63.663306816306,225100,0.0,1.0
2013-11-08,72.13,73.64,72.11,73.04,63.7855683108778,339600,0.0,1.0
2013-11-07,73.65,74.04,72.33,72.33,63.1655278741209,356500,0.0,1.0
2013-11-06,73.2,73.78,72.66,73.56,64.239682433573,188400,0.0,1.0
2013-11-05,74.11,74.29,72.79,73.0,63.7506364552859,387700,0.0,1.0
2013-11-04,73.19,74.74,72.89,74.59,65.1391777150654,338200,0.0,1.0
2013-11-01,72.67,73.0,71.91,72.84,63.6109090329181,286400,0.0,1.0
2013-10-31,72.16,73.3,72.09,72.68,63.4711816105504,214100,0.0,1.0
2013-10-30,72.52,73.42,72.22,72.5,63.3139882603867,262600,0.0,1.0
2013-10-29,72.35,72.815,71.97,72.74,63.5235793939383,332000,0.0,1.0
2013-10-28,72.76,72.88,71.87,72.34,63.1742608380189,246700,0.0,1.0
2013-10-25,72.43,72.99,71.96,72.76,63.5410453217343,169800,0.0,1.0
2013-10-24,72.57,72.936,72.18,72.44,63.2615904769987,300700,0.0,1.0
2013-10-23,73.16,73.59,72.14,72.31,63.148061946325,415700,0.0,1.0
2013-10-22,71.75,74.9,70.5,73.61,64.2833472530629,680600,0.0,1.0
2013-10-21,71.97,72.66,71.7101,71.94,62.8249422820995,237000,0.0,1.0
2013-10-18,70.95,72.18,70.95,72.04,62.9122719210794,304800,0.0,1.0
2013-10-17,70.26,70.96,70.19,70.85,61.8730492172192,224300,0.0,1.0
2013-10-16,70.65,71.02,70.26,70.5,61.5673954807898,190400,0.0,1.0
2013-10-15,71.28,71.28,70.35,70.43,61.5062647335039,217600,0.0,1.0
2013-10-14,70.35,71.5,70.35,71.35,62.3096974121184,229000,0.0,1.0
2013-10-11,69.72,70.925,69.72,70.91,61.9254470006071,227800,0.0,1.0
2013-10-10,69.48,70.11,69.36,69.86,61.0084857913188,141500,0.0,1.0
2013-10-09,68.49,69.11,67.98,68.76,60.0478597625405,406700,0.0,1.0
2013-10-08,69.04,69.72,68.052,68.44,59.768404917805,429200,0.0,1.0
2013-10-07,72.8,72.8,68.18,69.01,60.2661838599901,478200,0.0,1.0
2013-10-04,69.44,69.98,69.1238,69.65,60.8250935494611,348000,0.0,1.0
2013-10-03,69.75,70.28,68.8259,69.25,60.4757749935417,379700,0.0,1.0
2013-10-02,70.22,70.34,69.51,70.08,61.2006109970744,356900,0.0,1.0
2013-10-01,70.25,71.72,70.14,70.56,61.6197932641777,715200,0.0,1.0
2013-09-30,69.65,70.35,69.25,70.29,61.3840032389321,294900,0.0,1.0
2013-09-27,69.72,70.24,69.45,70.06,61.1831450692785,204800,0.0,1.0
2013-09-26,69.7,70.48,69.63,70.23,61.3316054555442,262200,0.0,1.0
2013-09-25,69.16,69.99,68.7,69.73,60.894957260645,358000,0.0,1.0
2013-09-24,69.02,69.42,68.87,69.0,60.2574508960921,315000,0.0,1.0
2013-09-23,69.7,69.766,68.71,69.05,60.301115715582,313500,0.0,1.0
2013-09-20,70.13,70.13,69.33,69.66,60.8338265133591,487200,0.0,1.0
2013-09-19,69.72,69.92,69.53,69.7,60.868758368951,190600,0.0,1.0
2013-09-18,69.8,69.8,69.02,69.5,60.6940990909913,431900,0.0,1.0
2013-09-17,69.4,70.21,69.0,69.71,60.877491332849,460800,0.0,1.0
2013-09-16,69.9,69.97,69.1,69.17,60.4059112823579,172500,0.0,1.0
2013-09-13,69.22,69.61,68.49,69.01,60.2661838599901,228800,0.0,1.0
2013-09-12,69.52,69.91,68.95,69.22,60.4495761018478,179700,0.0,1.0
2013-09-11,69.62,69.88,69.23,69.54,60.7290309465833,132400,0.0,1.0
2013-09-10,69.55,69.96,69.125,69.79,60.9473550440329,209800,0.0,1.0
2013-09-09,67.97,69.27,67.78,69.03,60.2836497877861,168500,0.0,1.0
2013-09-06,67.56,68.78,66.86,68.03,59.4103533979876,449000,0.0,1.0
2013-09-05,67.02,67.49,66.61,66.83,58.3623977302295,547400,0.0,1.0
2013-09-04,66.73,67.2,66.57,67.08,58.5807218276791,181100,0.0,1.0
2013-09-03,67.34,67.93,65.85,66.67,58.2226703078618,570600,0.0,1.0
2013-08-30,67.4,67.4,66.44,66.6,58.1615395605759,216700,0.0,1.0
2013-08-29,67.13,67.89,66.8136,67.3,58.7728470334348,113700,0.0,1.0
2013-08-28,67.05,67.5,67.0,67.15,58.641852574965,166700,0.0,1.0
2013-08-27,67.6,68.06,66.84,66.9,58.4235284775154,323500,0.0,1.0
2013-08-26,68.2,68.81,68.06,68.4,59.7334730622131,206700,0.0,1.0
2013-08-23,68.28,68.72,67.6906,68.31,59.6548763871312,97700,0.0,1.0
2013-08-22,67.18,68.72,67.18,68.19,59.5500808203554,102100,0.0,1.0
2013-08-21,67.4,67.7,66.77,67.04,58.5457899720872,211100,0.0,1.0
2013-08-20,67.06,67.7,66.82,67.5,58.9475063113945,192200,0.0,1.0
2013-08-19,66.98,67.35,66.726,66.99,58.5021251525973,287800,0.0,1.0
2013-08-16,67.25,67.57,66.79,66.97,58.4846592248013,226700,0.0,1.0
2013-08-15,67.62,67.72,66.708,67.09,58.5894547915771,254100,0.0,1.0
2013-08-14,68.56,68.85,67.92,68.06,59.4365522896816,161900,0.0,1.0
2013-08-13,68.1,68.986,67.77,68.47,59.794603809499,198200,0.22,1.0
2013-08-12,67.94,68.59,67.83,68.51,59.6379139174374,209500,0.0,1.0
2013-08-09,68.27,68.64,67.77,68.3,59.4551090433655,215500,0.0,1.0
2013-08-08,68.09,68.84,67.89,68.32,59.4725190313724,334900,0.0,1.0
2013-08-07,68.02,68.52,67.67,67.73,58.9589243851705,286700,0.0,1.0
2013-08-06,68.61,68.88,68.05,68.28,59.4376990553587,292700,0.0,1.0
2013-08-05,69.27,69.46,68.77,68.9,59.9774086835708,277800,0.0,1.0
2013-08-02,68.91,69.48,68.57,69.39,60.4039533897384,269000,0.0,1.0
2013-08-01,68.79,69.97,68.31,69.25,60.2820834736905,590500,0.0,1.0
2013-07-31,67.12,68.04,67.04,67.74,58.967629379174,530300,0.0,1.0
2013-07-30,67.49,67.81,66.87,67.06,58.3756897869413,242600,0.0,1.0
2013-07-29,67.21,67.5,66.42,67.0,58.3234598229208,495700,0.0,1.0
2013-07-26,67.85,67.98,67.29,67.53,58.7848245051021,297600,0.0,1.0
2013-07-25,67.46,68.32,67.1,68.12,59.298419151304,674500,0.0,1.0
2013-07-24,69.58,69.74,67.52,67.92,59.1243192712355,583100,0.0,1.0
2013-07-23,64.18,68.45,63.16,68.1,59.2810091632971,1139100,0.0,1.0
2013-07-22,66.3,66.67,65.86,66.18,57.6096503146403,394700,0.0,1.0
2013-07-19,65.37,66.8,65.04,66.31,57.7228152366848,977900,0.0,1.0
2013-07-18,65.0,66.02,64.84,65.66,57.1569906264624,258900,0.0,1.0
2013-07-17,64.97,65.22,64.58,64.98,56.5650510342298,544800,0.0,1.0
2013-07-16,65.28,65.5,64.64,64.7,56.321311202134,365600,0.0,1.0
2013-07-15,64.88,65.43,64.61,65.32,56.8610208303461,369800,0.0,1.0
2013-07-12,64.72,65.11,64.08,64.88,56.4780010941956,315200,0.0,1.0
2013-07-11,65.38,65.5,64.77,64.86,56.4605911061887,301600,0.0,1.0
2013-07-10,64.57,64.92,64.16,64.64,56.2690812381135,223300,0.0,1.0
2013-07-09,63.66,64.97,63.32,64.57,56.2081462800895,544300,0.0,1.0
2013-07-08,63.32,63.65,63.07,63.17,54.9894471196106,227100,0.0,1.0
2013-07-05,62.29,63.14,62.27,63.06,54.8936921855729,300700,0.0,1.0
2013-07-03,62.08,62.53,62.0,62.01,53.9796678152137,259200,0.0,1.0
2013-07-02,63.39,63.93,62.17,62.34,54.2669326173266,260500,0.0,1.0
2013-07-01,62.63,63.99,62.63,63.51,55.2854169157269,243900,0.0,1.0
2013-06-28,62.73,62.91,62.29,62.31,54.2408176353164,482200,0.0,1.0
2013-06-27,62.36,63.01,62.03,62.79,54.6586573474806,345400,0.0,1.0
2013-06-26,62.96,63.135,61.9,61.91,53.8926178751795,332800,0.0,1.0
2013-06-25,61.86,62.3,60.34,62.23,54.171177683289,604100,0.0,1.0
2013-06-24,62.27,62.38,61.24,61.4,53.448663181005,411400,0.0,1.0
2013-06-21,63.38,63.59,62.58,62.7,54.5803124014498,582500,0.0,1.0
2013-06-20,65.1,65.18,63.01,63.45,55.2331869517064,606700,0.0,1.0
2013-06-19,66.5,66.56,65.57,65.58,57.087350674435,193400,0.0,1.0
2013-06-18,66.08,66.735,65.855,66.5,57.8882101227498,343900,0.0,1.0
2013-06-17,66.3,66.42,65.66,66.06,57.5051903865992,420000,0.0,1.0
2013-06-14,66.14,66.25,65.79,65.97,57.4268454405684,171100,0.0,1.0
2013-06-13,65.05,66.35,64.85,66.15,57.58353533263,253100,0.0,1.0
2013-06-12,66.8,66.844,65.08,65.15,56.7130359322879,344200,0.0,1.0
2013-06-11,65.92,66.95,65.61,66.25,57.6705852726642,356200,0.0,1.0
2013-06-10,66.87,66.92,66.23,66.78,58.1319499548456,360500,0.0,1.0
2013-06-07,65.64,66.6,65.272,66.46,57.8533901467361,359000,0.0,1.0
2013-06-06,64.92,65.31,64.635,65.21,56.7652658963084,560400,0.0,1.0
2013-06-05,65.62,65.73,64.72,65.09,56.6608059682674,564400,0.0,1.0
2013-06-04,65.49,66.59,65.21,65.81,57.2875655365137,639000,0.0,1.0
2013-06-03,65.38,65.77,64.54,65.5,57.0177107224077,347600,0.0,1.0
2013-05-31,66.27,66.48,65.39,65.41,56.9393657763769,507000,0.0,1.0
2013-05-30,66.38,66.58,66.02,66.51,57.8969151167532,180400,0.0,1.0
2013-05-29,66.51,66.56,65.81,66.31,57.7228152366848,280300,0.0,1.0
2013-05-28,67.23,67.68,66.65,67.0,58.3234598229208,212500,0.0,1.0
2013-05-24,66.09,66.545,65.21,66.49,57.8795051287463,266000,0.0,1.0
2013-05-23,65.39,66.31,65.16,66.3,57.7141102426813,255100,0.0,1.0
2013-05-22,66.89,67.28,65.58,65.68,57.1744006144692,377000,0.0,1.0
2013-05-21,67.26,67.42,66.85,67.0,58.3234598229208,178000,0.0,1.0
2013-05-20,67.15,67.5,67.06,67.25,58.5410846730063,267200,0.0,1.0
2013-05-17,67.58,68.12,67.27,67.34,58.6194296190371,271200,0.0,1.0
2013-05-16,67.63,67.92,67.22,67.4,58.6716595830577,351200,0.2,1.0
2013-05-15,67.0,67.74,66.78,67.74,58.7931689372237,303100,0.0,1.0
2013-05-14,66.18,67.11,66.09,67.1,58.237697603893,110100,0.0,1.0
2013-05-13,66.24,66.43,65.7,66.19,57.4478868018134,302100,0.0,1.0
2013-05-10,66.0,66.54,65.89,66.52,57.7343017080621,108300,0.0,1.0
2013-05-09,66.43,66.48,65.85,66.0,57.2829812497308,217800,0.0,1.0
2013-05-08,66.53,66.9,66.21,66.59,57.7950563851451,213300,0.0,1.0
2013-05-07,65.92,66.79,65.72,66.52,57.7343017080621,220500,0.0,1.0
2013-05-06,65.36,66.02,65.25,65.8,57.109396458065,282100,0.0,1.0
2013-05-03,64.74,66.01,64.64,65.3,56.6754344789004,229800,0.0,1.0
2013-05-02,63.59,64.52,63.59,64.26,55.7727935622379,222800,0.0,1.0
2013-05-01,64.87,64.87,63.49,63.59,55.1912845101573,459900,0.0,1.0
2013-04-30,64.37,64.89,63.81,64.87,56.3022271768188,301700,0.0,1.0
2013-04-29,63.77,64.53,63.62,64.28,55.7901520414045,305500,0.0,1.0
2013-04-26,63.91,64.17,63.4,63.56,55.1652467914075,307900,0.0,1.0
2013-04-25,63.58,64.0,63.33,63.99,55.538454093489,338600,0.0,1.0
2013-04-24,65.49,65.5,61.03,63.52,55.1305298330743,1105500,0.0,1.0
2013-04-23,64.65,65.55,64.15,65.53,56.8750569893161,267800,0.0,1.0
2013-04-22,63.82,64.73,63.65,64.22,55.7380766039048,303900,0.0,1.0
2013-04-19,63.46,64.07,62.77,63.82,55.3909070205731,389400,0.0,1.0
2013-04-18,64.09,64.14,63.07,63.31,54.9482658018252,345700,0.0,1.0
2013-04-17,64.24,64.39,63.46,64.0,55.5471333330723,411800,0.0,1.0
2013-04-16,64.48,64.9,64.17,64.65,56.1112839059864,353300,0.0,1.0
2013-04-15,66.59,66.75,63.83,63.98,55.5297748539057,300500,0.0,1.0
2013-04-12,67.33,67.465,66.89,67.06,58.2029806455599,163300,0.0,1.0
2013-04-11,67.44,67.94,67.2,67.47,58.5588294684748,341400,0.0,1.0
2013-04-10,66.4,67.37,66.07,67.34,58.445999353892,305800,0.0,1.0
2013-04-09,66.55,66.63,65.88,66.09,57.3610944059805,300200,0.0,1.0
2013-04-08,65.91,66.54,65.62,66.35,57.5867546351461,199100,0.0,1.0
2013-04-05,65.52,66.06,64.68,65.98,57.2656227705643,268300,0.0,1.0
2013-04-04,65.71,66.19,65.44,65.95,57.2395850518144,365200,0.0,1.0
2013-04-03,67.15,67.26,65.21,65.76,57.0746794997318,633200,0.0,1.0
2013-04-02,67.7,68.09,66.83,66.92,58.0814712913938,305700,0.0,1.0
2013-04-01,67.56,67.95,67.21,67.46,58.5501502288916,306300,0.0,1.0
2013-03-28,67.35,68.07,67.23,67.79,58.8365651351402,376100,0.0,1.0
2013-03-27,67.055,67.54,66.73,67.17,58.2984522809761,290100,0.0,1.0
2013-03-26,67.78,68.08,67.34,67.48,58.5675087080581,213600,0.0,1.0
2013-03-25,68.31,68.47,67.18,67.52,58.6022256663913,331100,0.0,1.0
2013-03-22,67.99,68.34,67.8,68.05,59.0622253643058,166600,0.0,1.0
2013-03-21,67.76,68.14,67.37,67.77,58.8192066559736,297500,0.0,1.0
2013-03-20,69.01,69.27,68.1,68.5,59.452791145554,692500,0.0,1.0
2013-03-19,70.05,70.27,68.19,69.39,60.225243468467,498600,0.0,1.0
2013-03-18,69.25,70.5,69.15,69.86,60.6331677288818,425100,0.0,1.0
2013-03-15,69.7,70.0,69.14,69.51,60.3293943434665,564200,0.0,1.0
2013-03-14,69.95,70.55,69.85,69.85,60.6244884892985,235200,0.0,1.0
2013-03-13,69.31,69.71,69.15,69.62,60.4248659788827,97100,0.0,1.0
2013-03-12,69.74,69.9,68.94,69.17,60.0343001976346,190600,0.0,1.0
2013-03-11,69.44,70.0,69.365,69.74,60.5290168538823,207600,0.0,1.0
2013-03-08,68.68,69.575,68.625,69.33,60.1731680309673,236700,0.0,1.0
2013-03-07,68.29,68.73,68.09,68.21,59.2010931976385,160700,0.0,1.0
2013-03-06,68.45,68.915,67.86,68.26,59.244489395555,420600,0.0,1.0
2013-03-05,68.17,69.38,68.11,68.2,59.1924139580552,316400,0.0,1.0
2013-03-04,67.43,67.93,66.704,67.85,58.88864057264,272000,0.0,1.0
2013-03-01,67.43,67.8,66.32,67.72,58.7758104580572,446800,0.0,1.0
2013-02-28,67.99,68.46,67.63,67.87,58.9059990518066,362800,0.0,1.0
2013-02-27,66.41,68.28,66.41,68.0,59.0188291663894,187900,0.0,1.0
2013-02-26,66.38,66.72,65.95,66.6,57.8037356247284,283700,0.0,1.0
2013-02-25,67.95,67.95,65.97,65.99,57.2743020101475,450700,0.0,1.0
2013-02-22,67.1,67.69,66.82,67.68,58.741093499724,358600,0.0,1.0
2013-02-21,67.06,67.17,66.51,66.81,57.9859996559775,260400,0.0,1.0
2013-02-20,68.62,68.62,67.0103,67.19,58.3158107601427,279600,0.0,1.0
2013-02-19,68.29,68.87,67.82,68.72,59.6437344163864,333400,0.0,1.0
2013-02-15,67.49,68.0395,67.3401,67.98,59.0014706872228,214400,0.0,1.0
2013-02-14,67.16,67.75,67.11,67.49,58.5761879476414,169800,0.2,1.0
2013-02-13,67.36,67.85,67.17,67.67,58.558880756639,264600,0.0,1.0
2013-02-12,66.88,67.24,66.85,67.11,58.0742794085717,334400,0.0,1.0
2013-02-11,67.77,67.77,66.66,66.85,57.8492859255404,264000,0.0,1.0
2013-02-08,64.02,67.988,64.02,67.38,58.3079264871041,802100,0.0,1.0
2013-02-07,64.83,65.13,64.57,64.82,56.0926060387962,398000,0.0,1.0
2013-02-06,64.56,65.1,64.41,64.8,56.0752988477938,254900,0.0,1.0
2013-02-05,65.35,65.64,64.5799,64.66,55.954148510777,323200,0.0,1.0
2013-02-04,64.97,65.24,64.69,65.08,56.3175995218275,327800,0.0,1.0
2013-02-01,64.67,65.43,64.24,65.28,56.4906714318516,278900,0.0,1.0
2013-01-31,64.17,64.39,63.825,64.15,55.5128151402157,389700,0.0,1.0
2013-01-30,64.06,64.23,63.67,64.08,55.4522399717072,506000,0.0,1.0
2013-01-29,63.33,64.22,63.33,64.1,55.4695471627096,202400,0.0,1.0
2013-01-28,63.91,63.91,63.22,63.57,55.0109066011459,176000,0.0,1.0
2013-01-25,63.4,63.67,63.05,63.64,55.0714817696543,173200,0.0,1.0
2013-01-24,62.92,63.78,62.52,63.14,54.6388019945942,191800,0.0,1.0
2013-01-23,62.57,62.9,62.44,62.77,54.3186189610497,139200,0.0,1.0
2013-01-22,61.85,62.69,61.7,62.58,54.1542006465268,275600,0.0,1.0
2013-01-18,61.64,61.76,61.06,61.7,53.392684242421,747600,0.0,1.0
2013-01-17,61.55,61.75,61.12,61.5,53.2196123323969,453700,0.0,1.0
2013-01-16,60.7,61.2299,60.35,61.13,52.8994292988524,269800,0.0,1.0
2013-01-15,59.9,60.89,59.86,60.7,52.5273246923007,275400,0.0,1.0
2013-01-14,60.11,60.39,59.6725,60.28,52.1638736812502,331800,0.0,1.0
2013-01-11,59.98,60.868,59.19,60.31,52.1898344677538,713800,0.0,1.0
2013-01-10,60.2,60.33,59.19,59.75,51.7052331196864,594900,0.0,1.0
2013-01-09,59.64,60.0,59.2,59.77,51.7225403106889,583600,0.0,1.0
2013-01-08,59.68,60.01,59.25,59.51,51.4975468276576,276600,0.0,1.0
2013-01-07,60.29,60.36,59.66,59.93,51.8609978387081,275800,0.0,1.0
2013-01-04,60.5,60.64,60.14,60.55,52.3975207597827,151300,0.0,1.0
2013-01-03,60.44,61.03,60.102,60.56,52.4061743552839,501100,0.0,1.0
2013-01-02,60.1,60.48,59.56,60.48,52.3369455912742,318600,0.0,1.0
2012-12-31,58.01,59.07,57.89,58.76,50.8485271650674,248100,0.0,1.0
2012-12-28,57.0802,58.18,57.0802,58.01,50.1995075024772,247300,0.0,1.0
2012-12-27,57.97,58.31,56.94,57.53,49.7841349184194,259100,0.0,1.0
2012-12-26,58.3,58.48,57.8525,58.03,50.2168146934796,123000,0.0,1.0
2012-12-24,57.25,58.56,57.1,58.25,50.407193794506,207400,0.0,1.0
2012-12-21,58.45,59.07,58.1,58.87,50.9437167155806,564200,0.0,1.0
2012-12-20,58.67,59.45,58.49,59.36,51.3677428951395,336800,0.0,1.0
2012-12-19,58.66,59.14,58.5,58.59,50.7014160415469,301400,0.0,1.0
2012-12-18,57.95,58.65,57.61,58.6,50.7100696370481,302000,0.0,1.0
2012-12-17,57.78,58.185,57.31,57.85,50.0610499744579,205700,0.0,1.0
2012-12-14,57.62,58.03,57.28,57.52,49.7754813229182,132000,0.0,1.0
2012-12-13,58.47,58.47,57.431,57.83,50.0437427834555,157600,0.0,1.0
2012-12-12,58.5,58.63,58.24,58.52,50.6408408730385,222200,0.0,1.0
2012-12-11,58.75,59.25,58.15,58.43,50.5629585135277,243000,0.0,1.0
2012-12-10,57.71,58.73,57.27,58.58,50.6927624460457,408200,0.0,1.0
2012-12-07,56.75,57.11,56.55,56.79,49.1437688513304,179600,0.0,1.0
2012-12-06,56.75,56.93,56.25,56.48,48.8755073907931,214400,0.0,1.0
2012-12-05,56.87,57.48,56.424,56.92,49.2562655928461,320500,0.0,1.0
2012-12-04,56.65,57.06,56.32,56.76,49.1178080648268,235200,0.0,1.0
2012-12-03,56.99,57.18,56.16,56.65,49.0226185143136,284400,0.0,1.0
2012-11-30,57.01,57.06,56.45,56.67,49.039925705316,379900,0.0,1.0
2012-11-29,56.25,57.38,55.91,56.97,49.2995335703521,270500,0.0,1.0
2012-11-28,55.6,56.28,55.31,56.07,48.5207099752438,265700,0.0,1.0
2012-11-27,56.11,56.69,55.94,55.96,48.4255204247306,246800,0.0,1.0
2012-11-26,55.28,56.2,55.28,56.09,48.5380171662462,389400,0.0,1.0
2012-11-23,54.94,55.66,54.85,55.66,48.1659125596945,182400,0.0,1.0
2012-11-21,54.29,55.04,54.29,54.56,47.2140170545622,170100,0.0,1.0
2012-11-20,54.33,54.655,53.93,54.21,46.9111412120201,342500,0.0,1.0
2012-11-19,54.27,55.06,54.07,54.4,47.075559526543,228200,0.0,1.0
2012-11-16,53.61,53.81,52.81,53.75,46.5130758189648,239200,0.0,1.0
2012-11-15,53.79,54.19,52.965,53.61,46.391925481948,226600,0.2,1.0
2012-11-14,55.59,55.71,53.91,53.99,46.5471112575798,227800,0.0,1.0
2012-11-13,54.9,56.11,54.8,55.4,47.7627331666961,168400,0.0,1.0
2012-11-12,55.79,55.82,55.01,55.39,47.7541117347166,236800,0.0,1.0
2012-11-09,54.64,55.95,54.43,55.67,47.9955118301439,226300,0.0,1.0
2012-11-08,55.76,55.92,54.71,54.89,47.3230401357391,310000,0.0,1.0
2012-11-07,57.4,57.4,54.8,55.98,48.2627762215099,210900,0.0,1.0
2012-11-06,56.82,57.45,56.55,56.91,49.0645693956078,209600,0.0,1.0
2012-11-05,55.92,56.78,55.83,56.65,48.8404121641396,157500,0.0,1.0
2012-11-02,57.14,57.23,55.65,55.78,48.0903475819189,348500,0.0,1.0
2012-11-01,55.67,57.52,55.18,56.99,49.1335408514442,501100,0.0,1.0
2012-10-31,55.0,55.94,54.61,55.55,47.8920546463893,280600,0.0,1.0
2012-10-26,55.0,55.0,54.17,54.93,47.3575258636573,477300,0.0,1.0
2012-10-25,54.36,54.98,54.25,54.75,47.2023400880255,324500,0.0,1.0
2012-10-24,53.95,54.91,53.53,54.1,46.6419470093549,527500,0.0,1.0
2012-10-23,50.64,54.14,49.65,53.82,46.4005469139275,863600,0.0,1.0
2012-10-22,51.62,52.14,50.95,51.1,44.0555174154904,482400,0.0,1.0
2012-10-19,53.16,53.33,51.59,51.64,44.521074742386,928900,0.0,1.0
2012-10-18,53.81,53.832,51.5,53.31,45.9608538829706,540200,0.0,1.0
2012-10-17,53.57,54.06,53.43,53.88,46.4522755058048,224400,0.0,1.0
2012-10-16,52.96,53.64,52.8818,53.53,46.1505253865206,256200,0.0,1.0
2012-10-15,52.19,52.81,51.77,52.77,45.495296556075,240800,0.0,1.0
2012-10-12,52.26,52.77,51.73,51.88,44.7279891098952,243700,0.0,1.0
2012-10-11,52.34,52.6,52.0701,52.44,45.2107893007499,308700,0.0,1.0
2012-10-10,52.07,52.34,51.72,51.89,44.7366105418747,261100,0.0,1.0
2012-10-09,52.86,52.92,51.65,52.06,44.8831748855271,347000,0.0,1.0
2012-10-08,52.87,53.5375,52.75,53.35,45.9953396108887,181900,0.0,1.0
2012-10-05,52.98,53.61,52.86,53.22,45.8832609951546,200100,0.0,1.0
2012-10-04,52.74,52.88,52.36,52.71,45.4435679641977,246900,0.0,1.0
2012-10-03,52.71,53.01,52.21,52.59,45.3401107804431,257800,0.0,1.0
2012-10-02,52.29,52.67,51.81,52.67,45.4090822362795,317000,0.0,1.0
2012-10-01,52.12,52.58,51.74,52.23,45.0297392291794,622300,0.0,1.0
2012-09-28,51.72,52.2,51.08,51.92,44.7624748378134,375400,0.0,1.0
2012-09-27,51.88,52.227,51.21,51.89,44.7366105418747,373800,0.0,1.0
2012-09-26,52.63,52.63,51.27,51.72,44.5900461982224,332900,0.0,1.0
2012-09-25,53.54,53.78,52.52,52.61,45.3573536444022,204900,0.0,1.0
2012-09-24,53.63,53.7399,52.97,53.31,45.9608538829706,186900,0.0,1.0
2012-09-21,55.4,55.47,53.89,53.93,46.4953826657025,549300,0.0,1.0
2012-09-20,51.86,54.93,51.72,54.86,47.2971758398005,641400,0.0,1.0
2012-09-19,52.79,52.85,51.9,52.32,45.1073321169953,449800,0.0,1.0
2012-09-18,53.67,53.796,52.75,52.98,45.6763466276455,340900,0.0,1.0
2012-09-17,55.07,55.07,53.74,53.74,46.3315754580911,260900,0.0,1.0
2012-09-14,55.27,55.56,54.69,55.19,47.5816830951256,476000,0.0,1.0
2012-09-13,54.02,55.41,53.66,55.03,47.4437401834528,366700,0.0,1.0
2012-09-12,54.0,54.275,53.77,54.02,46.5729755535185,125600,0.0,1.0
2012-09-11,53.57,53.9025,53.51,53.8,46.3833040499684,243100,0.0,1.0
2012-09-10,53.48,53.75,53.43,53.6,46.2108754103775,293800,0.0,1.0
2012-09-07,53.58,53.89,53.42,53.53,46.1505253865206,262100,0.0,1.0
2012-09-06,52.72,53.45,52.45,53.38,46.0212039068274,477200,0.0,1.0
2012-09-05,53.6,53.63,52.23,52.5,45.2625178926272,476900,0.0,1.0
2012-09-04,52.42,53.58,51.89,53.55,46.1677682504797,486500,0.0,1.0
2012-08-31,52.41,52.8488,51.85,52.34,45.1245749809544,245700,0.0,1.0
2012-08-30,51.8,52.07,51.145,51.91,44.7538534058338,176300,0.0,1.0
2012-08-29,52.14,52.27,51.26,52.1,44.9176606134452,219300,0.0,1.0
2012-08-28,52.31,52.69,51.75,52.08,44.9004177494861,186000,0.0,1.0
2012-08-27,52.85,52.95,52.32,52.38,45.1590607088726,326400,0.0,1.0
2012-08-24,52.0,52.76,51.57,52.62,45.3659750763817,188200,0.0,1.0
2012-08-23,52.4,52.58,51.9,51.98,44.8142034296907,137600,0.0,1.0
2012-08-22,52.55,53.21,52.2,52.58,45.3314893484635,289000,0.0,1.0
2012-08-21,52.19,53.0599,52.06,52.68,45.417703668259,276300,0.0,1.0
2012-08-20,52.2,52.3,51.634,52.07,44.8917963175066,239500,0.0,1.0
2012-08-17,51.79,52.39,51.51,52.2,45.0038749332407,250700,0.0,1.0
2012-08-16,51.64,51.93,51.25,51.7,44.5728033342633,151800,0.0,1.0
2012-08-15,50.95,51.58,50.6819,51.56,44.4521032865497,185800,0.2,1.0
2012-08-14,51.81,51.81,51.07,51.22,43.9883448674087,192500,0.0,1.0
2012-08-13,51.6,51.89,50.86,51.4,44.1429310071223,306700,0.0,1.0
2012-08-10,50.9,51.74,50.7515,51.59,44.306105265709,189200,0.0,1.0
2012-08-09,51.07,51.53,51.0,51.29,44.0484616995195,241000,0.0,1.0
2012-08-08,50.96,51.32,50.678,51.06,43.850934965441,278300,0.0,1.0
2012-08-07,50.77,51.7,50.71,51.09,43.8766993220599,275900,0.0,1.0
2012-08-06,49.68,50.52,49.5901,50.4,43.2841191198242,426700,0.0,1.0
2012-08-03,49.43,50.0,48.86,49.49,42.502600302383,552100,0.0,1.0
2012-08-02,48.93,48.9885,47.55,48.25,41.4376735621333,573100,0.0,1.0
2012-08-01,50.68,50.99,49.37,49.54,42.5455408967479,348100,0.0,1.0
2012-07-31,50.33,50.89,50.3,50.49,43.3614121896811,417200,0.0,1.0
2012-07-30,50.73,50.89,49.93,50.52,43.3871765463,295700,0.0,1.0
2012-07-27,50.17,51.12,49.82,50.82,43.6448201124894,294900,0.0,1.0
2012-07-26,51.21,51.43,49.25,49.83,42.7945963440643,600200,0.0,1.0
2012-07-25,50.79,50.92,49.36,50.23,43.1381210989835,458600,0.0,1.0
2012-07-24,52.51,52.58,48.77,50.38,43.2669428820783,1299600,0.0,1.0
2012-07-23,52.16,52.698,51.58,51.91,44.5809250696444,481700,0.0,1.0
2012-07-20,53.45,53.74,52.71,53.37,45.8347904250996,2059500,0.0,1.0
2012-07-19,54.13,54.39,53.38,53.76,46.1697270611458,506000,0.0,1.0
2012-07-18,52.64,53.93,52.4419,53.83,46.2298438932567,644900,0.0,1.0
2012-07-17,52.8,53.36,52.02,52.7,45.2593864606099,743800,0.0,1.0
2012-07-16,53.14,53.37,52.16,52.46,45.0532716076583,623700,0.0,1.0
2012-07-13,53.11,53.418,52.75,52.89,45.4225607191965,551200,0.0,1.0
2012-07-12,51.78,53.29,51.16,52.79,45.3366795304667,453400,0.0,1.0
2012-07-11,53.52,53.59,51.48,52.38,44.9845666566745,596100,0.0,1.0
2012-07-10,53.7,54.19,52.92,53.49,45.9378478515754,566600,0.0,1.0
2012-07-09,53.2,53.97,52.89,53.21,45.6973805231319,952900,0.0,1.0
2012-07-06,54.16,54.43,53.91,54.29,46.6248973614138,300400,0.0,1.0
2012-07-05,54.3,55.06,54.18,54.96,47.2003013259036,312000,0.0,1.0
2012-07-03,53.93,54.78,53.89,54.57,46.8653646898573,265500,0.0,1.0
2012-07-02,53.45,54.38,52.98,53.85,46.2470201310027,573400,0.0,1.0
2012-06-29,51.76,53.12,51.63,53.02,45.5342062645453,600500,0.0,1.0
2012-06-28,49.48,50.78,49.11,50.6,43.4558814972838,488300,0.0,1.0
2012-06-27,49.58,49.96,49.38,49.89,42.8461250573022,232400,0.0,1.0
2012-06-26,49.6,49.6,48.41,49.4,42.4253072325261,301100,0.0,1.0
2012-06-25,49.23,49.73,48.794,49.52,42.5283646590019,325700,0.0,1.0
2012-06-22,50.79,50.87,48.68,49.9,42.8547131761752,715300,0.0,1.0
2012-06-21,52.46,52.61,50.45,50.7,43.5417626860137,340700,0.0,1.0
2012-06-20,52.66,53.16,52.17,52.45,45.0446834887853,436900,0.0,1.0
2012-06-19,51.83,53.21,51.8,52.77,45.3195032927207,271900,0.0,1.0
2012-06-18,51.29,51.9,50.76,51.74,44.4349270488037,170800,0.0,1.0
2012-06-15,50.89,51.84,50.73,51.71,44.4091626921847,390800,0.0,1.0
2012-06-14,50.11,51.09,49.67,50.6,43.4558814972838,194000,0.0,1.0
2012-06-13,50.98,51.34,49.86,50.02,42.957770602651,179000,0.0,1.0
2012-06-12,50.69,51.27,50.15,51.23,43.9969329862816,198600,0.0,1.0
2012-06-11,51.78,51.78,50.02,50.34,43.2325904065863,444300,0.0,1.0
2012-06-08,50.47,51.53,50.03,51.1,43.8852874409329,439400,0.0,1.0
2012-06-07,51.73,52.12,50.51,50.57,43.4301171406649,350500,0.0,1.0
2012-06-06,49.55,50.88,49.55,50.86,43.6791725879814,419500,0.0,1.0
2012-06-05,48.35,49.31,48.0,49.21,42.2621329739395,256800,0.0,1.0
2012-06-04,49.84,50.12,47.8,48.69,41.8155507925445,389900,0.0,1.0
2012-06-01,50.6,50.75,49.45,49.81,42.7774201063184,533400,0.0,1.0
2012-05-31,53.4,53.4,51.52,51.98,44.6410419017552,861800,0.0,1.0
2012-05-30,54.09,54.21,53.04,53.36,45.8262023062266,421800,0.0,1.0
2012-05-29,55.07,55.57,54.74,54.89,47.1401844937927,352300,0.0,1.0
2012-05-25,55.12,55.12,53.88,54.23,46.573368648176,327400,0.0,1.0
2012-05-24,54.28,55.5,53.77,54.88,47.1315963749197,530500,0.0,1.0
2012-05-23,52.43,54.38,51.94,54.23,46.573368648176,518000,0.0,1.0
2012-05-22,52.48,53.4,52.424,53.22,45.7059686420049,351400,0.0,1.0
2012-05-21,51.3,52.54,50.8,52.4,45.0017428944204,321100,0.18,1.0
2012-05-18,51.54,52.16,51.27,51.38,43.9746966511092,377100,0.0,1.0
2012-05-17,53.37,53.59,51.2308,51.36,43.9575792137207,429800,0.0,1.0
2012-05-16,54.6,54.6,53.22,53.26,45.5837357656301,347200,0.0,1.0
2012-05-15,54.28,55.04,54.15,54.33,46.499518665916,266000,0.0,1.0
2012-05-14,54.0,54.75,53.52,54.32,46.4909599472217,220600,0.0,1.0
2012-05-11,53.79,55.31,53.79,54.65,46.7733976641323,252000,0.0,1.0
2012-05-10,54.66,55.8,54.07,54.37,46.533753540693,281600,0.0,1.0
2012-05-09,53.82,54.45,53.37,53.91,46.140052480757,210000,0.0,1.0
2012-05-08,54.1,54.81,53.29,54.69,46.8076325389093,238900,0.0,1.0
2012-05-07,53.96,54.93,53.96,54.61,46.7391627893553,235000,0.0,1.0
2012-05-04,54.73,55.0,53.842,54.21,46.3968140415849,301300,0.0,1.0
2012-05-03,56.02,56.11,54.7,55.19,47.2355684736224,331700,0.0,1.0
2012-05-02,55.93,56.18,55.41,56.03,47.9545008439402,257000,0.0,1.0
2012-05-01,54.88,56.67,54.55,56.03,47.9545008439402,634600,0.0,1.0
2012-04-30,55.61,55.73,54.76,55.06,47.124305130597,528100,0.0,1.0
2012-04-27,54.76,55.92,54.4,55.62,47.6035933774755,601100,0.0,1.0
2012-04-26,54.89,55.74,54.76,54.9,46.9873656314888,597400,0.0,1.0
2012-04-25,56.05,56.6,54.52,54.9,46.9873656314888,800400,0.0,1.0
2012-04-24,55.0,55.68,52.4,55.17,47.2184510362338,1546500,0.0,1.0
2012-04-23,49.5,49.8,48.82,49.77,42.5967429413333,510800,0.0,1.0
2012-04-20,50.32,50.97,50.08,50.46,43.1872945312373,283700,0.0,1.0
2012-04-19,50.66,50.94,49.94,50.0,42.7935934713013,305700,0.0,1.0
2012-04-18,50.74,51.15,50.45,50.61,43.3156753116512,262200,0.0,1.0
2012-04-17,50.67,51.51,50.54,51.04,43.6837002155044,223300,0.0,1.0
2012-04-16,50.19,50.79,49.45,50.2,42.9647678451865,219100,0.0,1.0
2012-04-13,50.8,50.9,49.66,49.77,42.5967429413333,190600,0.0,1.0
2012-04-12,49.7,51.37,49.64,51.13,43.7607286837527,206500,0.0,1.0
2012-04-11,49.51,49.76,49.232,49.65,42.4940383170022,106900,0.0,1.0
2012-04-10,50.81,50.81,48.68,48.79,41.7579885092958,344800,0.0,1.0
2012-04-09,50.82,51.04,50.22,50.9,43.5638781537847,220300,0.0,1.0
2012-04-05,51.73,52.41,51.52,51.83,44.3598389923509,147600,0.0,1.0
2012-04-04,51.66,52.05,51.06,51.89,44.4111913045165,158800,0.0,1.0
2012-04-03,51.79,52.89,51.79,52.43,44.8733621140065,414800,0.0,1.0
2012-04-02,49.84,52.4,49.7335,51.87,44.394073867128,448600,0.0,1.0
2012-03-30,50.66,50.66,49.92,49.92,42.7251237217472,156300,0.0,1.0
2012-03-29,49.79,50.41,49.44,50.17,42.9390916891037,156600,0.0,1.0
2012-03-28,50.58,50.59,49.56,50.27,43.0246788760463,188600,0.0,1.0
2012-03-27,50.21,50.76,49.9,50.61,43.3156753116512,283900,0.0,1.0
2012-03-26,50.28,50.56,50.02,50.24,42.9990027199635,182100,0.0,1.0
2012-03-23,48.86,49.62,48.29,49.56,42.4170098487538,136000,0.0,1.0
2012-03-22,49.25,49.58,48.3,48.9,41.8521344149327,173600,0.0,1.0
2012-03-21,49.81,50.2,49.41,49.85,42.6652126908874,133900,0.0,1.0
2012-03-20,50.16,50.5,49.63,49.81,42.6309778161103,175100,0.0,1.0
2012-03-19,50.33,51.03,50.28,50.66,43.3584689051225,137100,0.0,1.0
2012-03-16,50.5,51.0,50.38,50.66,43.3584689051225,337900,0.0,1.0
2012-03-15,50.13,50.77,50.085,50.49,43.21297068732,179300,0.0,1.0
2012-03-14,51.06,51.19,50.04,50.2,42.9647678451865,243400,0.0,1.0
2012-03-13,49.37,51.17,49.18,51.16,43.7864048398355,582900,0.0,1.0
2012-03-12,48.91,49.095,48.52,48.79,41.7579885092958,385800,0.0,1.0
2012-03-09,48.31,49.6,48.1201,48.92,41.8692518523212,191100,0.0,1.0
2012-03-08,48.39,48.63,47.71,48.29,41.3300525745828,212400,0.0,1.0
2012-03-07,47.41,48.08,47.17,47.9,40.9962625455066,218100,0.0,1.0
2012-03-06,48.18,48.4,47.25,47.33,40.5084155799338,279800,0.0,1.0
2012-03-05,49.12,49.36,48.53,48.68,41.6638426036589,250500,0.0,1.0
2012-03-02,48.81,49.36,48.6,49.32,42.2116006000916,299300,0.0,1.0
2012-03-01,48.97,49.68,48.73,48.92,41.8692518523212,262000,0.0,1.0
2012-02-29,49.56,50.12,48.68,48.8,41.7665472279901,232200,0.0,1.0
2012-02-28,49.53,49.98,49.06,49.48,42.3485400991998,237300,0.0,1.0
2012-02-27,49.29,49.89,48.511,49.58,42.4341272861424,192600,0.0,1.0
2012-02-24,50.0,50.15,49.49,49.78,42.6053016600276,193900,0.0,1.0
2012-02-23,49.51,50.2,49.06,50.12,42.8962980956324,147900,0.0,1.0
2012-02-22,50.41,50.47,49.25,49.59,42.4426860048366,287100,0.0,1.0
2012-02-21,49.42,50.99,49.42,50.48,43.2044119686258,496600,0.0,1.0
2012-02-17,48.57,49.3,48.45,49.16,42.0746611009834,360500,0.0,1.0
2012-02-16,46.87,48.48,46.87,48.2,41.2530241063344,185600,0.0,1.0
2012-02-15,47.73,47.77,46.6923,46.81,40.0633622078323,282000,0.18,1.0
2012-02-14,48.06,48.35,47.58,47.7,40.668703496778,234500,0.0,1.0
2012-02-13,48.25,49.04,48.03,48.38,41.2484669847824,238400,0.0,1.0
2012-02-10,48.16,48.3,47.48,47.67,40.6431256958367,141800,0.0,1.0
2012-02-09,48.9,49.0,48.06,48.83,41.632133998903,211800,0.0,1.0
2012-02-08,48.31,48.65,47.91,48.65,41.4786671932547,251700,0.0,1.0
2012-02-07,48.79,49.02,48.25,48.31,41.1887854492525,299900,0.0,1.0
2012-02-06,49.15,49.78,48.85,48.92,41.7088674017271,189000,0.0,1.0
2012-02-03,46.9,49.74,46.9,49.56,42.254527155143,392100,0.0,1.0
2012-02-02,48.67,49.17,47.01,47.89,40.8306962360734,827900,0.0,1.0
2012-02-01,48.23,50.0,47.98,49.56,42.254527155143,416900,0.0,1.0
2012-01-31,48.28,48.61,47.38,47.73,40.6942812977194,375900,0.0,1.0
2012-01-30,47.82,48.26,47.39,48.01,40.9330074398388,218200,0.0,1.0
2012-01-27,47.97,48.57,47.96,48.32,41.1973113828997,213600,0.0,1.0
2012-01-26,49.51,49.51,47.99,48.18,41.0779483118399,301900,0.0,1.0
2012-01-25,47.77,49.19,47.69,49.08,41.845282340081,266900,0.0,1.0
2012-01-24,47.74,48.53,47.572,47.7,40.668703496778,236400,0.0,1.0
2012-01-23,48.33,48.92,47.88,48.05,40.9671111744273,161900,0.0,1.0
2012-01-20,48.57,48.59,47.93,48.43,41.291096653018,159500,0.0,1.0
2012-01-19,47.26,49.86,47.07,48.65,41.4786671932547,622500,0.0,1.0
2012-01-18,46.87,47.57,46.62,46.99,40.0633622078323,364400,0.0,1.0
2012-01-17,47.44,48.17,46.891,47.11,40.1656734115978,212100,0.0,1.0
2012-01-13,47.26,48.13,46.901,47.34,40.3617698854816,143200,0.0,1.0
2012-01-12,47.66,47.84,46.801,47.61,40.5919700939539,151900,0.0,1.0
2012-01-11,47.23,47.82,46.89,47.62,40.600496027601,400400,0.0,1.0
2012-01-10,47.23,47.96,46.89,47.6,40.5834441603068,410600,0.0,1.0
2012-01-09,46.85,46.91,46.145,46.81,39.9098954021841,196400,0.0,1.0
2012-01-06,46.46,47.2,46.0,46.83,39.9269472694783,204300,0.0,1.0
2012-01-05,45.64,46.675,44.97,46.6,39.7308507955945,425800,0.0,1.0
2012-01-04,45.36,46.2,45.19,46.06,39.2704503786498,270700,0.0,1.0
2012-01-03,45.63,46.22,45.06,45.56,38.8441536962936,220700,0.0,1.0
2011-12-30,44.37,45.19,44.01,44.3,37.7698860567561,174500,0.0,1.0
2011-12-29,43.84,44.83,43.84,44.38,37.8380935259331,109200,0.0,1.0
2011-12-28,44.78,44.87,43.6,43.67,37.2327522369873,92300,0.0,1.0
2011-12-27,44.55,45.18,44.54,44.71,38.1194493362882,127300,0.0,1.0
2011-12-23,44.51,44.97,44.31,44.74,38.1450271372295,115800,0.0,1.0
2011-12-22,43.85,44.78,43.79,44.37,37.829567592286,182200,0.0,1.0
2011-12-21,43.79,43.87,42.86,43.81,37.3521153080471,106600,0.0,1.0
2011-12-20,43.14,44.15,42.93,43.68,37.2412781706345,192500,0.0,1.0
2011-12-19,43.25,43.62,41.89,42.01,35.8174472515649,170000,0.0,1.0
2011-12-16,42.2,43.35,42.1,42.97,36.6359368816887,673400,0.0,1.0
2011-12-15,41.4,41.83,40.88,41.72,35.5701951757983,294300,0.0,1.0
2011-12-14,42.3,42.59,40.89,40.91,34.8795945503813,253500,0.0,1.0
2011-12-13,43.32,44.33,42.26,42.76,36.4568922750991,299300,0.0,1.0
2011-12-12,43.27,43.35,42.29,43.0,36.6615146826301,267600,0.0,1.0
2011-12-09,42.62,44.02,42.39,43.9,37.4288487108712,273400,0.0,1.0
2011-12-08,42.66,43.04,42.32,42.51,36.243743933921,397800,0.0,1.0
2011-12-07,43.44,43.61,42.5601,43.16,36.797929620984,306200,0.0,1.0
2011-12-06,44.26,44.51,43.65,43.9,37.4288487108712,416300,0.0,1.0
2011-12-05,45.37,45.37,43.87,44.27,37.7443082558147,359600,0.0,1.0
2011-12-02,44.55,44.55,43.6,43.74,37.2924337725172,337600,0.0,1.0
2011-12-01,44.35,44.96,43.63,43.78,37.3265375071057,340600,0.0,1.0
2011-11-30,45.0,45.33,44.4,44.6,38.0256640661698,777700,0.0,1.0
2011-11-29,42.94,43.06,42.48,42.74,36.4398404078049,310500,0.0,1.0
2011-11-28,41.29,42.755,41.26,42.73,36.4313144741578,429200,0.0,1.0
2011-11-25,39.75,40.385,39.61,39.73,33.8735343800208,73300,0.0,1.0
2011-11-23,41.59,41.689,39.89,39.93,34.0440530529632,226000,0.0,1.0
2011-11-22,41.76,42.3,41.65,42.06,35.8600769198005,363100,0.0,1.0
2011-11-21,42.22,42.28,41.44,41.86,35.689558246858,125000,0.0,1.0
2011-11-18,42.92,43.46,42.55,43.07,36.7211962181599,154900,0.0,1.0
2011-11-17,43.65,43.88,42.3,42.56,36.2863736021567,221800,0.0,1.0
2011-11-16,44.07,44.65,43.57,43.61,37.1815966351046,485600,0.0,1.0
2011-11-15,43.95,44.82,43.3,44.67,38.0853456016997,240500,0.0,1.0
2011-11-14,43.17,44.05,42.91,44.01,37.5226339809895,563100,0.0,1.0
2011-11-11,43.16,43.99,42.98,43.43,37.0281298294564,333500,0.0,1.0
2011-11-10,43.38,43.64,42.58,42.7,36.4057366732164,495800,0.0,1.0
2011-11-09,42.1,42.84,40.92,42.68,36.3886848059221,558400,0.18,1.0
2011-11-08,43.08,43.98,42.57,43.83,37.2122271358742,326600,0.0,1.0
2011-11-07,42.1,42.75,41.5,42.63,36.1934118823253,209600,0.0,1.0
2011-11-04,41.82,42.29,41.02,42.14,35.7773956537928,126100,0.0,1.0
2011-11-03,41.49,42.48,40.9,42.36,35.9641784502768,225200,0.0,1.0
2011-11-02,41.1,41.48,40.23,40.79,34.6312284935503,442000,0.0,1.0
2011-11-01,40.0,41.23,39.7,40.26,34.1812517565661,338700,0.0,1.0
2011-10-31,43.06,43.1,41.71,41.72,35.4208103150507,274100,0.0,1.0
2011-10-28,43.75,43.99,43.0,43.39,36.8386615429062,221700,0.0,1.0
2011-10-27,43.52,44.6,43.5,44.02,37.3735395510194,341600,0.0,1.0
2011-10-26,41.34,42.33,40.805,42.12,35.760415399567,367300,0.0,1.0
2011-10-25,39.42,41.53,38.0,41.3,35.0642249763085,547900,0.0,1.0
2011-10-24,39.77,40.09,39.05,40.02,33.9774887058564,565600,0.0,1.0
2011-10-21,38.69,39.62,37.88,39.56,33.5869428586626,324300,0.0,1.0
2011-10-20,38.05,38.86,37.17,38.31,32.5256769695492,234400,0.0,1.0
2011-10-19,38.6,39.1,37.9,38.08,32.3304040459523,210300,0.0,1.0
2011-10-18,37.46,39.34,37.12,38.79,32.9332030709687,194600,0.0,1.0
2011-10-17,38.55,38.55,37.2,37.36,31.7191148938229,209400,0.0,1.0
2011-10-14,38.59,39.02,38.04,38.91,33.0350845963236,152700,0.0,1.0
2011-10-13,38.0,38.11,37.35,37.93,32.2030521392587,312200,0.0,1.0
2011-10-12,38.22,39.25,38.21,38.41,32.6105782406782,350600,0.0,1.0
2011-10-11,37.1,38.23,36.9,38.08,32.3304040459523,383500,0.0,1.0
2011-10-10,36.08,37.54,35.97,37.53,31.8634470547424,417600,0.0,1.0
2011-10-07,35.84,36.18,34.74,35.33,29.9956190899027,241000,0.0,1.0
2011-10-06,34.23,35.86,34.11,35.63,30.2503229032899,287000,0.0,1.0
2011-10-05,33.38,34.49,32.79,34.31,29.1296261243861,379600,0.0,1.0
2011-10-04,30.09,33.36,29.88,33.28,28.2551430317566,524700,0.0,1.0
2011-10-03,31.68,32.35,30.48,30.52,25.9118679485941,409000,0.0,1.0
2011-09-30,32.23,32.69,31.8,31.88,27.0665252359496,342200,0.0,1.0
2011-09-29,32.91,33.34,31.92,32.78,27.8306366761112,402100,0.0,1.0
2011-09-28,33.42,33.5,32.08,32.16,27.304248795111,362000,0.0,1.0
2011-09-27,32.71,34.46,32.64,33.23,28.2126923961921,459300,0.0,1.0
2011-09-26,32.01,32.01,30.81,31.72,26.930683202143,342700,0.0,1.0
2011-09-23,31.31,32.04,31.12,31.7,26.9137029479172,390500,0.0,1.0
2011-09-22,32.17,32.34,31.08,31.62,26.845781931014,620300,0.0,1.0
2011-09-21,35.1,35.15,33.33,33.34,28.3060837944341,254700,0.0,1.0
2011-09-20,36.32,36.63,35.17,35.17,29.8597770560962,288400,0.0,1.0
2011-09-19,36.33,36.42,35.45,36.1,30.6493588775966,255800,0.0,1.0
2011-09-16,38.32,38.61,36.93,37.15,31.5408222244519,351600,0.0,1.0
2011-09-15,37.93,38.35,37.23,38.28,32.5002065882104,239800,0.0,1.0
2011-09-14,36.32,38.03,35.89,37.54,31.8719371818553,255100,0.0,1.0
2011-09-13,35.29,36.45,35.16,36.03,30.5899279878062,202800,0.0,1.0
2011-09-12,34.57,35.18,34.22,35.16,29.8512869289833,203800,0.0,1.0
2011-09-09,35.6,35.87,34.56,34.89,29.6220534969348,221400,0.0,1.0
2011-09-08,36.38,36.7,35.9,36.1,30.6493588775966,244300,0.0,1.0
2011-09-07,36.34,36.73,36.18,36.6,31.073865233242,720200,0.0,1.0
2011-09-06,35.03,35.9,34.67,35.73,30.335224174419,351700,0.0,1.0
2011-09-02,37.33,37.6,36.16,36.34,30.8531219283064,221700,0.0,1.0
2011-09-01,39.18,39.73,38.01,38.11,32.355874427291,227600,0.0,1.0
2011-08-31,38.74,39.71,38.56,39.21,33.2897884097109,424300,0.0,1.0
2011-08-30,38.61,39.03,38.03,38.45,32.6445387491299,369900,0.0,1.0
2011-08-29,36.98,39.03,36.87,38.92,33.0435747234365,320100,0.0,1.0
2011-08-26,35.3,36.77,35.0,36.3,30.8191614198547,327400,0.0,1.0
2011-08-25,36.51,36.51,35.48,35.6,30.2248525219512,386500,0.0,1.0
2011-08-24,35.22,36.26,34.71,36.12,30.6663391318224,332800,0.0,1.0
2011-08-23,33.43,35.32,33.2,35.32,29.9871289627898,356600,0.0,1.0
2011-08-22,34.22,34.26,33.08,33.33,28.2975936673212,351600,0.0,1.0
2011-08-19,33.7,34.77,33.18,33.22,28.2042022690792,443700,0.0,1.0
2011-08-18,35.88,35.88,33.88,34.2,29.0362347261441,645300,0.0,1.0
2011-08-17,37.88,38.24,37.24,37.37,31.7276050209358,382800,0.0,1.0
2011-08-16,37.18,37.81,36.82,37.64,31.9568384529844,446800,0.0,1.0
2011-08-15,37.25,37.67,36.66,37.67,31.9823088343231,294400,0.18,1.0
2011-08-12,35.83,36.84,35.32,36.84,31.1288839486516,471600,0.0,1.0
2011-08-11,34.93,36.18,34.4,35.45,29.9543685119354,851200,0.0,1.0
2011-08-10,35.32,35.75,34.73,34.8,29.405134674622,865200,0.0,1.0
2011-08-09,34.84,36.48,33.55,36.46,30.8077933976069,820300,0.0,1.0
2011-08-08,35.73,36.0793,33.95,33.96,28.6953555617863,902000,0.0,1.0
2011-08-05,37.18,37.31,35.73,37.02,31.2809794728307,863800,0.0,1.0
2011-08-04,40.18,40.18,36.5,36.6,30.9260899164128,957000,0.0,1.0
2011-08-03,40.82,40.88,39.4,40.74,34.4242869725316,560400,0.0,1.0
2011-08-02,42.37,42.82,40.75,40.75,34.4327367238749,427400,0.0,1.0
2011-08-01,43.91,44.04,42.1529,42.6,35.9959407223821,590600,0.0,1.0
2011-07-29,43.42,44.18,42.65,43.23,36.5282750570089,342000,0.0,1.0
2011-07-28,43.75,44.6,43.55,43.82,37.0268103862625,661900,0.0,1.0
2011-07-27,44.0,45.12,43.68,43.75,36.9676621268596,655100,0.0,1.0
2011-07-26,46.17,46.17,42.89,44.19,37.339451185964,1888600,0.0,1.0
2011-07-25,48.48,48.9,48.24,48.62,41.082691031038,171400,0.0,1.0
2011-07-22,49.42,49.43,48.88,48.99,41.3953318307394,143200,0.0,1.0
2011-07-21,48.91,49.7299,48.69,49.56,41.8769676573065,183400,0.0,1.0
2011-07-20,48.74,48.8,48.21,48.59,41.0573417770082,259300,0.0,1.0
2011-07-19,47.61,48.9,47.61,48.58,41.0488920256649,513100,0.0,1.0
2011-07-18,47.32,48.07,46.49,46.94,39.6631328053666,196600,0.0,1.0
2011-07-15,47.25,47.49,46.91,47.46,40.1025198752173,159500,0.0,1.0
2011-07-14,47.21,47.605,46.66,47.08,39.7814293241725,404400,0.0,1.0
2011-07-13,47.88,48.05,46.92,47.07,39.7729795728293,346600,0.0,1.0
2011-07-12,48.03,48.2,47.37,47.54,40.1701178859635,204000,0.0,1.0
2011-07-11,49.03,49.0999,48.02,48.18,40.7109019719336,201000,0.0,1.0
2011-07-08,49.51,49.82,49.13,49.75,42.0375129328289,241900,0.0,1.0
2011-07-07,50.06,50.35,49.83,50.02,42.2656562190975,224900,0.0,1.0
2011-07-06,49.49,49.84,49.12,49.56,41.8769676573065,267400,0.0,1.0
2011-07-05,50.07,50.4,49.48,49.58,41.8938671599931,252500,0.0,1.0
2011-07-01,49.29,50.15,49.02,50.09,42.3248044785005,405900,0.0,1.0
2011-06-30,48.53,49.61,48.43,49.23,41.5981258629782,233400,0.0,1.0
2011-06-29,48.25,48.545,47.82,48.36,40.8629974961127,343400,0.0,1.0
2011-06-28,47.67,48.14,47.5,48.02,40.5757059504411,379600,0.0,1.0
2011-06-27,47.4,47.81,47.31,47.48,40.1194193779038,260500,0.0,1.0
2011-06-24,47.65,47.79,47.02,47.43,40.0771706211874,377300,0.0,1.0
2011-06-23,47.73,47.75,46.95,47.5,40.1363188805904,387300,0.0,1.0
2011-06-22,48.66,49.06,48.22,48.46,40.9474950095455,733900,0.0,1.0
2011-06-21,47.63,48.91,47.59,48.83,41.2601358092469,280400,0.0,1.0
2011-06-20,46.5,47.43,46.29,47.27,39.9419745996949,146300,0.0,1.0
2011-06-17,46.82,46.92,46.39,46.48,39.2744442435756,397400,0.0,1.0
2011-06-16,45.52,46.37,45.52,46.14,38.987152697904,315500,0.0,1.0
2011-06-15,45.84,46.04,45.13,45.56,38.4970671199937,171000,0.0,1.0
2011-06-14,45.54,46.53,45.54,46.36,39.1730472274562,205800,0.0,1.0
2011-06-13,45.84,45.87,44.82,45.08,38.0914790555161,145700,0.0,1.0
2011-06-10,45.25,46.18,45.185,45.75,38.657612395516,527500,0.0,1.0
2011-06-09,44.91,45.51,44.46,45.5,38.446368611934,305700,0.0,1.0
2011-06-08,44.79,45.0,44.475,44.73,37.7957377585012,270200,0.0,1.0
2011-06-07,45.12,45.34,44.59,45.03,38.0492302987997,192800,0.0,1.0
2011-06-06,44.77,45.21,44.13,44.78,37.8379865152176,342000,0.0,1.0
2011-06-03,45.12,45.64,44.78,44.86,37.9055845259639,538500,0.0,1.0
2011-06-02,46.01,46.36,45.71,46.03,38.8942054331279,232200,0.0,1.0
2011-06-01,48.6,48.68,46.33,46.42,39.2237457355159,434900,0.0,1.0
2011-05-31,48.78,48.985,48.2,48.6,41.0657915283514,343600,0.0,1.0
2011-05-27,47.8,48.41,47.69,48.3,40.812298988053,167300,0.0,1.0
2011-05-26,47.5,48.3,47.19,47.77,40.364462166859,371000,0.0,1.0
2011-05-25,46.56,47.76,46.3707,47.7,40.305313907456,263900,0.0,1.0
2011-05-24,47.24,47.33,46.79,46.82,39.5617357892472,214000,0.0,1.0
2011-05-23,47.44,47.46,46.99,47.13,39.823678080889,116300,0.0,1.0
2011-05-20,48.49,48.49,47.44,48.15,40.6855527179037,135300,0.0,1.0
2011-05-19,48.85,49.19,48.3,48.76,41.2009875498439,284400,0.17,1.0
2011-05-18,47.46,48.87,47.46,48.84,41.1252040043813,207500,0.0,1.0
2011-05-17,48.37,48.52,47.21,47.42,39.92950806486,180800,0.0,1.0
2011-05-16,48.74,49.23,48.524,48.65,40.9652165195158,160100,0.0,1.0
2011-05-13,49.57,49.72,48.7,49.0,41.259930307426,192100,0.0,1.0
2011-05-12,49.3,49.91,48.9,49.49,41.6725296105002,341000,0.0,1.0
2011-05-11,50.41,50.51,49.12,49.6,41.7651539438434,277800,0.0,1.0
2011-05-10,50.16,50.6,50.1508,50.55,42.5650913681711,596600,0.0,1.0
2011-05-09,49.6,50.2,49.41,50.13,42.2114348226789,250000,0.0,1.0
2011-05-06,49.46,49.85,49.3,49.69,41.8409374893061,331600,0.0,1.0
2011-05-05,48.54,49.39,48.3023,48.86,41.1420447922619,235300,0.0,1.0
2011-05-04,49.1,49.24,48.63,48.9,41.1757263680231,282000,0.0,1.0
2011-05-03,49.58,50.15,48.8,49.17,41.4030770044109,436800,0.0,1.0
2011-05-02,49.6,50.26,49.45,49.82,41.9504026105298,1158200,0.0,1.0
2011-04-29,48.96,49.66,48.85,49.54,41.7146315802017,259000,0.0,1.0
2011-04-28,48.41,49.04,48.41,48.97,41.2346691256051,338700,0.0,1.0
2011-04-27,47.81,48.94,47.76,48.55,40.8810125801129,621400,0.0,1.0
2011-04-26,45.44,48.23,45.44,47.67,40.1400179133673,1500000,0.0,1.0
2011-04-25,43.41,43.5664,42.54,42.98,36.1908531553708,226000,0.0,1.0
2011-04-21,43.64,43.74,43.16,43.53,36.6539748220868,159200,0.0,1.0
2011-04-20,43.65,43.89,43.31,43.55,36.6708156099674,117500,0.0,1.0
2011-04-19,42.4,42.95,42.31,42.91,36.1319103977888,207300,0.0,1.0
2011-04-18,43.1,43.1,42.01,42.31,35.6266867613713,269000,0.0,1.0
2011-04-15,43.77,44.0,43.46,43.62,36.7297583675494,184600,0.0,1.0
2011-04-14,43.73,44.1,43.41,43.74,36.8308030948329,155600,0.0,1.0
2011-04-13,44.3,44.35,43.84,43.95,37.007631367579,172000,0.0,1.0
2011-04-12,44.42,44.75,43.9,44.0,37.0497333372805,166400,0.0,1.0
2011-04-11,45.0,45.35,44.62,44.75,37.6812628828023,111700,0.0,1.0
2011-04-08,45.47,45.97,44.79,44.93,37.8328299737275,143700,0.0,1.0
2011-04-07,45.78,46.17,45.19,45.23,38.0854417919363,254600,0.0,1.0
2011-04-06,46.11,46.48,45.69,45.85,38.6075062162343,176700,0.0,1.0
2011-04-05,45.59,46.3,45.39,46.0,38.7338121253387,202500,0.0,1.0
2011-04-04,45.28,45.7,44.97,45.62,38.4138371556076,166800,0.0,1.0
2011-04-01,44.91,45.21,44.81,45.15,38.0180786404139,231700,0.0,1.0
2011-03-31,43.66,44.89,43.55,44.55,37.5128550039965,284600,0.0,1.0
2011-03-30,43.59,44.1,43.56,43.7,36.7971215190717,195100,0.0,1.0
2011-03-29,43.18,43.7,43.17,43.66,36.7634399433106,127000,0.0,1.0
2011-03-28,43.17,43.42,43.01,43.23,36.4013630038781,219100,0.0,1.0
2011-03-25,43.0,43.58,42.73,42.98,36.1908531553708,223100,0.0,1.0
2011-03-24,42.94,42.99,42.38,42.8,36.0392860644455,223400,0.0,1.0
2011-03-23,42.85,43.02,42.34,42.69,35.9466617311023,291800,0.0,1.0
2011-03-22,43.77,43.8,42.891,43.08,36.2750570947737,119100,0.0,1.0
2011-03-21,42.8,43.84,42.8,43.67,36.7718603372509,213900,0.0,1.0
2011-03-18,42.29,42.37,41.83,42.23,35.559323609849,248900,0.0,1.0
2011-03-17,42.53,42.59,41.72,41.82,35.214087458297,144000,0.0,1.0
2011-03-16,41.48,42.46,41.26,41.79,35.1888262764762,307600,0.0,1.0
2011-03-15,40.26,41.99,40.0,41.61,35.0372591855509,239600,0.0,1.0
2011-03-14,41.29,41.79,40.88,41.69,35.1046223370732,155400,0.0,1.0
2011-03-11,41.96,42.14,41.52,41.85,35.2393486401179,162000,0.0,1.0
2011-03-10,41.58,42.34,41.18,41.96,35.3319729734611,213300,0.0,1.0
2011-03-09,42.56,42.56,41.86,42.29,35.6098459734907,192700,0.0,1.0
2011-03-08,42.4,43.2,41.76,42.75,35.9971840947441,133900,0.0,1.0
2011-03-07,42.95,42.95,41.93,42.34,35.6519479431922,237100,0.0,1.0
2011-03-04,43.33,43.36,42.1204,42.63,35.8961393674606,241900,0.0,1.0
2011-03-03,42.88,43.8,42.8,43.44,36.5781912766242,231300,0.0,1.0
2011-03-02,42.17,42.83,42.02,42.28,35.6014255795504,182000,0.0,1.0
2011-03-01,43.22,43.52,42.01,42.24,35.5677440037893,234500,0.0,1.0
2011-02-28,43.35,43.7499,42.96,43.01,36.2161143371917,318100,0.0,1.0
2011-02-25,42.7,43.23,42.44,43.18,36.3592610341766,237000,0.0,1.0
2011-02-24,42.07,42.55,41.76,42.45,35.7445722765354,353600,0.0,1.0
2011-02-23,42.94,42.945,41.33,42.16,35.5003808522669,411100,0.0,1.0
2011-02-22,44.97,45.03,42.84,42.91,36.1319103977888,644800,0.0,1.0
2011-02-18,45.1,45.92,44.5,45.56,38.3633147919659,623300,0.0,1.0
2011-02-17,43.53,45.14,43.53,45.07,37.9507154888916,642500,0.0,1.0
2011-02-16,43.18,43.82,43.12,43.68,36.7802807311912,381700,0.17,1.0
2011-02-15,42.84,43.53,42.84,43.16,36.2015260286935,376100,0.0,1.0
2011-02-14,42.98,43.64,42.93,43.02,36.0840975383317,489200,0.0,1.0
2011-02-11,41.74,42.38,41.5,42.06,35.2788736044219,349000,0.0,1.0
2011-02-10,42.18,42.36,41.78,41.99,35.220159359241,353600,0.0,1.0
2011-02-09,42.37,42.68,42.14,42.28,35.4634040892762,371600,0.0,1.0
2011-02-08,43.23,43.9,42.41,42.52,35.6647100727537,708900,0.0,1.0
2011-02-07,38.38,42.64,37.96,42.47,35.6227713261959,1740900,0.0,1.0
2011-02-04,38.26,38.99,38.0,38.85,32.5864060754111,349200,0.0,1.0
2011-02-03,38.72,38.74,38.07,38.31,32.1334676125869,313100,0.0,1.0
2011-02-02,38.22,38.99,38.22,38.74,32.4941408329839,235800,0.0,1.0
2011-02-01,38.0,38.87,37.89,38.53,32.3179980974412,398200,0.0,1.0
2011-01-31,37.23,38.18,37.23,37.71,31.6302026538932,318900,0.0,1.0
2011-01-28,38.47,38.52,37.08,37.36,31.3366314279886,352400,0.0,1.0
2011-01-27,38.93,39.02,38.34,38.47,32.2676716015718,330500,0.0,1.0
2011-01-26,39.18,39.24,38.65,39.0,32.7122223150845,429000,0.0,1.0
2011-01-25,39.65,39.73,39.18,39.43,33.0728955354816,312000,0.0,1.0
2011-01-24,39.63,40.09,39.415,39.74,33.3329157641399,297400,0.0,1.0
2011-01-21,39.96,40.0304,39.56,39.63,33.2406505217128,150400,0.0,1.0
2011-01-20,40.32,40.56,39.58,39.77,33.3580790120746,302800,0.0,1.0
2011-01-19,41.27,41.59,40.49,40.54,34.0039357090648,291700,0.0,1.0
2011-01-18,40.62,41.36,40.41,41.34,34.6749556539896,441700,0.0,1.0
2011-01-14,40.75,41.1,40.69,40.77,34.1968539432306,175900,0.0,1.0
2011-01-13,41.32,41.32,40.74,40.86,34.2723436870347,154700,0.0,1.0
2011-01-12,41.27,41.68,41.215,41.27,34.6162414088087,156700,0.0,1.0
2011-01-11,40.71,41.49,40.71,41.03,34.4149354253312,157400,0.0,1.0
2011-01-10,39.85,40.79,39.7,40.63,34.0794254528688,323100,0.0,1.0
2011-01-07,40.33,40.62,39.83,40.12,33.6516502379792,147700,0.0,1.0
2011-01-06,40.66,41.0,40.23,40.33,33.827792973522,161500,0.0,1.0
2011-01-05,40.32,41.02,40.0,40.69,34.1297519487382,159500,0.0,1.0
2011-01-04,40.68,40.9,39.66,40.31,33.8110174748989,246400,0.0,1.0
2011-01-03,40.08,40.97,40.08,40.49,33.961996962507,476800,0.0,1.0
2010-12-31,40.55,40.76,39.67,39.74,33.3329157641399,307500,0.0,1.0
2010-12-30,40.74,40.94,40.55,40.59,34.0458744556226,76300,0.0,1.0
2010-12-29,40.64,41.01,40.53,40.82,34.2387926897884,96400,0.0,1.0
2010-12-28,40.97,40.97,40.2701,40.52,33.9871602104416,158500,0.0,1.0
2010-12-27,40.39,40.98,40.25,40.89,34.2975069349694,79600,0.0,1.0
2010-12-23,40.81,40.91,40.42,40.5,33.9703847118185,146500,0.0,1.0
2010-12-22,40.59,41.02,40.4501,40.77,34.1968539432306,144800,0.0,1.0
2010-12-21,40.77,40.77,40.41,40.47,33.9452214638838,301700,0.0,1.0
2010-12-20,40.73,40.96,40.44,40.65,34.0962009514919,238500,0.0,1.0
2010-12-17,40.89,40.99,40.5,40.61,34.0626499542457,587900,0.0,1.0
2010-12-16,40.62,41.07,40.57,40.84,34.2555681884116,304500,0.0,1.0
2010-12-15,40.2,40.96,40.07,40.45,33.9284459652607,257600,0.0,1.0
2010-12-14,39.78,40.29,39.58,40.2,33.7187522324717,405200,0.0,1.0
2010-12-13,40.0,40.15,39.63,39.77,33.3580790120746,248200,0.0,1.0
2010-12-10,39.67,39.9,39.39,39.87,33.4419565051902,181300,0.0,1.0
2010-12-09,39.4,39.92,39.16,39.68,33.2825892682706,245500,0.0,1.0
2010-12-08,39.39,39.68,39.14,39.24,32.9135282985619,292400,0.0,1.0
2010-12-07,39.13,39.58,38.76,39.26,32.9303037971851,372000,0.0,1.0
2010-12-06,38.44,39.44,38.44,38.79,32.5360795795417,327100,0.0,1.0
2010-12-03,37.81,38.37,37.67,38.28,32.1083043646522,269800,0.0,1.0
2010-12-02,37.84,38.24,37.65,37.97,31.8482841359938,232200,0.0,1.0
2010-12-01,37.23,37.92,37.18,37.73,31.6469781525164,276700,0.0,1.0
2010-11-30,36.72,37.04,36.27,36.62,30.7159379789332,378300,0.0,1.0
2010-11-29,37.17,37.22,36.78,37.09,31.1101621965765,351800,0.0,1.0
2010-11-26,37.17,37.57,36.82,37.41,31.3785701745464,91700,0.0,1.0
2010-11-24,36.84,37.52,36.78,37.47,31.4288966704158,200400,0.0,1.0
2010-11-23,36.22,36.54,36.1101,36.52,30.6320604858176,326100,0.0,1.0
2010-11-22,36.48,36.81,36.25,36.76,30.833366469295,330200,0.0,1.0
2010-11-19,36.07,36.74,35.85,36.71,30.7914277227372,326100,0.0,1.0
2010-11-18,35.87,36.42,35.87,36.16,30.3301015106014,320300,0.0,1.0
2010-11-17,35.54,35.835,35.36,35.46,29.7429590587922,228900,0.0,1.0
2010-11-16,35.9,35.92,35.17,35.45,29.7345713094807,336900,0.0,1.0
2010-11-15,36.39,36.58,36.15,36.22,30.3804280064708,302600,0.0,1.0
2010-11-12,36.11,36.75,36.11,36.28,30.4307545023401,632800,0.0,1.0
2010-11-11,35.59,36.49,35.57,36.41,30.5397952433904,571600,0.0,1.0
2010-11-10,35.78,35.92,35.2,35.92,30.128795527124,479000,0.17,1.0
2010-11-09,36.74,36.89,35.75,35.89,29.9618307417146,223500,0.0,1.0
2010-11-08,36.43,37.11,36.43,36.68,30.6213416440817,431300,0.0,1.0
2010-11-05,36.04,36.82,35.88,36.74,30.6714310797045,390400,0.0,1.0
2010-11-04,35.64,36.09,35.63,36.0,30.0536613736897,396700,0.0,1.0
2010-11-03,35.0,35.26,34.59,35.15,29.3440610356999,277500,0.0,1.0
2010-11-02,35.01,35.33,34.91,35.0,29.2188374466428,385900,0.0,1.0
2010-11-01,35.16,35.49,34.57,34.73,28.9934349863401,735700,0.0,1.0
2010-10-29,34.14,35.28,34.14,35.07,29.2772751215361,633100,0.0,1.0
2010-10-28,34.55,34.55,34.04,34.34,28.6678536547918,762900,0.0,1.0
2010-10-27,34.08,34.35,33.76,34.32,28.6511571762509,706000,0.0,1.0
2010-10-26,34.43,34.59,33.68,34.4,28.7179430904146,554000,0.0,1.0
2010-10-25,34.54,34.91,34.43,34.69,28.9600420292583,584300,0.0,1.0
2010-10-22,33.84,34.41,33.65,34.39,28.7095948511442,382100,0.0,1.0
2010-10-21,33.56,34.05,33.48,33.84,28.2504416912684,637600,0.0,1.0
2010-10-20,32.7,33.6799,32.57,33.51,27.9749497953429,538300,0.0,1.0
2010-10-19,32.39,32.91,31.96,32.56,27.1818670646483,530400,0.0,1.0
2010-10-18,32.67,32.96,32.67,32.91,27.4740554391147,394500,0.0,1.0
2010-10-15,31.88,32.77,31.86,32.72,27.3154388929758,845400,0.0,1.0
2010-10-14,31.57,31.7,31.39,31.67,26.4388737695765,348400,0.0,1.0
2010-10-13,31.77,31.83,31.455,31.64,26.4138290517651,422100,0.0,1.0
2010-10-12,31.64,31.85,31.1956,31.61,26.3887843339537,854400,0.0,1.0
2010-10-11,31.74,32.02,31.64,31.69,26.4555702481174,495800,0.0,1.0
2010-10-08,31.2,32.11,31.0,31.78,26.5307044015517,1126100,0.0,1.0
2010-10-07,31.24,31.36,30.87,31.2,26.0465065238645,533200,0.0,1.0
2010-10-06,31.0,31.55,30.82,31.24,26.0798994809463,330900,0.0,1.0
2010-10-05,30.97,31.1,30.3,31.03,25.9045864562665,593600,0.0,1.0
2010-10-04,30.22,30.47,30.0,30.05,25.0864590077605,552600,0.0,1.0
2010-10-01,30.22,30.56,29.83,30.38,25.361950903686,330800,0.0,1.0
2010-09-30,30.09,30.8,29.93,29.95,25.0029766150558,656800,0.0,1.0
2010-09-29,29.26,29.9,29.1515,29.77,24.8527083081873,643200,0.0,1.0
2010-09-28,29.01,29.46,28.61,29.4,24.54382345518,236400,0.0,1.0
2010-09-27,28.95,29.18,28.39,29.0,24.2098938843612,337300,0.0,1.0
2010-09-24,28.54,29.05,28.39,28.88,24.1097150131156,303200,0.0,1.0
2010-09-23,28.96,28.96,28.19,28.25,23.583775939076,443000,0.0,1.0
2010-09-22,29.52,29.73,29.11,29.34,24.4937340195571,403700,0.0,1.0
2010-09-21,29.66,29.83,29.3,29.61,24.7191364798598,446900,0.0,1.0
2010-09-20,29.46,29.69,29.02,29.62,24.7274847191303,462200,0.0,1.0
2010-09-17,29.42,29.42,28.83,29.31,24.4686893017457,351600,0.0,1.0
2010-09-16,29.64,29.74,29.04,29.08,24.2766797985249,469500,0.0,1.0
2010-09-15,29.91,30.13,29.61,29.65,24.7525294369417,482200,0.0,1.0
2010-09-14,30.02,30.4,29.91,30.19,25.203334357547,254300,0.0,1.0
2010-09-13,30.08,30.16,29.91,29.99,25.0363695721377,349100,0.0,1.0
2010-09-10,29.47,29.995,29.3634,29.81,24.8861012652692,261700,0.0,1.0
2010-09-09,29.67,29.92,29.2,29.32,24.4770375410162,221900,0.0,1.0
2010-09-08,29.25,29.57,29.14,29.33,24.4853857802867,184500,0.0,1.0
2010-09-07,30.16,30.22,29.06,29.15,24.3351174734182,322400,0.0,1.0
2010-09-03,29.92,30.54,29.9,30.21,25.220030836088,154700,0.0,1.0
2010-09-02,29.24,29.669,29.11,29.62,24.7274847191303,235400,0.0,1.0
2010-09-01,28.49,29.44,28.32,29.35,24.5020822588276,401100,0.0,1.0
2010-08-31,28.76,29.2,27.97,28.05,23.4168111536666,937600,0.0,1.0
2010-08-30,29.36,29.36,28.47,28.88,24.1097150131156,538200,0.0,1.0
2010-08-27,29.43,29.66,28.9,29.5,24.6273058478847,326100,0.0,1.0
2010-08-26,29.64,29.73,29.07,29.1,24.2933762770659,388500,0.0,1.0
2010-08-25,29.0,29.63,28.73,29.53,24.6523505656961,433600,0.0,1.0
2010-08-24,29.05,29.43,28.88,29.14,24.3267692341478,312700,0.0,1.0
2010-08-23,29.98,30.18,29.48,29.48,24.6106093693437,544800,0.0,1.0
2010-08-20,29.81,29.96,29.4401,29.9,24.9612354187034,243600,0.0,1.0
2010-08-19,30.45,30.65,29.69,29.99,25.0363695721377,444500,0.0,1.0
2010-08-18,30.41,31.05,30.17,30.65,25.5873533639886,372800,0.0,1.0
2010-08-17,30.52,30.99,30.39,30.54,25.4955227320135,593200,0.0,1.0
2010-08-16,30.05,30.46,29.85,30.28,25.2784685109813,485800,0.0,1.0
2010-08-13,29.78,30.49,29.365,30.21,25.220030836088,1534500,0.17,1.0
2010-08-12,30.26,30.48,29.815,29.93,24.8464622424,790600,0.0,1.0
2010-08-11,31.34,31.3728,30.29,30.55,25.361156749259,830700,0.0,1.0
2010-08-10,32.55,32.65,31.59,31.65,26.2743244227184,541400,0.0,1.0
2010-08-09,33.03,33.03,32.51,32.93,27.336919533653,280600,0.0,1.0
2010-08-06,32.35,32.91,31.61,32.75,27.1874920961778,1016400,0.0,1.0
2010-08-05,33.06,33.26,32.74,32.79,27.2206981933945,351200,0.0,1.0
2010-08-04,33.41,33.43,33.09,33.22,27.5776637384741,380000,0.0,1.0
2010-08-03,34.45,34.48,33.35,33.38,27.7104881273409,592900,0.0,1.0
2010-08-02,34.17,34.75,34.06,34.62,28.7398771410588,364600,0.0,1.0
2010-07-30,33.17,33.91,32.91,33.68,27.9595338564662,495400,0.0,1.0
2010-07-29,34.52,34.52,33.23,33.56,27.8599155648161,544200,0.0,1.0
2010-07-28,34.63,35.33,34.08,34.25,28.4327207418043,677500,0.0,1.0
2010-07-27,36.3,37.28,33.49,34.12,28.32480092585,2616500,0.0,1.0
2010-07-26,38.92,39.49,38.79,39.15,32.5004676508507,430000,0.0,1.0
2010-07-23,37.46,38.9,37.43,38.8,32.2099143002045,242800,0.0,1.0
2010-07-22,36.65,37.74,36.65,37.62,31.2303344323117,339000,0.0,1.0
2010-07-21,36.76,36.79,35.98,36.2,30.0515179811187,191400,0.0,1.0
2010-07-20,35.6,36.54,35.345,36.51,30.3088652345481,202000,0.0,1.0
2010-07-19,36.0,36.17,35.33,35.93,29.8273768249059,248900,0.0,1.0
2010-07-16,37.17,37.26,36.04,36.06,29.9352966408602,229200,0.0,1.0
2010-07-15,37.02,37.56,36.71,37.5,31.1307161406616,187200,0.0,1.0
2010-07-14,37.36,37.36,36.65,37.07,30.773750595582,421200,0.0,1.0
2010-07-13,37.15,37.71,36.94,37.54,31.1639222378783,339700,0.0,1.0
2010-07-12,37.08,37.37,36.61,36.66,30.4333880991108,284900,0.0,1.0
2010-07-09,36.96,37.34,36.78,37.3,30.9646856545781,177600,0.0,1.0
2010-07-08,36.65,37.15,36.59,37.05,30.7571475469737,321000,0.0,1.0
2010-07-07,35.3,36.385,35.28,36.33,30.159437797073,479700,0.0,1.0
2010-07-06,35.68,36.33,34.91,35.19,29.2130640263968,456000,0.0,1.0
2010-07-02,35.82,36.06,35.2,35.45,29.4289036583054,367000,0.0,1.0
2010-07-01,36.35,36.43,35.03,35.72,29.6530448145182,501100,0.0,1.0
2010-06-30,36.74,37.27,36.01,36.13,29.9934073109894,354800,0.0,1.0
2010-06-29,37.51,37.68,36.51,36.75,30.5081018178484,418400,0.0,1.0
2010-06-28,38.46,38.55,37.91,37.96,31.5125862586537,347600,0.0,1.0
2010-06-25,38.38,38.85,37.91,38.39,31.8695518037333,665200,0.0,1.0
2010-06-24,38.13,38.39,37.66,38.22,31.7284258905623,579300,0.0,1.0
2010-06-23,38.67,38.74,37.71,38.25,31.7533304634748,458100,0.0,1.0
2010-06-22,39.27,40.08,38.73,38.82,32.2265173488129,307700,0.0,1.0
2010-06-21,40.29,40.665,39.07,39.34,32.6581966126301,432600,0.0,1.0
2010-06-18,39.78,40.34,39.66,39.91,33.1313834979681,246800,0.0,1.0
2010-06-17,39.85,39.88,38.91,39.7,32.9570514875804,335400,0.0,1.0
2010-06-16,39.84,39.97,39.46,39.65,32.9155438660595,270200,0.0,1.0
2010-06-15,38.99,39.99,38.96,39.97,33.1811926437932,297800,0.0,1.0
2010-06-14,39.1,39.73,38.67,38.76,32.1767082029878,206200,0.0,1.0
2010-06-11,38.18,38.92,38.14,38.87,32.2680249703338,194000,0.0,1.0
2010-06-10,37.8,38.47,37.8,38.42,31.8944563766458,211900,0.0,1.0
2010-06-09,37.69,38.24,36.95,37.16,30.8484643143196,780600,0.0,1.0
2010-06-08,37.21,37.63,36.76,37.63,31.2386359566159,421200,0.0,1.0
2010-06-07,38.46,38.46,37.18,37.22,30.8982734601447,436500,0.0,1.0
2010-06-04,39.16,39.39,38.22,38.35,31.8363457065166,485900,0.0,1.0
2010-06-03,39.63,40.39,39.39,40.01,33.2143987410099,311600,0.0,1.0
2010-06-02,39.31,39.7806,38.75,39.78,33.0234636820138,432600,0.0,1.0
2010-06-01,38.66,39.54,38.51,39.02,32.3925478348964,613100,0.0,1.0
2010-05-28,39.4,39.44,38.43,38.89,32.2846280189421,346000,0.0,1.0
2010-05-27,38.5,39.49,38.49,39.49,32.7827194771927,299300,0.0,1.0
2010-05-26,37.88,38.846,37.57,38.04,31.5789984530871,540100,0.0,1.0
2010-05-25,37.36,37.8,36.73,37.69,31.2884451024409,700500,0.0,1.0
2010-05-24,37.9,38.61,37.77,38.2,31.7118228419539,761900,0.0,1.0
2010-05-21,37.17,38.2,37.01,38.13,31.6537121718247,646600,0.0,1.0
2010-05-20,38.24,38.24,37.03,37.64,31.2469374809201,946200,0.0,1.0
2010-05-19,39.71,40.11,38.62,39.0,32.3759447862881,360000,0.16,1.0
2010-05-18,40.76,40.88,39.72,40.0,33.0704236836446,913600,0.0,1.0
2010-05-17,40.4,41.15,39.85,40.52,33.500339191532,709300,0.0,1.0
2010-05-14,40.16,40.64,40.09,40.35,33.3597898908765,888600,0.0,1.0
2010-05-13,40.21,40.77,39.923,40.47,33.4590011619274,444700,0.0,1.0
2010-05-12,39.0,40.59,38.94,40.47,33.4590011619274,392000,0.0,1.0
2010-05-11,38.56,39.35,38.32,38.95,32.2023250619489,296500,0.0,1.0
2010-05-10,37.36,39.0,37.36,38.99,32.2353954856326,432900,0.0,1.0
2010-05-07,37.48,37.56,36.42,36.5,30.1767616113257,551400,0.0,1.0
2010-05-06,38.06,38.67,36.05,37.43,30.9456489619704,602700,0.0,1.0
2010-05-05,38.61,38.7,37.86,38.13,31.5243813764342,642700,0.0,1.0
2010-05-04,38.54,38.84,37.92,38.75,32.0369729435307,481000,0.0,1.0
2010-05-03,37.9,39.0,37.77,38.9,32.1609870323444,397500,0.0,1.0
2010-04-30,38.81,38.98,37.71,37.73,31.1936771395978,484700,0.0,1.0
2010-04-29,39.55,39.55,38.58,38.87,32.1361842145816,719400,0.0,1.0
2010-04-28,40.05,40.1,39.31,39.4,32.5743673283899,775100,0.0,1.0
2010-04-27,41.34,41.63,39.57,39.79,32.8968039593055,1559400,0.0,1.0
2010-04-26,41.13,41.74,41.1,41.63,34.4180434487531,330100,0.0,1.0
2010-04-23,40.86,41.14,40.74,41.08,33.963325123103,195500,0.0,1.0
2010-04-22,39.4,40.85,39.235,40.75,33.6904941277129,407200,0.0,1.0
2010-04-21,39.49,39.68,39.1,39.6,32.7397194468082,215700,0.0,1.0
2010-04-20,38.95,39.59,38.79,39.39,32.566099722469,197800,0.0,1.0
2010-04-19,38.55,38.96,38.2499,38.82,32.0948461849771,170700,0.0,1.0
2010-04-16,38.9,39.13,38.19,38.76,32.0452405494516,274200,0.0,1.0
2010-04-15,38.91,39.34,38.91,39.12,32.3428743626044,227600,0.0,1.0
2010-04-14,38.45,39.18,38.25,39.18,32.3924799981299,220400,0.0,1.0
2010-04-13,37.89,38.47,37.78,38.41,31.7558743422197,267000,0.0,1.0
2010-04-12,38.28,38.39,37.76,38.04,31.449972923146,367600,0.0,1.0
2010-04-09,38.38,38.525,37.93,38.16,31.5491841941969,308600,0.0,1.0
2010-04-08,38.66,38.66,37.87,38.39,31.7393391303779,219500,0.0,1.0
2010-04-07,38.56,39.21,38.405,38.83,32.103113790898,286300,0.0,1.0
2010-04-06,38.29,38.88,38.29,38.67,31.9708320961634,291800,0.0,1.0
2010-04-05,38.5,38.82,38.38,38.55,31.8716208251125,272900,0.0,1.0
2010-04-01,38.34,38.53,38.09,38.38,31.731071524457,171300,0.0,1.0
2010-03-31,38.27,38.53,38.08,38.1,31.4995785586715,231500,0.0,1.0
2010-03-30,38.42,38.7,38.1375,38.43,31.7724095540615,196800,0.0,1.0
2010-03-29,38.46,38.6,38.3,38.46,31.7972123718243,411400,0.0,1.0
2010-03-26,38.72,38.82,38.2175,38.3,31.6649306770897,527600,0.0,1.0
2010-03-25,38.82,39.22,38.55,38.63,31.9377616724798,601800,0.0,1.0
2010-03-24,38.63,38.82,38.44,38.55,31.8716208251125,321800,0.0,1.0
2010-03-23,37.95,38.76,37.95,38.68,31.9790997020843,256200,0.0,1.0
2010-03-22,37.27,38.12,37.03,38.07,31.4747757409087,120600,0.0,1.0
2010-03-19,37.9,38.17,37.27,37.58,31.0696630507841,481500,0.0,1.0
2010-03-18,38.09,38.21,37.74,37.93,31.359029258016,162600,0.0,1.0
2010-03-17,38.11,38.57,37.96,38.19,31.5739870119597,227500,0.0,1.0
2010-03-16,37.56,37.96,37.39,37.93,31.359029258016,246000,0.0,1.0
2010-03-15,37.33,37.68,37.03,37.61,31.0944658685468,251900,0.0,1.0
2010-03-12,36.98,37.43,36.8,37.28,30.8216348731568,223200,0.0,1.0
2010-03-11,36.87,37.24,36.41,37.05,30.6314799369758,248000,0.0,1.0
2010-03-10,37.11,37.1525,36.67,37.08,30.6562827547385,366600,0.0,1.0
2010-03-09,36.3,37.27,36.25,37.18,30.7389588139477,669500,0.0,1.0
2010-03-08,36.18,36.47,36.16,36.35,30.052747522512,283500,0.0,1.0
2010-03-05,35.79,36.09,35.79,36.03,29.7881841330429,197000,0.0,1.0
2010-03-04,35.82,36.06,35.61,35.76,29.5649587731783,233900,0.0,1.0
2010-03-03,35.75,36.03,35.41,35.69,29.5070855317319,258400,0.0,1.0
2010-03-02,35.31,35.87,35.19,35.78,29.5814939850201,408800,0.0,1.0
2010-03-01,34.43,35.34,34.19,35.32,29.2011841126582,381200,0.0,1.0
2010-02-26,34.67,34.67,34.23,34.3,28.3578883087252,363400,0.0,1.0
2010-02-25,34.32,34.86,34.07,34.74,28.7216629692453,436300,0.0,1.0
2010-02-24,34.5,34.99,34.44,34.77,28.7464657870081,371000,0.0,1.0
2010-02-23,34.44,34.68,34.19,34.33,28.382691126488,190800,0.0,1.0
2010-02-22,34.83,34.83,34.39,34.49,28.5149728212226,98700,0.0,1.0
2010-02-19,34.66,34.91,34.44,34.7,28.6885925455617,154600,0.0,1.0
2010-02-18,34.63,34.8,34.23,34.75,28.7299305751662,244400,0.0,1.0
2010-02-17,34.91,35.05,34.39,34.49,28.5149728212226,247000,0.16,1.0
2010-02-16,34.86,35.04,34.69,35.0,28.8030028497198,206000,0.0,1.0
2010-02-12,34.07,34.57,33.89,34.51,28.3997608098237,375000,0.0,1.0
2010-02-11,33.93,34.54,33.5,34.45,28.3503842335099,400800,0.0,1.0
2010-02-10,34.22,34.35,33.8,33.89,27.8895361879144,160800,0.0,1.0
2010-02-09,34.61,34.92,34.29,34.4,28.3092370865817,259700,0.0,1.0
2010-02-08,34.26,34.57,33.49,34.21,28.1528779282547,336700,0.0,1.0
2010-02-05,35.78,35.81,33.68,34.25,28.1857956457972,1227300,0.0,1.0
2010-02-04,35.53,36.18,35.15,35.63,29.3214569010147,540200,0.0,1.0
2010-02-03,34.91,36.73,34.5,35.68,29.3626040479429,1060500,0.0,1.0
2010-02-02,34.03,34.53,33.8,34.21,28.1528779282547,526600,0.0,1.0
2010-02-01,33.69,34.19,33.65,34.04,28.0129776286989,183300,0.0,1.0
2010-01-29,33.88,34.2,33.43,33.52,27.5850473006459,454100,0.0,1.0
2010-01-28,34.14,34.29,33.51,33.9,27.8977656173,237200,0.0,1.0
2010-01-27,34.53,34.63,33.86,34.14,28.0952719225552,344600,0.0,1.0
2010-01-26,34.63,35.02,34.22,34.61,28.48205510368,286100,0.0,1.0
2010-01-25,35.24,35.4,34.73,34.77,28.6137259738502,166900,0.0,1.0
2010-01-22,35.95,36.05,34.82,34.92,28.7371674146347,227600,0.0,1.0
2010-01-21,36.5,36.8,35.73,35.88,29.5271926356556,193400,0.0,1.0
2010-01-20,36.15,36.63,35.695,36.57,30.0950232632643,247700,0.0,1.0
2010-01-19,35.83,36.47,35.76,36.41,29.9633523930942,189800,0.0,1.0
2010-01-15,36.71,36.81,35.69,35.9,29.5436514944268,281800,0.0,1.0
2010-01-14,36.41,37.0,36.41,36.87,30.3419061448333,205700,0.0,1.0
2010-01-13,36.47,36.55,35.9375,36.55,30.0785644044931,314800,0.0,1.0
2010-01-12,35.78,36.54,35.78,36.28,29.8563698110809,400500,0.0,1.0
2010-01-11,35.44,35.99,35.13,35.95,29.584798641355,201700,0.0,1.0
2010-01-08,35.32,35.53,34.98,35.4,29.1321800251451,242700,0.0,1.0
2010-01-07,34.91,35.73,34.685,35.63,29.3214569010147,256800,0.0,1.0
2010-01-06,35.19,35.51,35.0,35.05,28.8441499966479,268000,0.0,1.0
2010-01-05,35.1,35.68,35.0,35.17,28.9429031492755,463700,0.0,1.0
2010-01-04,34.41,35.23,34.41,35.11,28.8935265729617,286600,0.0,1.0
2009-12-31,34.99,35.02,34.26,34.26,28.1940250751828,235800,0.0,1.0
2009-12-30,34.97,35.32,34.85,35.02,28.819461708491,155200,0.0,1.0
2009-12-29,35.06,35.18,34.87,35.01,28.8112322791054,306800,0.0,1.0
2009-12-28,34.99,35.14,34.74,34.92,28.7371674146347,246500,0.0,1.0
2009-12-24,34.86,34.97,34.6901,34.87,28.6960202677065,82300,0.0,1.0
2009-12-23,34.53,34.97,34.52,34.73,28.5808082563076,237000,0.0,1.0
2009-12-22,34.35,34.82,34.35,34.6,28.4738256742944,323800,0.0,1.0
2009-12-21,34.05,34.45,34.03,34.17,28.1199602107121,398000,0.0,1.0
2009-12-18,34.11,34.35,33.86,34.0,27.9800599111563,529500,0.0,1.0
2009-12-17,33.72,34.16,33.48,33.94,27.9306833348425,427300,0.0,1.0
2009-12-16,33.78,34.08,33.67,33.92,27.9142244760713,194400,0.0,1.0
2009-12-15,33.34,33.82,33.13,33.69,27.7249476002017,280000,0.0,1.0
2009-12-14,33.35,33.54,32.99,33.53,27.5932767300315,205600,0.0,1.0
2009-12-11,32.9,33.31,32.87,33.2,27.3217055603056,166400,0.0,1.0
2009-12-10,33.27,33.44,32.75,32.83,27.0172166730371,189200,0.0,1.0
2009-12-09,32.37,33.13,32.18,33.02,27.1735758313642,369000,0.0,1.0
2009-12-08,32.73,32.915,32.24,32.48,26.7291866445399,1769900,0.0,1.0
2009-12-07,33.4,33.62,32.68,32.87,27.0501343905797,965000,0.0,1.0
2009-12-04,33.24,33.79,32.98,33.53,27.5932767300315,319900,0.0,1.0
2009-12-03,33.22,33.54,32.57,32.61,26.8361692265532,226000,0.0,1.0
2009-12-02,32.25,33.15,32.18,33.08,27.222952407678,290200,0.0,1.0
2009-12-01,32.38,32.64,32.23,32.3,26.5810569155985,266800,0.0,1.0
2009-11-30,32.17,32.25,31.76,32.11,26.4246977572715,292600,0.0,1.0
2009-11-27,31.94,32.54,31.77,32.11,26.4246977572715,86700,0.0,1.0
2009-11-25,32.82,33.01,32.59,32.68,26.8937752322526,245600,0.0,1.0
2009-11-24,32.99,33.11,32.51,32.86,27.041904961194,231200,0.0,1.0
2009-11-23,33.05,33.43,32.76,32.9,27.0748226787366,297300,0.0,1.0
2009-11-20,32.54,32.76,32.24,32.68,26.8937752322526,165700,0.0,1.0
2009-11-19,33.11,33.11,32.48,32.77,26.9678400967233,208700,0.0,1.0
2009-11-18,33.64,33.74,33.2,33.35,27.4451470010901,180700,0.0,1.0
2009-11-17,33.5,33.71,33.09,33.6,27.650882735731,302000,0.0,1.0
2009-11-16,33.49,34.16,33.28,33.72,27.7496358883586,224700,0.0,1.0
2009-11-13,32.92,33.33,32.52,33.27,27.379311566005,320100,0.0,1.0
2009-11-12,33.67,33.88,32.62,32.72,26.9266929497952,228300,0.16,1.0
2009-11-11,33.29,33.86,32.92,33.79,27.6719268483448,377400,0.0,1.0
2009-11-10,32.19,33.19,32.19,33.09,27.0986700033066,488400,0.0,1.0
2009-11-09,32.25,32.62,32.11,32.42,26.54998130877,227700,0.0,1.0
2009-11-06,31.81,32.35,31.64,32.04,26.2387847357493,351100,0.0,1.0
2009-11-05,31.46,32.2,31.17,32.19,26.3616254882575,264500,0.0,1.0
2009-11-04,31.88,31.93,31.03,31.17,25.5263083712018,431200,0.0,1.0
2009-11-03,30.96,31.83,30.68,31.68,25.9439669297296,415900,0.0,1.0
2009-11-02,31.03,31.78,30.56,31.05,25.4280357691952,361500,0.0,1.0
2009-10-30,31.72,31.79,30.58,31.04,25.4198463856947,457900,0.0,1.0
2009-10-29,31.8,32.04,31.54,31.82,26.0586182987373,349400,0.0,1.0
2009-10-28,32.64,32.69,31.31,31.54,25.829315560722,522200,0.0,1.0
2009-10-27,33.05,33.25,32.51,32.6,26.6973902117799,389900,0.0,1.0
2009-10-26,33.0,33.7,32.32,32.87,26.9185035662946,569200,0.0,1.0
2009-10-23,33.66,33.68,32.84,33.06,27.074101852805,389200,0.0,1.0
2009-10-22,33.12,33.86,32.8,33.71,27.6064117803405,421900,0.0,1.0
2009-10-21,34.16,34.67,33.02,33.16,27.1559956878104,620500,0.0,1.0
2009-10-20,35.9,36.0,32.24,34.05,27.884850819359,1732800,0.0,1.0
2009-10-19,35.72,36.655,35.495,36.19,29.6373788884759,605500,0.0,1.0
2009-10-16,35.8,35.8,35.32,35.58,29.1378264949426,289100,0.0,1.0
2009-10-15,35.96,36.32,35.74,36.13,29.5882425874726,396200,0.0,1.0
2009-10-14,36.18,36.39,35.92,36.28,29.7110833399808,162900,0.0,1.0
2009-10-13,35.84,36.47,35.51,35.74,29.2688566309513,389400,0.0,1.0
2009-10-12,34.91,36.17,34.91,35.83,29.3425610824562,572700,0.0,1.0
2009-10-09,34.73,34.97,34.55,34.93,28.6055165674071,205500,0.0,1.0
2009-10-08,34.65,34.96,34.42,34.78,28.4826758148989,263100,0.0,1.0
2009-10-07,34.22,34.55,34.18,34.42,28.1878580088792,371400,0.0,1.0
2009-10-06,33.58,34.5,33.45,34.41,28.1796686253787,407200,0.0,1.0
2009-10-05,32.49,33.46,32.28,33.46,27.4016771928268,289200,0.0,1.0
2009-10-02,33.02,33.4,32.2,32.48,26.5991176097733,486400,0.0,1.0
2009-10-01,33.97,34.1,33.3,33.34,27.3034045908203,324600,0.0,1.0
2009-09-30,34.5,34.74,33.46,33.91,27.7701994503514,527300,0.0,1.0
2009-09-29,34.18,35.0,34.09,34.63,28.3598350623907,541700,0.0,1.0
2009-09-28,33.52,34.59,33.33,34.18,27.9913128048661,174900,0.0,1.0
2009-09-25,33.88,34.0,33.3,33.38,27.3361621248225,242900,0.0,1.0
2009-09-24,34.63,34.76,33.33,33.83,27.704684382347,389600,0.0,1.0
2009-09-23,34.44,34.88,34.21,34.57,28.3106987613874,414700,0.0,1.0
2009-09-22,34.87,34.87,34.01,34.47,28.228804926382,370900,0.0,1.0
2009-09-21,33.49,34.66,33.41,34.6,28.3352669118891,566700,0.0,1.0
2009-09-18,33.78,34.21,33.67,33.83,27.704684382347,352000,0.0,1.0
2009-09-17,33.81,34.033,33.54,33.83,27.704684382347,406500,0.0,1.0
2009-09-16,33.48,33.87,33.25,33.76,27.6473586978432,502700,0.0,1.0
2009-09-15,33.35,33.42,33.03,33.3,27.2706470568181,443100,0.0,1.0
2009-09-14,33.26,33.43,32.88,33.27,27.2460789063164,379200,0.0,1.0
2009-09-11,33.65,33.9,33.1,33.39,27.344351508323,493800,0.0,1.0
2009-09-10,32.64,33.51,32.34,33.51,27.4426241103296,634800,0.0,1.0
2009-09-09,32.45,32.78,32.24,32.56,26.6646326777777,416900,0.0,1.0
2009-09-08,32.58,33.0,32.05,32.3,26.4517087067635,779200,0.0,1.0
2009-09-04,32.15,32.49,31.63,32.46,26.5827388427722,200900,0.0,1.0
2009-09-03,32.19,32.3,31.82,32.24,26.4025724057602,356600,0.0,1.0
2009-09-02,32.19,32.4299,31.9,32.01,26.2142165852477,305500,0.0,1.0
2009-09-01,32.92,33.7,32.11,32.24,26.4025724057602,495400,0.0,1.0
2009-08-31,32.94,33.01,32.3,32.99,27.0167761683012,435900,0.0,1.0
2009-08-28,33.57,33.83,32.9102,33.21,27.1969426053132,298700,0.0,1.0
2009-08-27,33.52,33.8175,32.6,33.36,27.3197833578214,239100,0.0,1.0
2009-08-26,33.7,33.75,33.3,33.47,27.4098665763274,344900,0.0,1.0
2009-08-25,33.6,33.84,33.43,33.65,27.5572754793372,393700,0.0,1.0
2009-08-24,33.44,33.85,33.32,33.55,27.4753816443317,298300,0.0,1.0
2009-08-21,32.94,33.56,32.75,33.5,27.434434726829,420000,0.0,1.0
2009-08-20,32.66,32.85,32.47,32.63,26.7219583622815,266600,0.0,1.0
2009-08-19,32.1,32.84,32.0,32.72,26.7956628137864,314600,0.0,1.0
2009-08-18,31.87,32.4,31.74,32.36,26.5008450077668,315700,0.0,1.0
2009-08-17,31.87,32.01,31.57,31.62,25.8948306287264,250300,0.0,1.0
2009-08-14,33.05,33.18,32.19,32.47,26.5909282262728,431600,0.0,1.0
2009-08-13,32.58,33.19,32.49,33.15,27.1478063043099,447600,0.0,1.0
2009-08-12,32.65,32.73,32.17,32.54,26.6482539107766,528900,0.16,1.0
2009-08-11,32.66,32.66,32.0,32.6,26.566760779551,564400,0.0,1.0
2009-08-10,33.24,33.29,32.44,32.68,26.6319552845315,525200,0.0,1.0
2009-08-07,32.9,33.25,32.21,33.24,27.0883168193949,740500,0.0,1.0
2009-08-06,32.61,32.74,31.98,32.44,26.43637176959,487700,0.0,1.0
2009-08-05,32.89,32.89,32.09,32.59,26.5586114664284,609300,0.0,1.0
2009-08-04,32.16,32.86,32.0,32.85,26.770493607615,611700,0.0,1.0
2009-08-03,31.5,32.25,31.12,32.2,26.2407882546485,732500,0.0,1.0
2009-07-31,31.39,31.87,31.29,31.33,25.5317980129856,587800,0.0,1.0
2009-07-30,31.48,31.85,31.05,31.39,25.580693891721,608700,0.0,1.0
2009-07-29,31.33,31.7,30.87,30.92,25.1976761749606,928000,0.0,1.0
2009-07-28,30.43,31.67,30.43,31.27,25.4829021342503,711600,0.0,1.0
2009-07-27,30.67,31.13,30.53,30.73,25.0428392256319,761700,0.0,1.0
2009-07-24,30.71,31.06,30.32,30.8,25.0998844174899,665200,0.0,1.0
2009-07-23,28.71,31.08,28.71,30.91,25.1895268618381,2442000,0.0,1.0
2009-07-22,26.07,29.17,26.07,28.65,23.3477820961391,2949000,0.0,1.0
2009-07-21,24.8,25.39,24.8,25.28,20.6014635738358,1023500,0.0,1.0
2009-07-20,24.05,24.59,24.0,24.57,20.022862342134,312200,0.0,1.0
2009-07-17,23.95,24.2,23.81,24.05,19.5990980597608,321600,0.0,1.0
2009-07-16,23.88,24.1,23.85,24.02,19.5746501203931,401700,0.0,1.0
2009-07-15,23.71,24.13,23.71,24.05,19.5990980597608,589900,0.0,1.0
2009-07-14,22.96,23.39,22.87,23.33,19.0123475149363,379800,0.0,1.0
2009-07-13,22.85,23.03,22.29,23.0,18.7434201818918,179500,0.0,1.0
2009-07-10,22.4,22.89,22.225,22.79,18.572284606318,255800,0.0,1.0
2009-07-09,22.88,22.99,22.31,22.6,18.4174476569893,325900,0.0,1.0
2009-07-08,23.2,23.48,22.64,22.85,18.6211804850534,455300,0.0,1.0
2009-07-07,24.02,24.05,23.14,23.2,18.906406444343,528300,0.0,1.0
2009-07-06,24.0,24.16,23.37,24.09,19.631695312251,567600,0.0,1.0
2009-07-02,24.54,24.79,24.03,24.03,19.5827994335156,183100,0.0,1.0
2009-07-01,24.25,24.97,24.16,24.79,20.2021472308303,433900,0.0,1.0
2009-06-30,24.4,24.54,23.98,24.04,19.5909487466382,496700,0.0,1.0
2009-06-29,24.72,24.99,24.25,24.4,19.8843240190504,250900,0.0,1.0
2009-06-26,24.53,24.71,24.35,24.65,20.0880568471145,680000,0.0,1.0
2009-06-25,23.99,24.74,23.77,24.74,20.1614006652175,218800,0.0,1.0
2009-06-24,24.08,24.25,23.91,23.99,19.5502021810254,264300,0.0,1.0
2009-06-23,24.03,24.14,23.44,24.0,19.558351494148,426200,0.0,1.0
2009-06-22,24.5,24.5,23.8,24.0,19.558351494148,295400,0.0,1.0
2009-06-19,25.05,25.18,24.59,24.68,20.1125047864821,299300,0.0,1.0
2009-06-18,24.71,24.97,24.37,24.75,20.1695499783401,329700,0.0,1.0
2009-06-17,24.92,24.92,24.41,24.69,20.1206540996047,250500,0.0,1.0
2009-06-16,25.66,25.86,24.79,24.82,20.226595170198,319700,0.0,1.0
2009-06-15,25.68,26.05,25.41,25.58,20.8459429675127,485200,0.0,1.0
2009-06-12,25.9,26.17,25.4,26.05,21.2289606842731,384100,0.0,1.0
2009-06-11,25.61,26.29,25.55,25.97,21.1637661792926,462100,0.0,1.0
2009-06-10,25.2,25.62,25.1,25.51,20.7888977756548,502200,0.0,1.0
2009-06-09,24.63,25.3,24.5,25.2,20.5362690688554,727400,0.0,1.0
2009-06-08,24.52,24.98,24.25,24.64,20.0799075339919,487100,0.0,1.0
2009-06-05,24.13,24.87,23.98,24.86,20.2591924226883,1156900,0.0,1.0
2009-06-04,23.42,24.09,23.37,24.02,19.5746501203931,784000,0.0,1.0
2009-06-03,23.12,23.37,22.75,23.37,19.0449447674266,590800,0.0,1.0
2009-06-02,23.4,23.57,23.12,23.34,19.0204968280589,456700,0.0,1.0
2009-06-01,23.27,23.63,23.07,23.37,19.0449447674266,520400,0.0,1.0
2009-05-29,22.75,22.96,22.62,22.87,18.6374791112985,408500,0.0,1.0
2009-05-28,23.1,23.12,22.2324,22.63,18.441895596357,379400,0.0,1.0
2009-05-27,23.44,23.54,22.96,23.15,18.8656598787302,437100,0.0,1.0
2009-05-26,22.69,23.93,22.5,23.51,19.1590351511424,361100,0.0,1.0
2009-05-22,22.85,23.1697,22.56,22.86,18.6293297981759,338600,0.0,1.0
2009-05-21,23.14,23.14,22.38,22.68,18.4826421619698,447400,0.0,1.0
2009-05-20,23.46,23.91,23.05,23.3,18.9878995755686,547000,0.0,1.0
2009-05-19,22.92,23.51,22.66,23.37,19.0449447674266,378800,0.0,1.0
2009-05-18,22.83,23.01,22.54,22.88,18.6456284244211,398900,0.0,1.0
2009-05-15,22.22,22.76,22.09,22.64,18.4500449094796,577600,0.0,1.0
2009-05-14,21.55,22.49,21.55,22.36,18.2218641420478,566700,0.155,1.0
2009-05-13,22.48,22.48,21.52,21.75,17.6027335149696,449900,0.0,1.0
2009-05-12,23.21,23.39,22.41,22.7,18.3715885420602,317800,0.0,1.0
2009-05-11,23.12,23.39,22.67,23.17,18.7519694501998,358600,0.0,1.0
2009-05-08,23.7,23.8,22.93,23.19,18.7681558718228,1137400,0.0,1.0
2009-05-07,24.02,24.08,23.1,23.35,18.8976472448064,436900,0.0,1.0
2009-05-06,24.03,24.24,23.23,23.77,19.2375620988886,529300,0.0,1.0
2009-05-05,24.32,24.3399,23.72,23.95,19.3832398934953,429200,0.0,1.0
2009-05-04,23.52,24.15,23.34,24.13,19.5289176881019,740700,0.0,1.0
2009-05-01,22.66,23.92,22.5,23.53,19.0433250394131,866900,0.0,1.0
2009-04-30,22.55,23.31,22.44,22.75,18.4120545961176,782400,0.0,1.0
2009-04-29,21.59,22.51,21.53,22.44,18.1611650609617,943000,0.0,1.0
2009-04-28,21.11,21.82,20.95,21.47,17.3761236122482,560800,0.0,1.0
2009-04-27,20.66,21.33,20.32,21.22,17.1737933419611,508600,0.0,1.0
2009-04-24,20.8,21.06,20.42,20.83,16.8581581203134,825400,0.0,1.0
2009-04-23,20.87,21.0,20.48,20.81,16.8419716986905,391600,0.0,1.0
2009-04-22,19.85,21.28,19.81,20.87,16.8905309635593,1260000,0.0,1.0
2009-04-21,20.25,20.48,19.75,20.0,16.1864216229606,832200,0.0,1.0
2009-04-20,20.79,20.99,20.18,20.26,16.396845104059,354000,0.0,1.0
2009-04-17,21.3,21.4,20.94,21.2,17.1576069203382,170300,0.0,1.0
2009-04-16,21.29,21.41,20.93,21.23,17.1818865527726,207700,0.0,1.0
2009-04-15,20.67,21.12,20.62,21.08,17.0604883906004,431100,0.0,1.0
2009-04-14,20.78,21.02,20.4,20.69,16.7448531689527,369300,0.0,1.0
2009-04-13,20.89,21.05,20.39,20.96,16.9633698608627,439100,0.0,1.0
2009-04-09,20.44,21.11,20.43,21.01,17.0038359149201,431300,0.0,1.0
2009-04-08,19.9,20.09,19.74,20.08,16.2511673094524,322600,0.0,1.0
2009-04-07,20.25,20.32,19.69,19.74,15.9759981418621,500100,0.0,1.0
2009-04-06,20.77,21.07,20.56,20.81,16.8419716986905,628400,0.0,1.0
2009-04-03,20.76,21.15,20.48,20.86,16.8824377527479,412800,0.0,1.0
2009-04-02,20.52,20.92,20.48,20.7,16.7529463797642,682000,0.0,1.0
2009-04-01,19.31,20.13,18.88,20.07,16.2430740986409,633500,0.0,1.0
2009-03-31,19.5,20.22,19.14,19.63,15.8869728229358,635500,0.0,1.0
2009-03-30,19.96,20.08,19.22,19.38,15.6846425526488,496100,0.0,1.0
2009-03-27,20.35,20.87,20.14,20.45,16.5506161094772,654600,0.0,1.0
2009-03-26,21.11,21.48,20.44,20.64,16.7043871148953,1132400,0.0,1.0
2009-03-25,21.99,22.68,21.4105,22.1,17.8859958933714,241200,0.0,1.0
2009-03-24,21.61,22.44,21.61,21.92,17.7403180987648,387200,0.0,1.0
2009-03-23,20.93,21.96,20.41,21.96,17.7726909420107,489400,0.0,1.0
2009-03-20,21.34,21.47,20.4,20.54,16.6234550067805,357600,0.0,1.0
2009-03-19,21.5,21.67,21.09,21.23,17.1818865527726,295200,0.0,1.0
2009-03-18,20.7,21.41,20.36,21.26,17.2061661852071,480800,0.0,1.0
2009-03-17,20.81,20.96,20.53,20.72,16.7691328013871,587000,0.0,1.0
2009-03-16,21.0,21.41,20.7,20.76,16.8015056446331,293100,0.0,1.0
2009-03-13,20.69,20.94,20.32,20.84,16.8662513311249,293500,0.0,1.0
2009-03-12,19.86,20.62,19.34,20.51,16.599175374346,505000,0.0,1.0
2009-03-11,19.51,20.24,19.45,19.98,16.1702352013376,426700,0.0,1.0
2009-03-10,18.57,19.63,18.46,19.56,15.8303203472554,655800,0.0,1.0
2009-03-09,18.07,18.7793,18.07,18.34,14.8429486282548,393600,0.0,1.0
2009-03-06,18.5,18.76,17.76,18.11,14.6568047795908,762600,0.0,1.0
2009-03-05,18.88,19.2,18.14,18.27,14.7862961525745,340300,0.0,1.0
2009-03-04,18.73,19.53,18.62,19.24,15.5713376012881,648900,0.0,1.0
2009-03-03,19.3,19.35,18.37,18.72,15.1504906390911,602400,0.0,1.0
2009-03-02,19.53,19.58,18.63,19.09,15.4499394391158,740700,0.0,1.0
2009-02-27,18.94,20.33,18.83,19.82,16.0407438283539,643700,0.0,1.0
2009-02-26,19.94,20.01,19.2,19.3,15.6198968661569,436100,0.0,1.0
2009-02-25,20.08,20.2,19.3,19.69,15.9355320878047,418900,0.0,1.0
2009-02-24,19.61,20.47,19.11,20.25,16.3887518932476,464200,0.0,1.0
2009-02-23,20.6,20.73,19.33,19.35,15.6603629202143,333900,0.0,1.0
2009-02-20,20.74,21.37,19.99,20.42,16.5263364770427,632800,0.0,1.0
2009-02-19,21.14,21.33,20.96,21.01,17.0038359149201,509300,0.0,1.0
2009-02-18,20.87,21.29,20.51,21.01,17.0038359149201,469700,0.155,1.0
2009-02-17,20.86,21.19,20.45,20.86,16.7588007174691,414100,0.0,1.0
2009-02-13,21.63,21.91,21.35,21.41,17.2006674669709,354600,0.0,1.0
2009-02-12,21.16,21.55,20.885,21.52,17.2890408168712,540100,0.0,1.0
2009-02-11,21.23,21.62,21.14,21.43,17.2167353487709,400800,0.0,1.0
2009-02-10,21.55,22.06,20.99,21.2,17.0319547080702,632100,0.0,1.0
2009-02-09,21.6,22.02,21.34,21.64,17.3854481076716,617700,0.0,1.0
2009-02-06,20.07,22.12,20.07,21.87,17.5702287483724,1015000,0.0,1.0
2009-02-05,18.49,19.91,18.16,19.57,15.7224223413648,442600,0.0,1.0
2009-02-04,18.71,19.04,18.464,18.57,14.9190282513615,394900,0.0,1.0
2009-02-03,18.49,18.86,18.38,18.66,14.9913337194618,513600,0.0,1.0
2009-02-02,18.32,18.61,18.13,18.51,14.8708246059613,540900,0.0,1.0
2009-01-30,19.07,19.3,18.41,18.67,14.9993676603618,352200,0.0,1.0
2009-01-29,19.47,19.6,18.94,19.18,15.4090986462635,357000,0.0,1.0
2009-01-28,19.27,19.8,19.27,19.67,15.8027617503651,339400,0.0,1.0
2009-01-27,18.77,19.24,18.77,19.04,15.296623473663,388600,0.0,1.0
2009-01-26,18.31,18.82,18.0911,18.59,14.9350961331615,398600,0.0,1.0
2009-01-23,17.93,18.58,17.92,18.23,14.6458742607603,572600,0.0,1.0
2009-01-22,18.25,18.61,17.93,18.43,14.806553078761,617100,0.0,1.0
2009-01-21,18.94,19.03,18.04,18.58,14.9270621922615,1042200,0.0,1.0
2009-01-20,19.87,20.04,18.865,18.92,15.2002161828626,315500,0.0,1.0
2009-01-16,20.44,20.81,19.52,19.94,16.019678154666,563800,0.0,1.0
2009-01-15,19.67,20.28,19.13,20.13,16.1723230317666,327000,0.0,1.0
2009-01-14,20.41,20.57,19.74,20.0,16.0678818000662,293600,0.0,1.0
2009-01-13,20.49,20.99,20.33,20.78,16.6945291902688,374400,0.0,1.0
2009-01-12,21.0,21.1,20.41,20.64,16.5820540176683,355400,0.0,1.0
2009-01-09,21.46,21.58,20.64,20.97,16.8471740673694,274000,0.0,1.0
2009-01-08,21.74,21.78,21.21,21.61,17.3613462849715,342800,0.0,1.0
2009-01-07,21.4,22.01,21.3845,21.75,17.473821457572,753800,0.0,1.0
2009-01-06,21.52,21.78,21.33,21.62,17.3693802258716,491700,0.0,1.0
2009-01-05,21.23,21.46,20.69,21.32,17.1283619988706,421200,0.0,1.0
2009-01-02,20.67,21.38,20.35,21.31,17.1203280579705,442700,0.0,1.0
2008-12-31,20.06,20.91,20.06,20.7,16.6302576630685,368800,0.0,1.0
2008-12-30,19.31,20.14,19.19,20.06,16.1160854454664,445100,0.0,1.0
2008-12-29,19.26,19.41,18.73,19.12,15.3608950008633,236900,0.0,1.0
2008-12-26,18.96,19.35,18.72,19.33,15.529607759764,172800,0.0,1.0
2008-12-24,19.16,19.16,18.87,18.94,15.2162840646627,120000,0.0,1.0
2008-12-23,20.09,20.32,18.87,19.19,15.4171325871635,602800,0.0,1.0
2008-12-22,20.18,20.25,19.36,20.02,16.0839496818663,475400,0.0,1.0
2008-12-19,20.5,20.54,19.94,20.23,16.252662440767,672700,0.0,1.0
2008-12-18,20.81,21.15,19.91,20.3,16.3089000270672,766500,0.0,1.0
2008-12-17,20.07,21.19,20.07,20.81,16.7186310129689,637100,0.0,1.0
2008-12-16,21.01,21.85,21.01,21.84,17.5461269256723,573400,0.0,1.0
2008-12-15,21.14,21.41,20.45,20.77,16.6864952493688,309500,0.0,1.0
2008-12-12,19.63,21.15,19.39,20.95,16.8311061855693,357900,0.0,1.0
2008-12-11,21.0,21.33,19.93,20.19,16.2205266771668,261500,0.0,1.0
2008-12-10,21.05,21.45,20.93,21.13,16.9757171217699,373100,0.0,1.0
2008-12-09,21.05,21.29,20.39,20.88,16.7748685992691,694900,0.0,1.0
2008-12-08,21.05,21.3,19.52,21.18,17.0158868262701,1025400,0.0,1.0
2008-12-05,19.99,21.43,19.69,21.43,17.2167353487709,822000,0.0,1.0
2008-12-04,20.23,20.87,19.82,20.27,16.2847982043671,335100,0.0,1.0
2008-12-03,19.37,20.79,19.28,20.47,16.4454770223678,505300,0.0,1.0
2008-12-02,19.03,19.83,18.87,19.64,15.778659927665,668400,0.0,1.0
2008-12-01,20.63,20.63,18.85,18.88,15.1680804192625,514600,0.0,1.0
2008-11-28,20.14,21.24,19.87,21.23,17.0560565307703,151200,0.0,1.0
2008-11-26,19.52,20.38,19.15,20.2,16.2285606180669,496900,0.0,1.0
2008-11-25,18.63,19.95,18.4,19.89,15.9795084501658,575400,0.0,1.0
2008-11-24,18.1,18.74,17.84,18.4,14.7824512560609,752700,0.0,1.0
2008-11-21,17.26,18.08,16.6,18.0,14.4610936200596,911600,0.0,1.0
2008-11-20,18.04,18.8,17.2,17.26,13.8665819934571,661200,0.0,1.0
2008-11-19,19.4,19.95,18.25,18.28,14.6860439652605,473100,0.0,1.0
2008-11-18,19.65,19.9,18.63,19.4,15.5858453460642,457700,0.0,1.0
2008-11-17,19.88,20.51,19.57,19.61,15.7545581049649,460000,0.0,1.0
2008-11-14,20.29,20.92,19.65,19.99,16.0598478591662,504600,0.0,1.0
2008-11-13,19.45,20.59,18.45,20.59,16.5418843131682,691400,0.0,1.0
2008-11-12,20.18,20.3,19.27,19.3,15.5055059370639,364600,0.155,1.0
2008-11-11,21.47,21.49,20.35,20.56,16.386183606581,607700,0.0,1.0
2008-11-10,22.61,22.81,21.5,21.66,17.2628763092677,347600,0.0,1.0
2008-11-07,21.76,22.45,21.48,22.07,17.5896435893601,377900,0.0,1.0
2008-11-06,22.26,22.99,21.59,21.63,17.2389665082854,652300,0.0,1.0
2008-11-05,22.34,23.03,21.81,22.34,17.8048317982013,581100,0.0,1.0
2008-11-04,22.36,22.69,21.95,22.55,17.9722004050779,365500,0.0,1.0
2008-11-03,22.86,23.15,21.86,22.03,17.5577638547169,477500,0.0,1.0
2008-10-31,21.39,23.34,21.1,23.25,18.5300957613331,835300,0.0,1.0
2008-10-30,20.92,21.37,20.37,21.32,16.9918985648009,594000,0.0,1.0
2008-10-29,20.58,21.1,19.76,20.44,16.2905444026515,696700,0.0,1.0
2008-10-28,19.45,20.34,18.68,20.3,16.1789653314005,767600,0.0,1.0
2008-10-27,19.13,19.75,18.71,18.83,15.0073850832646,523300,0.0,1.0
2008-10-24,18.3,19.78,18.01,19.42,15.4776111692511,662300,0.0,1.0
2008-10-23,19.88,20.07,19.06,19.76,15.7485889137179,1048000,0.0,1.0
2008-10-22,19.89,20.18,19.25,19.82,15.7964085156827,1075200,0.0,1.0
2008-10-21,21.17,21.32,19.68,20.48,16.3224241372947,1071400,0.0,1.0
2008-10-20,21.7,22.32,21.33,22.07,17.5896435893601,574600,0.0,1.0
2008-10-17,20.43,22.3,20.28,21.32,16.9918985648009,584300,0.0,1.0
2008-10-16,21.76,21.76,20.17,21.25,16.9361090291754,1004000,0.0,1.0
2008-10-15,23.56,23.77,21.7,21.7,17.2947560439109,595000,0.0,1.0
2008-10-14,26.92,27.5,23.44,24.02,19.1437806532138,802400,0.0,1.0
2008-10-13,25.4,26.01,24.69,26.01,20.7297974517107,192900,0.0,1.0
2008-10-10,23.17,24.96,22.39,24.41,19.4546080659846,761800,0.0,1.0
2008-10-09,25.82,26.2,23.96,24.21,19.2952093927688,643500,0.0,1.0
2008-10-08,25.13,26.6,24.57,25.51,20.3313007686713,623700,0.0,1.0
2008-10-07,27.81,27.9,25.338,25.85,20.6022785131381,690500,0.0,1.0
2008-10-06,26.76,27.32,25.224,27.25,21.7180692256485,717100,0.0,1.0
2008-10-03,28.6,29.26,27.29,27.37,21.8137084295779,698400,0.0,1.0
2008-10-02,30.09,30.17,28.15,28.19,22.4672429897626,546700,0.0,1.0
2008-10-01,29.47,30.4,29.47,30.25,24.109049323885,501700,0.0,1.0
2008-09-30,30.01,30.74,29.38,29.97,23.8858911813829,752300,0.0,1.0
2008-09-29,31.12,31.12,29.56,30.06,23.95762058433,830700,0.0,1.0
2008-09-26,31.7,31.93,31.15,31.42,25.0415315621972,527900,0.0,1.0
2008-09-25,33.52,33.52,31.92,32.19,25.655216454078,599700,0.0,1.0
2008-09-24,34.68,34.68,33.27,33.37,26.595668626051,692700,0.0,1.0
2008-09-23,35.1,35.1,33.94,34.21,27.2651430535572,389900,0.0,1.0
2008-09-22,36.2,36.25,34.88,35.17,28.0302566849929,376100,0.0,1.0
2008-09-19,36.51,37.19,35.51,36.5,29.0902578618778,874500,0.0,1.0
2008-09-18,35.11,35.88,33.86,35.56,28.3410840977637,1108300,0.0,1.0
2008-09-17,35.65,35.85,34.1,34.55,27.536120798024,804700,0.0,1.0
2008-09-16,34.12,36.38,33.95,36.21,28.8591297857149,1034600,0.0,1.0
2008-09-15,33.81,34.84,33.55,34.76,27.7034894049006,586700,0.0,1.0
2008-09-12,34.03,34.91,33.74,34.89,27.8070985424908,310000,0.0,1.0
2008-09-11,33.7,34.33,32.92,34.3,27.3368724565043,391000,0.0,1.0
2008-09-10,33.54,34.08,32.96,33.91,27.0260450437336,472200,0.0,1.0
2008-09-09,32.96,34.07,32.93,33.19,26.4522098201568,585800,0.0,1.0
2008-09-08,32.84,33.55,32.51,33.37,26.595668626051,500800,0.0,1.0
2008-09-05,31.67,31.99,31.1,31.95,25.463938046219,304200,0.0,1.0
2008-09-04,32.64,32.89,31.5,31.9,25.4240883779151,346600,0.0,1.0
2008-09-03,33.51,33.94,32.56,32.9,26.2210817439939,433200,0.0,1.0
2008-09-02,32.73,34.21,32.73,33.75,26.8985261051609,613600,0.0,1.0
2008-08-29,32.63,32.87,32.16,32.39,25.8146151272937,264600,0.0,1.0
2008-08-28,32.16,32.81,32.16,32.72,26.0776229380997,201700,0.0,1.0
2008-08-27,31.35,32.06,31.35,31.96,25.4719079798798,331700,0.0,1.0
2008-08-26,31.54,31.79,31.37,31.7,25.2646897046993,215000,0.0,1.0
2008-08-25,32.47,32.47,31.21,31.54,25.1371707661267,156800,0.0,1.0
2008-08-22,32.26,32.67,31.97,32.41,25.8305549946153,139100,0.0,1.0
2008-08-21,31.71,32.22,31.57,32.05,25.5436373828269,116500,0.0,1.0
2008-08-20,32.23,32.42,31.61,32.02,25.5197275818446,276200,0.0,1.0
2008-08-19,33.02,33.09,31.96,32.11,25.5914569847916,297400,0.0,1.0
2008-08-18,33.33,33.6199,32.87,33.09,26.3725104835489,384400,0.0,1.0
2008-08-15,32.96,33.45,32.67,33.25,26.5000294221215,256000,0.0,1.0
2008-08-14,32.27,32.99,32.13,32.89,26.2131118103331,275900,0.0,1.0
2008-08-13,32.17,32.61,31.92,32.51,25.9102543312232,545000,0.155,1.0
2008-08-12,32.5,32.75,32.18,32.35,25.6603927021298,484400,0.0,1.0
2008-08-11,31.48,32.9,31.48,32.6,25.8586955823626,567700,0.0,1.0
2008-08-08,30.69,31.58,30.69,31.46,24.9544344485009,813600,0.0,1.0
2008-08-07,30.89,31.02,30.45,30.57,24.248476194872,277200,0.0,1.0
2008-08-06,31.0,31.17,30.75,31.01,24.5974892640818,351200,0.0,1.0
2008-08-05,30.58,31.17,30.55,31.0,24.5895571488725,801000,0.0,1.0
2008-08-04,29.83,30.57,29.53,30.32,24.0501733146391,435000,0.0,1.0
2008-08-01,30.8,30.8,29.82,29.89,23.7090923606386,392600,0.0,1.0
2008-07-31,30.6,30.91,30.33,30.59,24.2643404252906,545300,0.0,1.0
2008-07-30,31.14,31.16,30.57,30.85,24.4705754207327,544600,0.0,1.0
2008-07-29,30.19,31.48,30.19,31.12,24.6847425313842,520900,0.0,1.0
2008-07-28,30.42,31.01,30.06,30.19,23.947055816918,426300,0.0,1.0
2008-07-25,30.3,30.82,30.11,30.44,24.1453586971509,527700,0.0,1.0
2008-07-24,30.61,30.97,30.14,30.26,24.0025806233832,734800,0.0,1.0
2008-07-23,29.26,30.85,29.05,30.75,24.3912542686396,1953000,0.0,1.0
2008-07-22,30.69,31.99,28.53,29.08,23.0665910286842,2418900,0.0,1.0
2008-07-21,26.76,27.27,26.49,26.95,21.3770504891004,532500,0.0,1.0
2008-07-18,26.28,27.24,26.28,26.8,21.2580687609607,275800,0.0,1.0
2008-07-17,26.5,27.32,25.73,27.14,21.5277606780774,718900,0.0,1.0
2008-07-16,26.1,26.28,25.01,26.28,20.8455987700764,719800,0.0,1.0
2008-07-15,25.73,26.32,24.81,26.06,20.6710922354715,477500,0.0,1.0
2008-07-14,26.42,26.96,25.54,25.91,20.5521105073318,665100,0.0,1.0
2008-07-11,26.42,26.72,25.75,26.17,20.7583455027739,604900,0.0,1.0
2008-07-10,26.84,27.12,26.3988,26.68,21.1628833784489,444700,0.0,1.0
2008-07-09,26.51,27.41,26.5,26.81,21.26600087617,963000,0.0,1.0
2008-07-08,26.04,26.66,25.65,26.5,21.0201053046813,981400,0.0,1.0
2008-07-07,26.62,26.79,25.9,26.12,20.7186849267274,604400,0.0,1.0
2008-07-03,27.25,27.3,26.43,26.53,21.0439016503092,464600,0.0,1.0
2008-07-02,28.86,28.86,27.03,27.25,21.6150139453798,654500,0.0,1.0
2008-07-01,28.7,28.96,28.01,28.91,22.9317450701259,549800,0.0,1.0
2008-06-30,28.88,29.0599,28.6575,29.0,23.0031341070097,461100,0.0,1.0
2008-06-27,28.81,29.0846,28.7,28.96,22.9714056461725,840600,0.0,1.0
2008-06-26,29.45,29.65,28.89,28.89,22.9158808397073,580500,0.0,1.0
2008-06-25,29.43,30.09,29.43,29.86,23.6852960150107,334500,0.0,1.0
2008-06-24,30.24,30.25,29.29,29.39,23.3124866001729,491700,0.0,1.0
2008-06-23,30.85,31.02,30.27,30.39,24.1056981211043,208700,0.0,1.0
2008-06-20,30.46,31.36,30.36,30.64,24.3040010013372,421100,0.0,1.0
2008-06-19,31.06,31.4,30.42,31.12,24.6847425313842,399700,0.0,1.0
2008-06-18,30.95,31.34,30.78,30.97,24.5657608032445,264900,0.0,1.0
2008-06-17,31.6,31.73,31.09,31.14,24.7006067618028,352600,0.0,1.0
2008-06-16,31.11,31.73,31.11,31.61,25.0734161766406,285100,0.0,1.0
2008-06-13,31.04,31.91,31.04,31.28,24.8116563747332,432100,0.0,1.0
2008-06-12,30.67,31.32,30.61,30.87,24.4864396511514,222000,0.0,1.0
2008-06-11,31.18,31.31,30.56,30.56,24.2405440796626,190000,0.0,1.0
2008-06-10,30.94,31.48,30.72,31.26,24.7957921443146,208900,0.0,1.0
2008-06-09,31.47,31.49,30.89,31.21,24.756131568268,230900,0.0,1.0
2008-06-06,32.43,32.43,31.47,31.47,24.9623665637102,489000,0.0,1.0
2008-06-05,31.93,32.87,31.86,32.62,25.8745598127813,641300,0.0,1.0
2008-06-04,32.17,32.29,31.63,31.81,25.2320584808269,836100,0.0,1.0
2008-06-03,32.8,32.8,31.98,32.21,25.5493430891994,389900,0.0,1.0
2008-06-02,33.42,33.43,32.235,32.58,25.842831351944,399800,0.0,1.0
2008-05-30,33.05,33.49,33.01,33.43,26.5170611447357,527600,0.0,1.0
2008-05-29,32.06,33.39,32.03,33.13,26.2790976884563,466200,0.0,1.0
2008-05-28,32.68,32.78,31.71,32.06,25.4303613610597,677000,0.0,1.0
2008-05-27,31.88,32.91,31.88,32.8,26.0173378865489,697800,0.0,1.0
2008-05-23,32.22,32.22,31.58,31.87,25.2796511720827,636700,0.0,1.0
2008-05-22,31.9,32.6,31.8,32.29,25.6128000108739,359900,0.0,1.0
2008-05-21,32.27,32.45,31.75,31.79,25.2161942504082,584400,0.0,1.0
2008-05-20,32.52,32.52,32.0,32.28,25.6048678956646,608100,0.0,1.0
2008-05-19,32.15,32.53,31.77,32.27,25.5969357804553,573300,0.0,1.0
2008-05-16,31.99,32.15,31.75,32.06,25.4303613610597,717200,0.0,1.0
2008-05-15,31.48,32.07,31.45,32.01,25.3907007850131,384400,0.0,1.0
2008-05-14,31.1,31.66,30.97,31.51,24.9940950245475,388100,0.145,1.0
2008-05-13,31.05,31.28,30.52,31.05,24.5164002689053,328900,0.0,1.0
2008-05-12,30.1,31.1,30.01,30.98,24.4611298013104,575800,0.0,1.0
2008-05-09,29.33,30.12,29.25,30.09,23.7584052847459,543800,0.0,1.0
2008-05-08,29.54,29.74,29.345,29.62,23.3873035737512,448400,0.0,1.0
2008-05-07,29.48,30.0,29.3,29.42,23.2293879520514,599500,0.0,1.0
2008-05-06,29.39,29.63,29.11,29.5,23.2925542007313,628200,0.0,1.0
2008-05-05,29.98,29.98,29.06,29.39,23.2057006087964,659000,0.0,1.0
2008-05-02,30.05,30.09,29.5,29.9,23.6083854441311,626400,0.0,1.0
2008-05-01,29.32,29.93,28.93,29.81,23.5373234143661,579900,0.0,1.0
2008-04-30,29.3,29.3,28.79,28.88,22.8030157734617,661400,0.0,1.0
2008-04-29,28.99,29.46,28.95,29.21,23.0635765492665,599200,0.0,1.0
2008-04-28,29.39,29.41,28.89,28.97,22.8740778032266,766000,0.0,1.0
2008-04-25,29.71,29.79,28.9,29.2,23.0556807681815,1028200,0.0,1.0
2008-04-24,30.1,30.15,29.33,29.68,23.4346782602612,1523300,0.0,1.0
2008-04-23,30.7,30.93,29.95,30.06,23.734717941491,1053800,0.0,1.0
2008-04-22,30.05,31.86,29.95,30.5,24.0821323092307,1946700,0.0,1.0
2008-04-21,34.62,34.75,33.29,33.81,26.6956358483636,821200,0.0,1.0
2008-04-18,35.75,35.75,34.48,34.57,27.2957152108231,650000,0.0,1.0
2008-04-17,35.24,35.52,34.84,35.17,27.7694620759227,559600,0.0,1.0
2008-04-16,34.49,35.32,33.94,35.31,27.8800030111126,752000,0.0,1.0
2008-04-15,33.2,34.2,32.76,34.1,26.9246134998284,654500,0.0,1.0
2008-04-14,32.83,33.09,32.67,32.94,26.0087028939691,353500,0.0,1.0
2008-04-11,33.16,33.16,32.21,32.78,25.8823703966092,576500,0.0,1.0
2008-04-10,33.47,33.65,32.89,33.44,26.4034919482188,196400,0.0,1.0
2008-04-09,33.99,34.18,32.86,33.41,26.3798046049638,451400,0.0,1.0
2008-04-08,34.03,34.33,33.79,34.01,26.8535514700635,175400,0.0,1.0
2008-04-07,34.76,34.93,34.12,34.2,27.0035713106783,219400,0.0,1.0
2008-04-04,34.86,34.99,34.33,34.74,27.429943489268,283800,0.0,1.0
2008-04-03,34.95,35.36,34.39,34.92,27.5720675487979,478700,0.0,1.0
2008-04-02,34.73,35.74,34.52,35.17,27.7694620759227,522300,0.0,1.0
2008-04-01,33.7,34.66,33.59,34.45,27.2009658378032,483400,0.0,1.0
2008-03-31,32.75,33.62,32.75,33.44,26.4034919482188,364500,0.0,1.0
2008-03-28,33.25,33.48,32.88,32.99,26.0481817993941,322900,0.0,1.0
2008-03-27,33.45,33.74,33.05,33.2,26.213993202179,345700,0.0,1.0
2008-03-26,33.21,33.48,32.91,33.34,26.3245341373689,369900,0.0,1.0
2008-03-25,33.5,33.69,33.29,33.29,26.2850552319439,588700,0.0,1.0
2008-03-24,33.04,34.05,33.04,33.59,26.5219286644937,711400,0.0,1.0
2008-03-20,33.4,33.7,32.71,32.92,25.9929113317991,971500,0.0,1.0
2008-03-19,34.45,34.94,33.4,33.4,26.3719088238788,626200,0.0,1.0
2008-03-18,32.48,34.2,32.48,34.15,26.9640924052534,786600,0.0,1.0
2008-03-17,31.07,32.63,30.8,32.02,25.2822910341497,666600,0.0,1.0
2008-03-14,34.14,34.15,31.55,31.68,25.0138344772599,862600,0.0,1.0
2008-03-13,33.45,34.13,32.63,33.93,26.7903852213835,474300,0.0,1.0
2008-03-12,34.3,34.45,33.56,33.79,26.6798442861936,335100,0.0,1.0
2008-03-11,34.2,34.56,33.89,34.17,26.9798839674234,732200,0.0,1.0
2008-03-10,33.85,34.12,33.18,33.25,26.2534721076039,418000,0.0,1.0
2008-03-07,34.03,34.2,33.59,33.85,26.7272189727036,545200,0.0,1.0
2008-03-06,35.47,35.4999,34.26,34.37,27.1377995891232,605600,0.0,1.0
2008-03-05,35.9,36.32,35.5,35.79,28.2590005031923,443600,0.0,1.0
2008-03-04,36.58,36.75,34.85,35.57,28.0852933193225,723200,0.0,1.0
2008-03-03,37.43,37.59,36.45,37.18,29.3565140740064,785000,0.0,1.0
2008-02-29,37.7,37.9,36.45,36.53,28.8432883034819,361800,0.0,1.0
2008-02-28,38.52,38.73,37.59,38.02,30.0197596851459,561800,0.0,1.0
2008-02-27,38.64,39.11,38.3,38.65,30.5171938935005,472300,0.0,1.0
2008-02-26,39.29,39.5,38.61,38.88,30.6987968584554,404300,0.0,1.0
2008-02-25,38.52,39.61,38.18,39.57,31.2436057533199,749600,0.0,1.0
2008-02-22,38.97,39.19,37.97,38.37,30.2961120231207,443700,0.0,1.0
2008-02-21,39.5,39.73,38.8,38.93,30.7382757638803,473900,0.0,1.0
2008-02-20,39.61,39.79,39.04,39.34,31.0620027883651,461500,0.0,1.0
2008-02-19,39.57,40.47,39.4,39.67,31.3225635641699,581500,0.0,1.0
2008-02-15,39.16,39.78,38.94,39.24,30.9830449775151,547000,0.145,1.0
2008-02-14,39.74,39.95,39.25,39.37,30.9712449096044,506700,0.0,1.0
2008-02-13,38.2,39.77,38.2,39.65,31.1915128439374,685700,0.0,1.0
2008-02-12,37.51,38.26,37.08,37.97,29.8699052379396,1011600,0.0,1.0
2008-02-11,33.79,37.81,33.72,37.6,29.5788368961424,1557300,0.0,1.0
2008-02-08,33.82,34.13,32.81,33.05,25.9994829632316,423700,0.0,1.0
2008-02-07,33.26,34.21,32.83,33.85,26.6288199184686,326900,0.0,1.0
2008-02-06,33.34,34.285,33.01,33.17,26.0938835065171,246800,0.0,1.0
2008-02-05,34.0,34.02,33.21,33.25,26.1568172020408,202300,0.0,1.0
2008-02-04,34.4399,34.56,33.65,34.25,26.9434883960872,306600,0.0,1.0
2008-02-01,33.42,34.25,33.17,34.23,26.9277549722063,525000,0.0,1.0
2008-01-31,31.67,33.58,31.55,33.3,26.1961507617432,561400,0.0,1.0
2008-01-30,31.92,32.96,31.92,32.08,25.2364119050066,504200,0.0,1.0
2008-01-29,31.84,32.65,31.61,32.04,25.2049450572448,430700,0.0,1.0
2008-01-28,30.29,31.61,30.29,31.61,24.8666764438048,580200,0.0,1.0
2008-01-25,30.25,30.58,29.94,30.34,23.867604027366,1023100,0.0,1.0
2008-01-24,30.35,30.49,29.56,30.09,23.6709362288544,721700,0.0,1.0
2008-01-23,29.34,30.38,29.15,30.19,23.749603348259,855400,0.0,1.0
2008-01-22,29.01,31.12,29.01,30.02,23.6158692452712,579800,0.0,1.0
2008-01-18,30.13,30.88,30.0,30.28,23.8204037557232,606900,0.0,1.0
2008-01-17,30.94,31.23,29.96,29.96,23.5686689736284,394500,0.0,1.0
2008-01-16,31.19,31.86,30.96,31.06,24.4340072870793,449800,0.0,1.0
2008-01-15,32.12,32.17,31.07,31.38,24.6857420691742,447600,0.0,1.0
2008-01-14,32.11,32.74,31.77,32.57,25.6218807900893,559400,0.0,1.0
2008-01-11,32.36,32.63,31.91,31.95,25.1341446497806,394500,0.0,1.0
2008-01-10,32.39,32.92,31.95,32.56,25.6140140781489,632400,0.0,1.0
2008-01-09,32.79,33.12,31.88,32.81,25.8106818766604,378600,0.0,1.0
2008-01-08,34.04,34.29,33.0,33.05,25.9994829632316,367600,0.0,1.0
2008-01-07,34.65,34.65,33.07,33.98,26.7310871736947,798900,0.0,1.0
2008-01-04,36.54,36.57,34.19,34.53,27.1637563304202,435200,0.0,1.0
2008-01-03,37.33,37.56,36.86,36.95,29.0675006200123,248100,0.0,1.0
2008-01-02,36.96,37.85,36.96,37.43,29.4451027931545,411800,0.0,1.0
2007-12-31,38.16,38.33,37.01,37.03,29.130434315536,305300,0.0,1.0
2007-12-28,37.89,38.4,37.82,37.99,29.8856386618205,151800,0.0,1.0
2007-12-27,38.55,38.56,37.9,37.98,29.87777194988,175400,0.0,1.0
2007-12-26,38.18,38.6,37.7,38.44,30.2396406991413,200600,0.0,1.0
2007-12-24,37.93,38.09,37.65,38.07,29.9485723573442,75800,0.0,1.0
2007-12-21,37.57,38.05,37.4,37.6,29.5788368961424,390800,0.0,1.0
2007-12-20,37.19,37.42,36.79,37.42,29.4372360812141,243500,0.0,1.0
2007-12-19,37.17,37.42,36.89,36.99,29.0989674677742,217300,0.0,1.0
2007-12-18,37.66,37.99,37.19,37.59,29.570970184202,269800,0.0,1.0
2007-12-17,37.75,38.04,37.48,37.62,29.5945703200233,229700,0.0,1.0
2007-12-14,38.89,38.89,37.76,37.86,29.7833714065945,197100,0.0,1.0
2007-12-13,38.96,39.08,38.17,38.86,30.5700426006408,291700,0.0,1.0
2007-12-12,39.9,40.05,38.63,38.97,30.6565764319859,311000,0.0,1.0
2007-12-11,40.59,40.72,39.0,39.1,30.7588436872119,206100,0.0,1.0
2007-12-10,40.33,40.65,39.9,40.41,31.7893829514126,223600,0.0,1.0
2007-12-07,40.52,40.6,40.06,40.3,31.7028491200675,349900,0.0,1.0
2007-12-06,39.81,40.36,39.7,40.35,31.7421826797699,479100,0.0,1.0
2007-12-05,39.89,39.99,39.36,39.94,31.4196474902109,461900,0.0,1.0
2007-12-04,39.47,39.69,39.16,39.46,31.0420453170686,482400,0.0,1.0
2007-12-03,39.89,39.95,39.51,39.73,31.2544465394611,619700,0.0,1.0
2007-11-30,39.97,40.0,39.41,39.81,31.3173802349848,464800,0.0,1.0
2007-11-29,39.45,40.07,39.25,39.67,31.2072462678183,288700,0.0,1.0
2007-11-28,39.02,39.74,38.51,39.54,31.1049790125923,432300,0.0,1.0
2007-11-27,37.85,38.83,37.63,38.69,30.4363084976529,257900,0.0,1.0
2007-11-26,37.56,38.7599,37.53,37.6,29.5788368961424,505900,0.0,1.0
2007-11-23,37.19,37.72,36.96,37.5,29.5001697767378,76800,0.0,1.0
2007-11-21,37.31,37.39,36.67,36.8,28.9494999409053,517700,0.0,1.0
2007-11-20,38.07,38.49,36.42,37.64,29.6103037439043,549500,0.0,1.0
2007-11-19,38.92,38.92,38.08,38.15,30.0115060528679,474600,0.0,1.0
2007-11-16,39.22,39.69,38.94,39.13,30.7824438230333,321900,0.0,1.0
2007-11-15,39.31,39.54,38.935,39.15,30.7981772469142,275700,0.145,1.0
2007-11-14,39.53,39.92,39.16,39.41,30.8883106069701,239500,0.0,1.0
2007-11-13,39.52,39.55,38.88,39.39,30.8726352400039,225000,0.0,1.0
2007-11-12,39.76,40.0,39.17,39.17,30.7002062033753,277700,0.0,1.0
2007-11-09,39.88,40.29,39.41,39.65,31.076415010565,392100,0.0,1.0
2007-11-08,39.45,40.72,39.0,40.26,31.5545137030352,537800,0.0,1.0
2007-11-07,39.25,39.7,39.02,39.11,30.6531801024766,446900,0.0,1.0
2007-11-06,38.96,39.89,38.94,39.81,31.2018179462949,446000,0.0,1.0
2007-11-05,39.15,39.45,38.77,39.02,30.5826409511285,528100,0.0,1.0
2007-11-02,39.43,39.65,38.57,39.33,30.8256091391052,518600,0.0,1.0
2007-11-01,39.06,39.63,38.86,39.18,30.7080438868584,430900,0.0,1.0
2007-10-31,39.88,39.95,39.0,39.45,30.9196613409026,532900,0.0,1.0
2007-10-30,39.74,39.99,39.5,39.69,31.1077657444974,463300,0.0,1.0
2007-10-29,40.5,40.62,39.55,39.77,31.1704672123624,430600,0.0,1.0
2007-10-26,40.59,42.66,40.14,40.48,31.7269427396638,433600,0.0,1.0
2007-10-25,40.18,40.2,39.62,40.04,31.3820846664066,734800,0.0,1.0
2007-10-24,41.0,42.12,39.78,40.37,31.6407282213495,1169400,0.0,1.0
2007-10-23,43.19,44.0,43.19,43.85,34.3682420734747,317100,0.0,1.0
2007-10-22,43.13,43.58,42.89,43.05,33.7412273948253,479000,0.0,1.0
2007-10-19,45.51,45.65,43.48,43.48,34.0782477845993,334000,0.0,1.0
2007-10-18,45.3,45.77,45.25,45.51,35.6692975316724,218800,0.0,1.0
2007-10-17,45.02,45.65,44.63,45.55,35.7006482656049,477600,0.0,1.0
2007-10-16,46.49,46.6,44.9,45.01,35.2774133575165,233500,0.0,1.0
2007-10-15,46.31,46.51,45.76,46.42,36.3825267286362,197800,0.0,1.0
2007-10-12,46.91,46.91,46.25,46.37,36.3433383112206,248200,0.0,1.0
2007-10-11,47.84,48.0,46.5,46.91,36.766573219309,255300,0.0,1.0
2007-10-10,48.41,48.599,47.52,47.6,37.3073733796442,161800,0.0,1.0
2007-10-09,48.85,48.93,48.17,48.43,37.957901108743,207400,0.0,1.0
2007-10-08,49.1,49.31,48.68,48.79,38.2400577141353,86200,0.0,1.0
2007-10-05,49.11,49.25,48.88,49.04,38.4359998012132,201500,0.0,1.0
2007-10-04,49.17,49.23,48.75,48.85,38.287083815034,90800,0.0,1.0
2007-10-03,48.88,49.21,48.66,48.96,38.3732983333483,287100,0.0,1.0
2007-10-02,48.92,49.19,48.87,49.0,38.4046490672808,230400,0.0,1.0
2007-10-01,48.54,49.2,48.54,48.86,38.2949214985171,195300,0.0,1.0
2007-09-28,49.56,49.56,48.26,48.6,38.091141727956,444000,0.0,1.0
2007-09-27,49.03,49.85,49.03,49.56,38.8435593423354,236200,0.0,1.0
2007-09-26,47.32,48.86,47.25,48.76,38.2165446636859,450800,0.0,1.0
2007-09-25,47.2,47.72,46.84,47.18,36.9781906733532,240900,0.0,1.0
2007-09-24,48.22,48.35,47.33,47.43,37.1741327604312,270900,0.0,1.0
2007-09-21,49.22,49.31,47.86,48.1,37.6992575538001,414500,0.0,1.0
2007-09-20,48.57,49.38,48.4,48.93,38.3497852828989,208300,0.0,1.0
2007-09-19,47.35,48.85,47.35,48.5,38.0127648931248,251800,0.0,1.0
2007-09-18,46.53,47.6,46.2,47.13,36.9390022559376,253500,0.0,1.0
2007-09-17,46.61,46.83,46.3,46.3,36.2884745268388,158400,0.0,1.0
2007-09-14,46.5,46.86,46.08,46.82,36.6960340679609,148700,0.0,1.0
2007-09-13,47.15,47.29,46.54,46.81,36.6881963844778,156900,0.0,1.0
2007-09-12,47.11,47.51,46.76,46.97,36.8135993202077,119000,0.0,1.0
2007-09-11,46.87,47.38,46.5,47.2,36.9938660403194,153500,0.0,1.0
2007-09-10,47.3,47.53,46.3,46.82,36.6960340679609,215400,0.0,1.0
2007-09-07,47.95,47.95,47.1,47.27,37.0487298247013,201000,0.0,1.0
2007-09-06,48.55,48.81,48.28,48.57,38.0676286775067,148700,0.0,1.0
2007-09-05,49.43,49.49,47.94,48.29,37.8481735399794,376200,0.0,1.0
2007-09-04,49.24,50.37,49.16,49.91,39.1178782642446,310400,0.0,1.0
2007-08-31,48.92,49.38,48.37,49.23,38.5849157873925,316200,0.0,1.0
2007-08-30,47.55,48.86,47.53,48.46,37.9814141591924,329100,0.0,1.0
2007-08-29,47.4,48.04,47.12,48.02,37.6365560859352,204200,0.0,1.0
2007-08-28,47.57,48.1,47.02,47.06,36.8841384715558,210000,0.0,1.0
2007-08-27,47.84,48.31,47.59,47.98,37.6052053520027,173300,0.0,1.0
2007-08-24,47.65,48.03,47.54,47.98,37.6052053520027,290200,0.0,1.0
2007-08-23,49.13,49.26,47.6,47.82,37.4798024162728,345200,0.0,1.0
2007-08-22,48.68,49.53,48.44,48.88,38.3105968654834,200700,0.0,1.0
2007-08-21,47.12,48.4,46.89,48.2,37.7776343886313,292900,0.0,1.0
2007-08-20,47.79,48.49,46.55,47.26,37.0408921412182,409500,0.0,1.0
2007-08-17,48.42,48.82,47.13,47.59,37.2995356961611,502500,0.0,1.0
2007-08-16,48.0,48.31,46.25,47.15,36.9546776229038,703400,0.0,1.0
2007-08-15,48.55,49.0,47.78,48.24,37.8089851225638,500600,0.145,1.0
2007-08-14,49.1,49.29,48.67,48.7,38.0551322820886,494800,0.0,1.0
2007-08-13,50.42,50.42,48.79,49.17,38.4223994724907,624800,0.0,1.0
2007-08-10,49.65,50.6,49.15,50.0,39.0709777023497,833800,0.0,1.0
2007-08-09,48.55,51.57,47.6,49.96,39.0397209201878,962400,0.0,1.0
2007-08-08,46.95,49.74,46.95,48.55,37.9379193489815,622900,0.0,1.0
2007-08-07,45.5,47.2,45.37,46.74,36.5235499561565,537300,0.0,1.0
2007-08-06,46.5,46.5,45.06,45.57,35.6092890779215,531900,0.0,1.0
2007-08-03,46.1,47.63,45.72,45.86,35.8359007485951,565200,0.0,1.0
2007-08-02,45.41,46.04,45.25,46.02,35.9609278772426,545600,0.0,1.0
2007-08-01,45.04,45.82,44.83,45.11,35.2498360830599,635500,0.0,1.0
2007-07-31,46.6,46.89,45.28,45.28,35.3826774072479,265500,0.0,1.0
2007-07-30,45.75,46.46,45.53,46.16,36.0703266148092,355200,0.0,1.0
2007-07-27,46.49,46.62,45.58,45.58,35.617103273462,505600,0.0,1.0
2007-07-26,46.03,46.75,45.27,46.45,36.2969382854828,512500,0.0,1.0
2007-07-25,46.12,48.18,44.61,47.19,36.8751887554776,914400,0.0,1.0
2007-07-24,49.07,49.31,47.7,48.22,37.680050896146,244000,0.0,1.0
2007-07-23,49.7,49.89,49.56,49.76,38.8834370093784,132000,0.0,1.0
2007-07-20,49.75,49.77,49.16,49.56,38.727153098569,183800,0.0,1.0
2007-07-19,49.85,49.94,49.68,49.83,38.9381363781617,218600,0.0,1.0
2007-07-18,49.13,49.72,48.77,49.67,38.8131092495142,260400,0.0,1.0
2007-07-17,49.34,49.77,49.28,49.38,38.5864975788405,145000,0.0,1.0
2007-07-16,48.96,49.69,48.76,49.34,38.5552407966786,346800,0.0,1.0
2007-07-13,48.35,49.22,48.25,49.14,38.3989568858692,184700,0.0,1.0
2007-07-12,47.73,48.46,47.73,48.45,37.8597773935768,178100,0.0,1.0
2007-07-11,47.5,47.79,47.27,47.55,37.1564997949345,142600,0.0,1.0
2007-07-10,47.9,48.0,47.18,47.26,36.9298881242609,265300,0.0,1.0
2007-07-09,47.48,47.72,47.37,47.61,37.2033849681773,129000,0.0,1.0
2007-07-06,47.26,47.48,47.0148,47.37,37.0158442752061,180800,0.0,1.0
2007-07-05,47.21,47.31,47.0,47.07,36.781418408992,204600,0.0,1.0
2007-07-03,47.09,47.24,46.885,47.21,36.8908171465585,121600,0.0,1.0
2007-07-02,46.75,46.99,46.65,46.88,36.632948693723,209800,0.0,1.0
2007-06-29,46.61,47.11,46.08,46.51,36.3438234587257,187300,0.0,1.0
2007-06-28,46.55,46.95,46.51,46.61,36.4219654141304,227500,0.0,1.0
2007-06-27,46.23,46.5,45.94,46.49,36.3281950676447,335000,0.0,1.0
2007-06-26,47.14,47.36,46.21,46.22,36.117211788052,287400,0.0,1.0
2007-06-25,47.51,47.51,46.84,46.95,36.6876480625063,283600,0.0,1.0
2007-06-22,47.36,47.84,47.15,47.4,37.0392868618275,552700,0.0,1.0
2007-06-21,47.0,47.4,46.62,47.25,36.9220739287204,490900,0.0,1.0
2007-06-20,46.24,47.28,46.24,47.06,36.7736042134515,587000,0.0,1.0
2007-06-19,45.99,46.57,45.67,46.36,36.2266105256186,285500,0.0,1.0
2007-06-18,45.7,46.3,45.68,45.98,35.9296710950807,309300,0.0,1.0
2007-06-15,45.0,46.15,45.0,46.07,35.999998854945,462100,0.0,1.0
2007-06-14,44.45,45.01,44.45,45.01,35.1716941276552,293100,0.0,1.0
2007-06-13,43.56,44.43,43.45,44.32,34.6325146353627,334100,0.0,1.0
2007-06-12,43.3,43.73,43.3,43.5,33.9917506010442,626900,0.0,1.0
2007-06-11,43.62,43.74,43.18,43.3,33.8354666902348,236300,0.0,1.0
2007-06-08,43.55,43.82,43.55,43.65,34.1089635341513,263200,0.0,1.0
2007-06-07,43.5,43.84,43.5,43.52,34.0073789921251,334900,0.0,1.0
2007-06-06,43.92,43.96,43.5601,43.76,34.1949196850964,479300,0.0,1.0
2007-06-05,44.43,44.54,43.84,44.0,34.3824603780677,200600,0.0,1.0
2007-06-04,44.31,44.6,44.31,44.49,34.7653559595507,208600,0.0,1.0
2007-06-01,44.21,44.66,44.03,44.34,34.6481430264437,216400,0.0,1.0
2007-05-31,44.24,44.68,43.78,44.15,34.4996733111747,367700,0.0,1.0
2007-05-30,43.83,44.2,43.5646,44.19,34.5309300933366,265900,0.0,1.0
2007-05-29,43.51,44.16,43.5,43.96,34.3512035959058,175600,0.0,1.0
2007-05-25,43.85,44.09,43.61,43.76,34.1949196850964,192100,0.0,1.0
2007-05-24,44.41,44.64,43.76,43.78,34.2105480761774,286500,0.0,1.0
2007-05-23,44.0,44.45,43.89,44.41,34.702842395227,295200,0.0,1.0
2007-05-22,43.85,44.03,43.35,44.0,34.3824603780677,230000,0.0,1.0
2007-05-21,41.91,43.98,41.91,43.92,34.3199468137439,354200,0.0,1.0
2007-05-18,42.6,42.94,42.38,42.8,33.4447569132113,622100,0.0,1.0
2007-05-17,42.3,42.93,42.28,42.6,33.2884730024019,388400,0.0,1.0
2007-05-16,42.25,42.67,42.1401,42.55,33.2494020246996,354600,0.0,1.0
2007-05-15,42.04,42.57,42.04,42.08,32.8821348342975,396700,0.135,1.0
2007-05-14,42.44,42.56,42.01,42.16,32.8392941990757,345900,0.0,1.0
2007-05-11,42.35,42.7,42.16,42.34,32.9794999143469,261400,0.0,1.0
2007-05-10,42.4,42.5,42.11,42.24,32.9016078503074,240500,0.0,1.0
2007-05-09,42.54,42.84,42.47,42.6,33.1820192808498,275000,0.0,1.0
2007-05-08,42.34,42.66,42.31,42.6,33.1820192808498,322400,0.0,1.0
2007-05-07,42.34,42.75,42.06,42.69,33.2521221384854,279800,0.0,1.0
2007-05-04,41.68,42.33,41.54,42.19,32.8626618182876,384500,0.0,1.0
2007-05-03,41.82,42.05,41.58,41.64,32.43425546607,415700,0.0,1.0
2007-05-02,41.21,42.07,41.21,41.82,32.5744611813412,296200,0.0,1.0
2007-05-01,41.18,41.47,41.05,41.33,32.1927900675474,402000,0.0,1.0
2007-04-30,41.75,41.84,41.1,41.18,32.0759519714881,340700,0.0,1.0
2007-04-27,41.7,42.18,41.47,41.8,32.5588827685333,478800,0.0,1.0
2007-04-26,42.0,42.01,40.85,41.7,32.4809907044938,691500,0.0,1.0
2007-04-25,41.8,42.62,41.45,42.46,33.0729703911944,653700,0.0,1.0
2007-04-24,42.426,43.35,40.88,41.77,32.5355151493215,1317000,0.0,1.0
2007-04-23,44.75,45.13,44.65,44.95,35.0124827857793,145200,0.0,1.0
2007-04-20,44.75,45.12,44.53,44.66,34.7865958000646,225900,0.0,1.0
2007-04-19,44.25,44.58,43.72,44.37,34.5607088143499,174100,0.0,1.0
2007-04-18,44.69,44.95,44.36,44.55,34.700914529621,200200,0.0,1.0
2007-04-17,44.45,44.76,44.03,44.69,34.8099634192764,312400,0.0,1.0
2007-04-16,43.63,44.43,43.63,44.4,34.5840764335617,205500,0.0,1.0
2007-04-13,43.59,43.79,43.15,43.44,33.836312618782,180200,0.0,1.0
2007-04-12,43.15,43.56,42.96,43.52,33.8986262700137,146900,0.0,1.0
2007-04-11,43.73,43.73,42.98,43.18,33.6337932522792,236900,0.0,1.0
2007-04-10,43.76,43.96,43.48,43.64,33.9920967468611,216700,0.0,1.0
2007-04-09,43.85,44.16,43.54,43.68,34.0232535724769,183200,0.0,1.0
2007-04-05,44.18,44.3,43.71,43.78,34.1011456365165,176900,0.0,1.0
2007-04-04,43.96,44.49,43.93,44.09,34.3426110350391,500400,0.0,1.0
2007-04-03,43.66,44.02,43.41,43.95,34.2335621453837,380200,0.0,1.0
2007-04-02,42.88,43.51,42.86,43.51,33.8908370636097,186900,0.0,1.0
2007-03-30,43.28,43.59,42.64,42.93,33.4390630921803,185000,0.0,1.0
2007-03-29,43.24,43.34,42.77,43.26,33.6961069035108,159900,0.0,1.0
2007-03-28,43.0,43.19,42.0,43.06,33.5403227754317,170800,0.0,1.0
2007-03-27,43.77,43.77,43.0,43.06,33.5403227754317,152200,0.0,1.0
2007-03-26,44.02,44.44,43.45,43.8,34.1167240493244,147300,0.0,1.0
2007-03-23,43.9,44.18,43.76,44.05,34.3114542094233,171200,0.0,1.0
2007-03-22,43.71,43.97,43.53,43.9,34.1946161133639,173900,0.0,1.0
2007-03-21,42.6599,43.55,42.62,43.53,33.9064154764176,384500,0.0,1.0
2007-03-20,43.0,43.24,42.61,42.98,33.4780091242001,343700,0.0,2.0
2007-03-19,86.0,86.65,85.71,86.35,33.6298986490772,159500,0.0,1.0
2007-03-16,86.39,86.39,85.29,85.67,33.3650656313427,111000,0.0,1.0
2007-03-15,86.11,86.57,85.91,86.38,33.6415824586831,88700,0.0,1.0
2007-03-14,86.67,86.82,85.0,86.38,33.6415824586831,106100,0.0,1.0
2007-03-13,88.5,88.5,86.34,86.47,33.6766338875009,130000,0.0,1.0
2007-03-12,88.55,89.11,87.98,88.7,34.5451304015419,98000,0.0,1.0
2007-03-09,88.49,88.7381,87.91,88.49,34.4633437343004,144800,0.0,1.0
2007-03-08,87.68,88.25,87.37,88.01,34.2764027806055,110200,0.0,1.0
2007-03-07,87.3,87.85,86.26,87.22,33.9687291276492,139400,0.0,1.0
2007-03-06,86.8,88.0,86.07,87.55,34.0972510333145,211700,0.0,1.0
2007-03-05,86.25,87.26,86.0,86.0,33.493587537008,203000,0.0,1.0
2007-03-02,87.51,88.26,86.55,86.78,33.7973665867622,143700,0.0,1.0
2007-03-01,86.4,88.56,86.0,87.56,34.1011456365165,295800,0.0,1.0
2007-02-28,88.02,88.25,86.0,87.19,33.9570453180433,478600,0.0,1.0
2007-02-27,89.03,89.32,87.85,88.23,34.362084051049,150600,0.0,1.0
2007-02-26,91.47,91.63,90.08,90.31,35.1721615170603,126100,0.0,1.0
2007-02-23,90.1,91.63,89.82,91.22,35.5265704084403,161300,0.0,1.0
2007-02-22,90.91,91.21,89.89,90.37,35.1955291362722,198700,0.0,1.0
2007-02-21,90.75,91.72,90.27,90.72,35.3318402483414,123300,0.0,1.0
2007-02-20,91.19,91.41,90.14,91.16,35.5032027892284,181400,0.0,1.0
2007-02-16,91.58,91.66,90.6,91.18,35.5109919956324,118000,0.0,1.0
2007-02-15,91.65,92.2,91.12,91.57,35.6628815205095,194800,0.27,1.0
2007-02-14,90.75,91.97,90.39,91.16,35.3988270841643,186200,0.0,1.0
2007-02-13,90.25,91.03,89.92,90.5,35.1425389547704,202100,0.0,1.0
2007-02-12,91.5,91.54,89.96,90.25,35.0454601178788,212300,0.0,1.0
2007-02-09,93.32,93.58,90.4301,90.98,35.3289303216023,347600,0.0,1.0
2007-02-08,86.7,94.42,86.7,93.32,36.237588234908,696900,0.0,1.0
2007-02-07,83.86,83.95,83.3,83.74,32.5175272052207,121800,0.0,1.0
2007-02-06,83.4,83.42,83.03,83.41,32.3893831405237,113300,0.0,1.0
2007-02-05,83.55,83.63,83.16,83.24,32.3233695314374,118200,0.0,1.0
2007-02-02,83.11,83.8456,83.1,83.47,32.4126820613777,130900,0.0,1.0
2007-02-01,81.75,83.45,81.47,83.1,32.2690053827781,186200,0.0,1.0
2007-01-31,80.79,81.84,80.61,81.44,31.6244019058177,121100,0.0,1.0
2007-01-30,80.6,81.19,80.42,80.79,31.3719969298995,143500,0.0,1.0
2007-01-29,80.35,80.61,80.22,80.52,31.2671517860565,168500,0.0,1.0
2007-01-26,80.34,80.61,80.11,80.6,31.2982170138618,121300,0.0,1.0
2007-01-25,80.45,80.6,80.01,80.34,31.1972550234945,183000,0.0,1.0
2007-01-24,79.83,80.51,79.75,80.46,31.2438528652025,88600,0.0,1.0
2007-01-23,79.16,79.88,78.9,79.71,30.9526163545276,130900,0.0,1.0
2007-01-22,78.95,79.25,78.7,79.16,30.739042913366,132900,0.0,1.0
2007-01-19,78.47,79.07,78.36,78.81,30.6031325417177,99300,0.0,1.0
2007-01-18,79.26,79.3,78.26,78.37,30.4322737887885,119800,0.0,1.0
2007-01-17,79.58,79.67,78.99,79.18,30.7468092203173,316500,0.0,1.0
2007-01-16,80.33,80.72,79.3,79.7,30.9487332010519,119700,0.0,1.0
2007-01-12,80.11,80.49,79.65,79.9,31.0263962705652,183700,0.0,1.0
2007-01-11,78.76,80.34,78.7,80.03,31.0768772657489,161300,0.0,1.0
2007-01-10,78.7,78.7,78.0,78.51,30.4866379374478,68700,0.0,1.0
2007-01-09,78.75,79.17,78.26,78.72,30.5681841604367,132700,0.0,1.0
2007-01-08,79.04,79.04,77.8,78.64,30.5371189326314,153900,0.0,1.0
2007-01-05,78.36,79.29,78.29,78.72,30.5681841604367,275400,0.0,1.0
2007-01-04,79.39,79.41,78.64,78.95,30.657496690377,242700,0.0,1.0
2007-01-03,78.97,79.86,78.5,79.33,30.8050565224523,191300,0.0,1.0
2006-12-29,78.84,78.84,78.24,78.5,30.4827547839721,121600,0.0,1.0
2006-12-28,78.7,79.23,78.5,78.84,30.6147820021447,174500,0.0,1.0
2006-12-27,78.8,79.75,78.8,78.95,30.657496690377,116600,0.0,1.0
2006-12-26,78.38,79.06,78.34,78.85,30.6186651556204,40900,0.0,1.0
2006-12-22,79.0,79.0,78.32,78.53,30.4944042443991,72700,0.0,1.0
2006-12-21,79.9,80.06,78.83,78.94,30.6536135369014,67100,0.0,1.0
2006-12-20,80.3,80.32,79.85,79.85,31.0069805031869,227800,0.0,1.0
2006-12-19,80.34,80.5,79.81,80.36,31.2050213304458,142900,0.0,1.0
2006-12-18,80.28,81.08,80.11,80.44,31.2360865582512,180400,0.0,1.0
2006-12-15,80.05,80.29,79.81,80.29,31.1778392561162,175100,0.0,1.0
2006-12-14,79.77,80.24,79.39,80.03,31.0768772657489,92600,0.0,1.0
2006-12-13,80.26,80.35,79.5,79.77,30.9759152753816,80400,0.0,1.0
2006-12-12,79.89,80.1,79.63,80.01,31.0691109587976,94200,0.0,1.0
2006-12-11,80.1,80.25,79.51,79.9,31.0263962705652,139100,0.0,1.0
2006-12-08,80.76,80.81,79.98,80.1,31.1040593400785,107200,0.0,1.0
2006-12-07,80.75,81.22,80.67,80.75,31.3564643159968,73700,0.0,1.0
2006-12-06,81.25,81.25,80.51,80.55,31.2788012464835,65000,0.0,1.0
2006-12-05,81.2,81.58,81.13,81.45,31.6282850592934,79600,0.0,1.0
2006-12-04,81.05,81.49,80.61,80.98,31.4457768459371,126800,0.0,1.0
2006-12-01,81.89,82.0,80.12,81.0,31.4535431528884,123400,0.0,1.0
2006-11-30,81.85,81.92,81.34,81.89,31.7991438122226,210100,0.0,1.0
2006-11-29,79.5,81.26,79.5,81.26,31.5545051432557,186600,0.0,1.0
2006-11-28,80.49,80.49,79.19,79.25,30.773991294647,196700,0.0,1.0
2006-11-27,81.15,81.5,80.16,80.24,31.1584234887379,189800,0.0,1.0
2006-11-24,81.25,81.65,81.07,81.65,31.7059481288067,35100,0.0,1.0
2006-11-22,81.36,81.63,80.74,81.5,31.6477008266717,108100,0.0,1.0
2006-11-21,81.37,81.56,81.09,81.48,31.6399345197204,89500,0.0,1.0
2006-11-20,81.85,82.26,81.03,81.54,31.6632334405743,112800,0.0,1.0
2006-11-17,82.0,82.0,81.13,81.83,31.7758448913686,128000,0.0,1.0
2006-11-16,82.6,82.66,81.79,82.12,31.8884563421629,89200,0.0,1.0
2006-11-15,82.02,82.57,81.9,82.49,32.0321330207625,155500,0.27,1.0
2006-11-14,80.95,82.18,80.95,81.87,31.6876598647877,127500,0.0,1.0
2006-11-13,81.0,81.45,80.65,80.89,31.3083523447255,165600,0.0,1.0
2006-11-10,81.25,81.56,80.76,81.0,31.35092767861,154400,0.0,1.0
2006-11-09,81.8,81.98,81.0,81.11,31.3935030124946,75200,0.0,1.0
2006-11-08,82.3,82.7,81.59,81.8,31.6605664704975,206200,0.0,1.0
2006-11-07,82.28,82.83,81.87,82.43,31.9044070191089,126400,0.0,1.0
2006-11-06,81.55,82.54,81.31,82.15,31.7960334419483,111200,0.0,1.0
2006-11-03,81.68,81.83,80.73,81.05,31.370280103103,169700,0.0,1.0
2006-11-02,82.2,82.28,81.4,81.58,31.5754158027285,165600,0.0,1.0
2006-11-01,83.69,83.91,82.2405,82.27,31.8424792607314,216600,0.0,1.0
2006-10-31,83.66,84.07,83.0,83.69,32.3920881163318,185600,0.0,1.0
2006-10-30,84.4,84.41,83.7,83.91,32.4772387841008,236400,0.0,1.0
2006-10-27,85.74,85.95,84.9,84.9,32.8604167890616,184400,0.0,1.0
2006-10-26,85.74,86.3,85.3,85.87,33.2358538242252,256000,0.0,1.0
2006-10-25,86.3,86.86,85.48,85.74,33.1855375205435,377800,0.0,1.0
2006-10-24,89.5,89.51,85.25,86.22,33.371320795676,652800,0.0,1.0
2006-10-23,89.1,90.1,88.41,89.88,34.7879182685613,139200,0.0,1.0
2006-10-20,89.81,89.9,88.18,89.1,34.486020446471,103500,0.0,1.0
2006-10-19,89.59,89.95,89.47,89.89,34.7917887534599,53000,0.0,1.0
2006-10-18,90.0,90.09,89.38,89.58,34.6718037216035,106900,0.0,1.0
2006-10-17,90.0,90.35,89.41,89.9,34.7956592383585,100400,0.0,1.0
2006-10-16,89.0,90.1,88.31,90.08,34.8653279665332,138200,0.0,1.0
2006-10-13,88.05,89.31,87.23,88.89,34.4047402636006,189400,0.0,1.0
2006-10-12,87.82,88.26,87.13,88.15,34.1183243811046,103900,0.0,1.0
2006-10-11,87.44,88.25,87.01,87.77,33.9712459549581,103700,0.0,1.0
2006-10-10,87.2,87.62,86.5,87.47,33.8551314080002,75900,0.0,1.0
2006-10-09,86.7,87.14,86.09,87.0,33.6732186177663,70300,0.0,1.0
2006-10-06,86.9,87.07,85.94,86.89,33.6306432838818,47400,0.0,1.0
2006-10-05,86.73,87.24,86.56,87.0,33.6732186177663,88600,0.0,1.0
2006-10-04,85.39,86.48,85.08,86.48,33.4719534030394,75300,0.0,1.0
2006-10-03,84.98,85.74,84.25,85.43,33.0655524886871,87000,0.0,1.0
2006-10-02,84.35,85.78,84.0,84.84,32.8371938796701,99100,0.0,1.0
2006-09-29,84.98,85.0,84.1,84.1,32.5507779971741,97000,0.0,1.0
2006-09-28,84.7,85.0,83.5445,84.93,32.8720282437574,65000,0.0,1.0
2006-09-27,84.9,84.95,84.08,84.45,32.6862449686249,73700,0.0,1.0
2006-09-26,84.0,85.0,83.73,84.9,32.8604167890616,112700,0.0,1.0
2006-09-25,81.95,84.13,81.81,84.0,32.5120731481882,81600,0.0,1.0
2006-09-22,82.42,82.53,81.66,82.0,31.7379761684694,76800,0.0,1.0
2006-09-21,84.17,84.22,82.54,82.67,31.9972986566752,66800,0.0,1.0
2006-09-20,83.5,84.36,83.28,84.12,32.5585189669713,61700,0.0,1.0
2006-09-19,83.37,83.56,82.5,83.25,32.2217867807936,85300,0.0,1.0
2006-09-18,84.49,84.49,82.92,83.22,32.2101753260979,102500,0.0,1.0
2006-09-15,84.0,85.37,83.56,84.74,32.7984890306841,175600,0.0,1.0
2006-09-14,84.78,84.78,83.5,83.75,32.4153110257233,77100,0.0,1.0
2006-09-13,82.77,84.91,82.76,84.84,32.8371938796701,102200,0.0,1.0
2006-09-12,82.43,83.05,82.16,82.72,32.0166510811682,170600,0.0,1.0
2006-09-11,83.1,83.1,81.7,82.23,31.8269973211371,207300,0.0,1.0
2006-09-08,83.08,83.52,82.94,83.18,32.1946933865035,102000,0.0,1.0
2006-09-07,83.9,83.9,82.8901,83.14,32.1792114469091,76200,0.0,1.0
2006-09-06,84.75,84.9,83.7401,84.1,32.5507779971741,60000,0.0,1.0
2006-09-05,85.09,85.1,84.5,85.0,32.8991216380476,111000,0.0,1.0
2006-09-01,85.5,85.5,84.63,85.02,32.9068626078447,68700,0.0,1.0
2006-08-31,84.03,85.5,83.93,85.5,33.0926458829773,146900,0.0,1.0
2006-08-30,84.8,84.95,83.8,84.11,32.5546484820727,106100,0.0,1.0
2006-08-29,83.26,84.7,82.5,84.7,32.7830070910897,133600,0.0,1.0
2006-08-28,81.99,83.08,81.99,83.01,32.1288951432274,83000,0.0,1.0
2006-08-25,83.1,83.1,81.35,81.98,31.7302351986722,108200,0.0,1.0
2006-08-24,84.5,84.5,82.92,83.23,32.2140458109965,76400,0.0,1.0
2006-08-23,84.6,84.79,83.5,84.0,32.5120731481882,126500,0.0,1.0
2006-08-22,83.4,84.41,83.4,84.38,32.6591515743347,95900,0.0,1.0
2006-08-21,84.38,84.39,83.74,84.02,32.5198141179854,98700,0.0,1.0
2006-08-18,84.6,84.72,83.83,84.43,32.6785039988277,88900,0.0,1.0
2006-08-17,83.65,84.79,83.48,84.54,32.7210793327122,125100,0.0,1.0
2006-08-16,82.46,83.66,82.46,83.55,32.3379013277515,115300,0.27,1.0
2006-08-15,81.35,82.27,81.35,81.91,31.601020016179,164900,0.0,1.0
2006-08-14,81.17,81.95,80.48,80.77,31.1612060396383,188900,0.0,1.0
2006-08-11,80.78,81.7,80.58,80.92,31.2190762997095,168500,0.0,1.0
2006-08-10,80.78,81.8,80.53,81.58,31.4737054440225,293800,0.0,1.0
2006-08-09,82.72,82.94,80.91,80.93,31.2229343170475,169100,0.0,1.0
2006-08-08,82.5,83.58,81.5201,81.72,31.5277176867555,256600,0.0,1.0
2006-08-07,81.01,81.9,80.92,81.89,31.5933039815028,182800,0.0,1.0
2006-08-04,80.9,81.42,80.29,81.06,31.2730885424425,187200,0.0,1.0
2006-08-03,79.89,80.8,79.4,80.37,31.0068853461153,161200,0.0,1.0
2006-08-02,79.31,80.2,79.3,79.95,30.8448486179161,131900,0.0,1.0
2006-08-01,79.79,79.8,78.5,79.29,30.5902194736031,239300,0.0,1.0
2006-07-31,80.28,80.51,79.83,79.89,30.8217005138877,228300,0.0,1.0
2006-07-28,79.9,81.57,79.72,80.28,30.9721631900726,213700,0.0,1.0
2006-07-27,81.6,81.89,79.6,79.72,30.7561142191404,177700,0.0,1.0
2006-07-26,81.0101,83.1,80.9,81.38,31.396545097261,284200,0.0,1.0
2006-07-25,80.66,82.7,80.1,81.28,31.3579649238802,793600,0.0,1.0
2006-07-24,74.23,75.1,74.03,74.4,28.703648995284,165600,0.0,1.0
2006-07-21,74.1,74.3,73.32,73.98,28.5416122670849,228800,0.0,1.0
2006-07-20,76.05,76.46,74.15,74.15,28.6071985618321,111800,0.0,1.0
2006-07-19,74.1,76.74,74.0,75.95,29.3016416826858,186700,0.0,1.0
2006-07-18,74.16,74.67,73.42,74.0,28.549328301761,140300,0.0,1.0
2006-07-17,74.36,74.75,73.86,73.96,28.5338962324087,98400,0.0,1.0
2006-07-14,75.65,75.71,74.2,74.36,28.6882169259317,185800,0.0,1.0
2006-07-13,77.3,77.3,75.26,75.6,29.1666110758531,137100,0.0,1.0
2006-07-12,78.76,78.76,77.24,77.34,29.8379060926783,138300,0.0,1.0
2006-07-11,78.68,78.95,78.1,78.83,30.4127506760516,182900,0.0,1.0
2006-07-10,78.18,79.3,78.13,78.65,30.3433063639663,127300,0.0,1.0
2006-07-07,78.95,79.2,77.75,77.93,30.0655291156248,97100,0.0,1.0
2006-07-06,77.68,79.05,77.52,79.05,30.4976270574893,142100,0.0,1.0
2006-07-05,78.91,79.5,76.95,77.45,29.8803442833972,251100,0.0,1.0
2006-07-03,79.12,79.84,78.44,79.06,30.5014850748274,88800,0.0,1.0
2006-06-30,78.78,79.3,78.14,79.3,30.5940774909412,154500,0.0,1.0
2006-06-29,77.15,78.78,77.01,78.78,30.3934605893612,124400,0.0,1.0
2006-06-28,76.28,76.65,75.66,76.49,29.5099746189419,113300,0.0,1.0
2006-06-27,77.54,78.15,76.0,76.23,29.4096661681519,143400,0.0,1.0
2006-06-26,77.07,77.77,76.72,77.38,29.8533381620306,271700,0.0,1.0
2006-06-23,76.8,77.28,75.88,76.82,29.6372891910984,143000,0.0,1.0
2006-06-22,77.78,78.12,76.63,76.9,29.668153329803,104900,0.0,1.0
2006-06-21,75.69,77.96,75.69,77.63,29.9497885954825,141800,0.0,1.0
2006-06-20,76.22,77.17,75.565,75.94,29.2977836653477,83900,0.0,1.0
2006-06-19,78.02,78.12,76.0,76.22,29.4058081508138,147100,0.0,1.0
2006-06-16,78.1,78.39,77.0,78.02,30.1002512716675,320100,0.0,1.0
2006-06-15,77.25,78.36,77.25,78.01,30.0963932543294,204200,0.0,1.0
2006-06-14,76.74,77.49,76.01,77.16,29.768461780593,117000,0.0,1.0
2006-06-13,76.7,77.9,76.2,76.6,29.5524128096607,123600,0.0,1.0
2006-06-12,79.0,79.15,77.46,77.46,29.8842023007352,104800,0.0,1.0
2006-06-09,79.6,80.02,78.27,78.77,30.3896025720232,119800,0.0,1.0
2006-06-08,80.05,80.5,78.39,79.67,30.73682413245,154400,0.0,1.0
2006-06-07,79.79,81.05,79.2,80.16,30.9258669820157,115100,0.0,1.0
2006-06-06,80.9,80.9,79.51,79.87,30.8139844792115,96300,0.0,1.0
2006-06-05,82.75,82.78,81.0,81.03,31.2615144904283,72900,0.0,1.0
2006-06-02,82.24,83.21,82.24,83.0,32.0215439060292,76400,0.0,1.0
2006-06-01,81.2,82.38,81.2,82.24,31.7283345883355,99900,0.0,1.0
2006-05-31,80.93,81.78,80.6,81.2,31.3271007851756,137200,0.0,1.0
2006-05-30,82.1,82.49,80.79,80.93,31.2229343170475,52000,0.0,1.0
2006-05-26,82.16,83.11,82.16,82.64,31.8826552818585,72000,0.0,1.0
2006-05-25,81.39,82.5,81.39,82.11,31.6781803629405,123100,0.0,1.0
2006-05-24,80.46,81.65,79.12,81.14,31.3039526811471,201700,0.0,1.0
2006-05-23,81.3,82.0,80.51,80.51,31.0608975888484,144800,0.0,1.0
2006-05-22,82.16,82.16,80.67,81.1,31.2885206117948,159200,0.0,1.0
2006-05-19,82.88,83.49,81.59,82.16,31.6974704496309,127600,0.0,1.0
2006-05-18,83.65,84.11,82.68,82.68,31.8980873512108,100400,0.0,1.0
2006-05-17,84.61,84.86,83.03,83.45,32.1951546862427,122400,0.0,1.0
2006-05-16,84.4,85.02,83.81,84.86,32.7391351309113,81800,0.0,1.0
2006-05-15,85.17,85.3,84.09,84.8,32.7159870268829,138700,0.25,1.0
2006-05-12,85.4,85.9,84.73,85.37,32.8390806876542,154000,0.0,1.0
2006-05-11,85.7,86.21,85.37,85.52,32.8967808411408,105400,0.0,1.0
2006-05-10,85.39,85.86,85.26,85.6,32.9275542563336,122700,0.0,1.0
2006-05-09,84.8,85.76,84.8,85.34,32.8275406569569,137000,0.0,1.0
2006-05-08,84.37,86.26,84.36,85.6,32.9275542563336,143100,0.0,1.0
2006-05-05,84.72,84.79,84.19,84.36,32.4505663208447,124200,0.0,1.0
2006-05-04,84.15,85.07,84.15,84.63,32.5544265971205,112800,0.0,1.0
2006-05-03,85.5,85.85,83.93,83.97,32.3005459217796,96400,0.0,1.0
2006-05-02,83.5,85.78,83.48,85.68,32.9583276715265,127400,0.0,1.0
2006-05-01,84.6,85.28,83.51,83.58,32.1505255227145,170800,0.0,1.0
2006-04-28,85.65,86.05,84.5,84.5,32.5044197974321,172700,0.0,1.0
2006-04-27,85.9,86.71,85.31,85.82,33.0121811481139,268300,0.0,1.0
2006-04-26,85.85,86.02,82.95,82.95,31.908184878071,161200,0.0,1.0
2006-04-25,85.44,88.99,83.7,85.62,32.9352476101318,446300,0.0,1.0
2006-04-24,85.0,85.0,83.2,84.18,32.3813261366608,138600,0.0,1.0
2006-04-21,84.05,85.05,83.82,85.05,32.7159870268829,102700,0.0,1.0
2006-04-20,83.16,84.2,82.75,83.85,32.2543857989904,107400,0.0,1.0
2006-04-19,82.8,83.45,82.75,83.15,31.9851184160531,80700,0.0,1.0
2006-04-18,82.03,83.11,81.64,83.08,31.9581916777593,115400,0.0,1.0
2006-04-17,81.65,82.65,81.61,81.8,31.465817034674,51400,0.0,1.0
2006-04-13,81.85,82.6,81.49,81.54,31.3658034352972,62900,0.0,1.0
2006-04-12,81.45,82.25,81.45,81.97,31.5312105419587,33800,0.0,1.0
2006-04-11,82.97,83.5,81.44,81.55,31.3696501121963,78500,0.0,1.0
2006-04-10,82.55,83.47,82.42,83.09,31.9620383546584,133800,0.0,1.0
2006-04-07,81.59,82.44,81.1,82.35,31.6773842641247,111400,0.0,1.0
2006-04-06,80.55,80.95,80.5,80.72,31.0503759295707,70200,0.0,1.0
2006-04-05,81.8,81.85,80.75,80.75,31.061915960268,107500,0.0,1.0
2006-04-04,81.45,82.1,81.25,81.9,31.504283803665,75000,0.0,1.0
2006-04-03,81.85,82.63,81.33,81.33,31.2850232204161,83300,0.0,1.0
2006-03-31,81.72,82.2,81.011,81.8,31.465817034674,139500,0.0,1.0
2006-03-30,81.85,81.9,81.18,81.52,31.358110081499,178000,0.0,1.0
2006-03-29,81.9,82.56,81.83,82.2,31.6196841106381,108600,0.0,1.0
2006-03-28,82.05,82.25,81.62,81.77,31.4542770039766,77400,0.0,1.0
2006-03-27,81.38,81.98,81.18,81.95,31.5235171881605,83400,0.0,1.0
2006-03-24,80.96,81.42,80.83,81.29,31.2696365128196,60500,0.0,1.0
2006-03-23,80.26,81.13,80.26,80.95,31.1388494982501,55600,0.0,1.0
2006-03-22,80.7,80.7,80.14,80.25,30.8695821153128,91900,0.0,1.0
2006-03-21,79.55,80.95,79.55,80.7,31.0426825757725,144900,0.0,1.0
2006-03-20,79.9,79.96,79.0,79.44,30.5580012864853,63600,0.0,1.0
2006-03-17,79.53,80.6,79.09,79.82,30.7041750086513,192500,0.0,1.0
2006-03-16,79.58,79.77,78.94,79.63,30.6310881475683,107000,0.0,1.0
2006-03-15,79.14,79.88,79.08,79.74,30.6734015934585,61900,0.0,1.0
2006-03-14,78.5,79.26,78.29,79.14,30.4426009795122,77800,0.0,1.0
2006-03-13,78.78,79.3,78.22,78.5,30.1964136579695,54600,0.0,1.0
2006-03-10,78.8,79.19,78.7,78.85,30.3310473494382,73800,0.0,1.0
2006-03-09,78.95,79.18,78.68,78.95,30.3695141184292,62800,0.0,1.0
2006-03-08,79.7,79.7,77.94,78.85,30.3310473494382,93300,0.0,1.0
2006-03-07,80.1,80.24,79.61,79.85,30.7157150393486,107400,0.0,1.0
2006-03-06,80.49,80.74,80.3,80.31,30.8926621767074,172100,0.0,1.0
2006-03-03,79.58,80.799,79.54,80.49,30.9619023608913,162300,0.0,1.0
2006-03-02,79.33,79.79,79.3,79.73,30.6695549165593,143900,0.0,1.0
2006-03-01,78.8,79.56,78.62,79.38,30.5349212250907,63500,0.0,1.0
2006-02-28,77.95,78.68,77.9,78.6,30.2348804269606,148100,0.0,1.0
2006-02-27,78.4,78.79,77.9,77.99,30.0002331361152,69500,0.0,1.0
2006-02-24,78.0,78.5,77.73,78.25,30.1002467354919,65800,0.0,1.0
2006-02-23,77.1,78.4,76.86,77.82,29.9348396288304,82700,0.0,1.0
2006-02-22,76.85,77.5,76.85,77.3,29.734812430077,87600,0.0,1.0
2006-02-21,76.8,76.8,75.56,76.69,29.5001651392316,115800,0.0,1.0
2006-02-17,77.38,77.38,76.37,76.9,29.5809453541128,68200,0.0,1.0
2006-02-16,76.34,77.28,75.8,77.28,29.7271190762788,87100,0.0,1.0
2006-02-15,75.97,76.7,75.78,76.09,29.2693645252854,142300,0.25,1.0
2006-02-14,75.21,76.75,74.8,75.87,29.0891627787975,190600,0.0,1.0
2006-02-13,75.0,75.35,74.53,75.0,28.7555978438093,184000,0.0,1.0
2006-02-10,75.0,75.27,74.2,75.27,28.859117996047,383800,0.0,1.0
2006-02-09,72.5,75.3,71.1,74.98,28.7479296843843,525900,0.0,1.0
2006-02-08,68.76,69.16,68.15,68.86,26.4014729003294,55800,0.0,1.0
2006-02-07,69.7,70.3,68.73,68.76,26.3631321032044,47400,0.0,1.0
2006-02-06,69.03,70.28,69.03,69.8,26.7618763933052,72100,0.0,1.0
2006-02-03,68.54,69.88,68.54,69.13,26.5049930525671,76500,0.0,1.0
2006-02-02,69.4,69.9,68.67,68.79,26.3746343423419,88700,0.0,1.0
2006-02-01,69.41,69.6,69.24,69.4,26.6085132048049,74400,0.0,1.0
2006-01-31,69.45,69.72,69.0,69.41,26.6123472845174,55400,0.0,1.0
2006-01-30,68.9,69.66,68.79,69.6,26.685194799055,57600,0.0,1.0
2006-01-27,68.2,68.9,68.1,68.86,26.4014729003294,61600,0.0,1.0
2006-01-26,67.99,68.39,67.86,68.09,26.1062487624663,81700,0.0,1.0
2006-01-25,67.95,68.86,67.67,67.9,26.0334012479287,65400,0.0,1.0
2006-01-24,67.64,68.4,67.64,68.0,26.0717420450538,52600,0.0,1.0
2006-01-23,68.05,68.21,67.59,67.68,25.9490514942535,89200,0.0,1.0
2006-01-20,69.36,69.36,67.97,67.97,26.0602398059162,46600,0.0,1.0
2006-01-19,68.35,69.45,68.33,69.4,26.6085132048049,42500,0.0,1.0
2006-01-18,68.68,68.68,67.91,68.2,26.1484236393039,76500,0.0,1.0
2006-01-17,68.82,69.16,68.15,68.68,26.3324594655043,52800,0.0,1.0
2006-01-13,69.0,69.71,69.0,69.07,26.4819885742921,48900,0.0,1.0
2006-01-12,69.79,69.88,69.18,69.25,26.5510020091172,65500,0.0,1.0
2006-01-11,70.55,70.68,69.69,69.79,26.7580423135927,87700,0.0,1.0
2006-01-10,71.58,71.67,70.45,70.45,27.0110915746182,131500,0.0,1.0
2006-01-09,70.86,72.15,70.86,71.78,27.5210241763817,110100,0.0,1.0
2006-01-06,70.13,70.91,70.13,70.76,27.1299480457059,68000,0.0,1.0
2006-01-05,70.5,70.5,69.55,69.88,26.7925490310052,57700,0.0,1.0
2006-01-04,70.05,70.5,69.75,70.45,27.0110915746182,66200,0.0,1.0
2006-01-03,69.15,70.35,68.85,70.21,26.919073661518,77300,0.0,1.0
2005-12-30,69.75,69.75,68.83,69.15,26.5126612119922,85900,0.0,1.0
2005-12-29,69.8,70.18,69.71,70.0,26.8385579875553,93200,0.0,1.0
2005-12-28,68.58,69.95,68.54,69.55,26.6660244004925,54700,0.0,1.0
2005-12-27,69.96,70.13,68.47,68.55,26.2826164292417,55000,0.0,1.0
2005-12-23,69.75,70.1,69.62,69.95,26.8193875889928,43800,0.0,1.0
2005-12-22,69.3,69.75,68.94,69.62,26.69286295848,29500,0.0,1.0
2005-12-21,68.41,69.71,68.41,69.34,26.5855087265298,46800,0.0,1.0
2005-12-20,68.77,69.15,68.34,68.42,26.2327733929791,61200,0.0,1.0
2005-12-19,69.34,69.47,68.75,68.77,26.3669661829169,71800,0.0,1.0
2005-12-16,69.5,69.79,69.25,69.49,26.6430199222174,155600,0.0,1.0
2005-12-15,69.66,69.66,69.26,69.5,26.6468540019299,45000,0.0,1.0
2005-12-14,69.7,70.2,69.43,69.65,26.7043651976176,48600,0.0,1.0
2005-12-13,70.14,70.4,69.2,69.51,26.6506880816424,66700,0.0,1.0
2005-12-12,70.41,70.5,69.78,70.14,26.8922351035304,59100,0.0,1.0
2005-12-09,69.35,70.25,69.27,70.16,26.8999032629555,54100,0.0,1.0
2005-12-08,69.11,69.45,68.88,69.3,26.5701724076798,66900,0.0,1.0
2005-12-07,69.28,69.48,68.94,69.11,26.4973248931421,69400,0.0,1.0
2005-12-06,69.69,70.0,69.11,69.38,26.6008450453798,62900,0.0,1.0
2005-12-05,70.15,70.33,68.95,69.69,26.7197015164676,56400,0.0,1.0
2005-12-02,70.32,70.36,69.33,70.26,26.9382440600805,76900,0.0,1.0
2005-12-01,68.85,70.47,68.85,70.42,26.9995893354807,103700,0.0,1.0
2005-11-30,69.25,69.95,68.21,68.6,26.3017868278042,105200,0.0,1.0
2005-11-29,68.47,69.96,68.46,69.39,26.6046791250924,90400,0.0,1.0
2005-11-28,68.35,68.56,68.22,68.22,26.1560917987289,90300,0.0,1.0
2005-11-25,68.14,68.45,67.9,68.45,26.2442756321166,35800,0.0,1.0
2005-11-23,68.7,68.8,67.62,68.14,26.1254191610289,151300,0.0,1.0
2005-11-22,69.97,70.17,68.12,68.68,26.3324594655043,181800,0.0,1.0
2005-11-21,69.59,69.99,69.29,69.97,26.8270557484178,68600,0.0,1.0
2005-11-18,68.78,70.73,68.78,69.53,26.6583562410675,146300,0.0,1.0
2005-11-17,67.75,69.12,67.75,68.58,26.2941186683792,80000,0.0,1.0
2005-11-16,67.4,67.65,67.32,67.62,25.9260470159785,60700,0.25,1.0
2005-11-15,68.24,68.36,67.5,67.64,25.838188008852,65200,0.0,1.0
2005-11-14,67.88,68.19,67.72,67.99,25.9718864979575,52000,0.0,1.0
2005-11-11,67.55,68.61,67.55,67.98,25.9680665411259,99800,0.0,1.0
2005-11-10,68.04,68.16,66.92,67.55,25.8038083973677,101600,0.0,1.0
2005-11-09,67.0,68.16,67.0,68.04,25.9909862821154,108500,0.0,1.0
2005-11-08,67.95,67.95,66.5,67.07,25.6204504694515,236300,0.0,1.0
2005-11-07,67.25,68.07,67.06,67.84,25.9145871454837,160000,0.0,1.0
2005-11-04,67.03,67.66,66.76,67.0,25.5937107716304,58500,0.0,1.0
2005-11-03,67.21,67.77,66.51,66.87,25.5440513328198,112900,0.0,1.0
2005-11-02,66.3,67.61,66.3,66.96,25.5784309443041,69900,0.0,1.0
2005-11-01,66.5,66.85,66.15,66.3,25.3263137934193,116400,0.0,1.0
2005-10-31,64.48,66.86,64.48,66.69,25.4752921098512,226600,0.0,1.0
2005-10-28,64.76,65.02,64.02,64.4,24.6005219954179,211200,0.0,1.0
2005-10-27,65.02,65.2,64.52,64.61,24.6807410888812,110000,0.0,1.0
2005-10-26,64.65,65.53,64.64,65.17,24.8946586714501,208400,0.0,1.0
2005-10-25,65.05,65.85,64.5,64.85,24.7724200528393,193000,0.0,1.0
2005-10-24,65.42,66.4,64.82,65.28,24.9366781965975,235600,0.0,1.0
2005-10-21,65.54,65.6,64.11,65.17,24.8946586714501,256600,0.0,1.0
2005-10-20,64.5,66.0,63.45,65.04,24.8449992326394,829300,0.0,1.0
2005-10-19,60.19,60.19,58.88,59.62,22.7745826299195,239500,0.0,1.0
2005-10-18,61.25,61.25,59.99,60.24,23.0114199534779,138000,0.0,1.0
2005-10-17,60.65,61.38,60.51,61.38,23.4468950322787,127300,0.0,1.0
2005-10-14,60.3,60.65,59.79,60.65,23.1680381835729,237000,0.0,1.0
2005-10-13,61.22,61.3,60.07,60.14,22.973220385162,179400,0.0,1.0
2005-10-12,62.03,62.33,60.95,61.22,23.3857757229733,122800,0.0,1.0
2005-10-11,62.7,63.22,62.03,62.13,23.7333917946477,103000,0.0,1.0
2005-10-10,62.12,62.67,62.03,62.6,23.9129297657323,109800,0.0,1.0
2005-10-07,61.51,62.24,61.51,62.02,23.6913722695003,165900,0.0,1.0
2005-10-06,62.59,62.7,61.29,61.5,23.4927345142578,172300,0.0,1.0
2005-10-05,63.53,63.53,62.53,62.6,23.9129297657323,137100,0.0,1.0
2005-10-04,63.8,64.52,63.45,63.63,24.3063853193857,80100,0.0,1.0
2005-10-03,63.53,64.09,63.19,63.64,24.3102052762173,107800,0.0,1.0
2005-09-30,62.64,63.79,62.62,63.57,24.2834655783962,90600,0.0,1.0
2005-09-29,62.0,62.9,61.75,62.64,23.9282095930586,79800,0.0,1.0
2005-09-28,62.35,62.55,61.7588,62.12,23.7295718378161,84500,0.0,1.0
2005-09-27,62.53,62.68,61.85,62.32,23.8059709744479,79300,0.0,1.0
2005-09-26,62.0,62.4,61.9,62.1,23.721931924153,127300,0.0,1.0
2005-09-23,62.05,62.37,61.66,61.81,23.611153176037,132100,0.0,1.0
2005-09-22,62.7,62.71,61.87,62.2,23.7601314924688,87800,0.0,1.0
2005-09-21,62.65,63.34,62.53,62.8,23.989328902364,204800,0.0,1.0
2005-09-20,63.6,63.93,62.23,62.4,23.8365306291006,177400,0.0,1.0
2005-09-19,63.5,63.62,63.13,63.35,24.1994265281013,82800,0.0,1.0
2005-09-16,63.43,63.8,63.3,63.5,24.2567258805751,122700,0.0,1.0
2005-09-15,63.38,63.63,63.25,63.43,24.229986182754,96900,0.0,1.0
2005-09-14,63.26,63.54,63.2,63.36,24.2032464849329,138600,0.0,1.0
2005-09-13,63.25,63.4,62.46,63.28,24.1726868302802,92100,0.0,1.0
2005-09-12,63.05,63.61,63.05,63.38,24.2108863985961,62400,0.0,1.0
2005-09-09,63.23,63.49,62.81,63.25,24.1612269597854,89100,0.0,1.0
2005-09-08,63.96,64.1,63.23,63.27,24.1688668734486,154900,0.0,1.0
2005-09-07,64.02,64.09,63.52,63.95,24.4286239379965,128600,0.0,1.0
2005-09-06,62.45,63.92,62.45,63.92,24.4171640675017,259500,0.0,1.0
2005-09-02,62.15,62.33,61.55,62.25,23.7792312766268,111000,0.0,1.0
2005-09-01,61.78,62.45,61.78,61.97,23.6722724853423,220700,0.0,1.0
2005-08-31,60.01,61.82,60.01,61.82,23.6149731328685,251500,0.0,1.0
2005-08-30,59.98,60.07,59.62,60.01,22.9235609463514,240500,0.0,1.0
2005-08-29,59.0,60.13,59.0,59.95,22.9006412053618,151900,0.0,1.0
2005-08-26,59.6,59.75,59.25,59.56,22.75166288893,125300,0.0,1.0
2005-08-25,60.05,60.15,59.29,59.56,22.75166288893,300200,0.0,1.0
2005-08-24,61.15,61.31,59.74,60.0,22.9197409895198,318700,0.0,1.0
2005-08-23,61.36,61.7,60.95,61.1,23.3399362409943,116200,0.0,1.0
2005-08-22,61.52,61.92,61.01,61.38,23.4468950322787,159000,0.0,1.0
2005-08-19,61.66,61.66,61.1,61.32,23.4239752912892,201200,0.0,1.0
2005-08-18,62.6,62.6,61.68,61.76,23.592053391879,101800,0.0,1.0
2005-08-17,62.75,63.15,62.45,62.67,23.9396694635534,213700,0.25,1.0
2005-08-16,63.95,63.99,62.39,62.78,23.8864025575633,208400,0.0,1.0
2005-08-15,64.1,64.11,63.56,63.91,24.3163425844834,125200,0.0,1.0
2005-08-12,64.2,64.4,63.46,64.37,24.4913624184509,122800,0.0,1.0
2005-08-11,64.2,64.85,64.09,64.21,24.4304859544622,155300,0.0,1.0
2005-08-10,63.65,64.25,63.64,64.06,24.3734142694728,187600,0.0,1.0
2005-08-09,64.62,64.62,63.54,63.7,24.2364422254983,115500,0.0,1.0
2005-08-08,64.24,64.82,64.22,64.64,24.5940914514319,123700,0.0,1.0
2005-08-05,64.55,65.1,64.3,64.34,24.4799480814531,80000,0.0,1.0
2005-08-04,65.25,65.25,64.4,64.58,24.5712627774361,71700,0.0,1.0
2005-08-03,66.08,66.09,65.1,65.24,24.8223781913894,93600,0.0,1.0
2005-08-02,65.13,66.27,65.13,66.08,25.1419796273301,148700,0.0,1.0
2005-08-01,65.96,66.28,64.88,65.23,24.8185734123902,135900,0.0,1.0
2005-07-29,66.25,66.65,65.74,65.86,25.0582744893456,177600,0.0,1.0
2005-07-28,65.21,66.25,65.21,66.25,25.2066608703181,175400,0.0,1.0
2005-07-27,64.74,65.27,64.52,65.25,24.8261829703887,179500,0.0,1.0
2005-07-26,64.5,64.91,64.13,64.73,24.6283344624255,222900,0.0,1.0
2005-07-25,64.77,65.45,64.39,64.59,24.5750675564354,170500,0.0,1.0
2005-07-22,65.0,65.81,64.73,64.93,24.7044300424114,245600,0.0,1.0
2005-07-21,65.19,66.0,64.82,64.91,24.6968204844128,313200,0.0,1.0
2005-07-20,65.4,65.96,65.18,65.19,24.803354296393,404600,0.0,1.0
2005-07-19,67.91,67.91,64.43,65.5,24.9213024453711,1123800,0.0,1.0
2005-07-18,69.09,69.45,67.9,67.91,25.8382541842008,187600,0.0,1.0
2005-07-15,69.98,70.03,68.94,69.09,26.2872181061174,140100,0.0,1.0
2005-07-14,69.93,70.35,69.7,69.98,26.6258434370545,91800,0.0,1.0
2005-07-13,69.42,69.81,69.4,69.73,26.5307239620721,106300,0.0,1.0
2005-07-12,70.62,70.62,69.03,69.41,26.4089710340948,97500,0.0,1.0
2005-07-11,70.0,70.79,69.94,70.62,26.8693492930092,60800,0.0,1.0
2005-07-08,69.05,70.16,69.05,69.81,26.5611621940665,94700,0.0,1.0
2005-07-07,68.65,69.02,68.3,68.8,26.1768795151379,95700,0.0,1.0
2005-07-06,69.54,69.73,68.77,68.79,26.1730747361386,114000,0.0,1.0
2005-07-05,69.28,69.65,68.95,69.45,26.4241901500919,142700,0.0,1.0
2005-07-01,68.45,69.09,67.94,69.03,26.2643894321216,106000,0.0,1.0
2005-06-30,69.64,69.74,68.63,68.63,26.1121982721499,88700,0.0,1.0
2005-06-29,69.16,69.75,69.06,69.54,26.4584331610856,110000,0.0,1.0
2005-06-28,68.55,69.2,68.17,69.05,26.2719989901202,170300,0.0,1.0
2005-06-27,68.63,68.81,67.78,68.4,26.0246883551661,124900,0.0,1.0
2005-06-24,68.85,68.99,68.2,68.63,26.1121982721499,141500,0.0,1.0
2005-06-23,71.0,71.09,68.7,68.81,26.1806842941372,219400,0.0,1.0
2005-06-22,72.15,72.15,70.5,70.94,26.9911022209866,142400,0.0,1.0
2005-06-21,71.8,72.31,71.59,71.95,27.3753848999153,130500,0.0,1.0
2005-06-20,71.7,71.9,71.02,71.65,27.2612415299365,137100,0.0,1.0
2005-06-17,70.4,72.12,70.4,71.83,27.3297275519237,452600,0.0,1.0
2005-06-16,69.68,70.69,69.68,70.35,26.7666202600283,92900,0.0,1.0
2005-06-15,69.9,69.9,69.23,69.68,26.5117000670757,106000,0.0,1.0
2005-06-14,69.35,69.88,69.25,69.53,26.4546283820863,86000,0.0,1.0
2005-06-13,68.8,69.29,68.65,69.28,26.3595089071039,141800,0.0,1.0
2005-06-10,68.5,69.04,68.1,68.87,26.2035129681329,130800,0.0,1.0
2005-06-09,68.06,68.5,67.71,68.13,25.9219593221852,264400,0.0,1.0
2005-06-08,68.29,68.56,67.65,68.15,25.9295688801838,286200,0.0,1.0
2005-06-07,68.95,69.46,68.21,68.28,25.9790310071746,313500,0.0,1.0
2005-06-06,69.57,69.61,68.96,69.0,26.2529750951237,171000,0.0,1.0
2005-06-03,69.5,70.05,69.05,69.56,26.4660427190842,106300,0.0,1.0
2005-06-02,69.26,69.94,68.93,69.65,26.5002857300778,152600,0.0,1.0
2005-06-01,69.2,69.76,69.11,69.46,26.4279949290912,150200,0.0,1.0
2005-05-31,69.05,69.6,68.72,69.32,26.3747280231011,387900,0.0,1.0
2005-05-27,72.69,72.7,68.59,68.78,26.1692699571393,410600,0.0,1.0
2005-05-26,72.56,73.08,72.43,72.73,27.6721576618601,79700,0.0,1.0
2005-05-25,73.7,73.7,72.53,72.57,27.6112811978714,97100,0.0,1.0
2005-05-24,73.5,73.79,73.07,73.65,28.0221973297951,73600,0.0,1.0
2005-05-23,74.22,74.28,73.31,74.0,28.1553645947704,113600,0.0,1.0
2005-05-20,73.8,74.37,73.56,74.28,28.2618984067506,73700,0.0,1.0
2005-05-19,74.47,74.8,73.8,73.81,28.0830737937838,80100,0.0,1.0
2005-05-18,71.85,74.51,71.84,74.47,28.3341892077372,113500,0.0,1.0
2005-05-17,71.97,71.97,71.07,71.8,27.3183132149259,157300,0.0,1.0
2005-05-16,71.2,72.0,71.14,72.0,27.3944087949117,111800,0.0,1.0
2005-05-13,71.65,71.75,70.3,70.95,26.9949069999859,104700,0.23,1.0
2005-05-12,72.95,73.55,71.1,71.5,27.1162665144562,117900,0.0,1.0
2005-05-11,73.28,73.44,72.24,73.18,27.7534039654253,128600,0.0,1.0
2005-05-10,74.3,74.33,73.14,73.27,27.78753632887,104600,0.0,1.0
2005-05-09,73.78,74.75,73.44,74.62,28.2995217805416,126200,0.0,1.0
2005-05-06,73.38,73.96,73.25,73.65,27.9316507523035,72200,0.0,1.0
2005-05-05,72.45,73.65,72.35,73.13,27.7344415412893,125700,0.0,1.0
2005-05-04,72.05,72.96,72.05,72.8,27.6092895419918,100000,0.0,1.0
2005-05-03,72.23,72.33,71.6,72.04,27.3210606951248,150600,0.0,1.0
2005-05-02,72.0,72.19,71.52,72.19,27.3779479675328,91700,0.0,1.0
2005-04-29,70.96,72.09,70.62,71.82,27.2376260289265,111400,0.0,1.0
2005-04-28,71.53,71.9,70.6,70.78,26.843207606898,148300,0.0,1.0
2005-04-27,71.35,72.13,70.7,71.83,27.2414185137537,100400,0.0,1.0
2005-04-26,72.5,72.95,71.41,71.48,27.1086815448018,131000,0.0,1.0
2005-04-25,72.0,72.94,71.9,72.5,27.4955149971759,171000,0.0,1.0
2005-04-22,72.75,73.12,71.42,71.97,27.2945133013345,119600,0.0,1.0
2005-04-21,72.33,73.09,72.09,72.9,27.6472143902637,177900,0.0,1.0
2005-04-20,73.25,73.78,71.76,72.08,27.3362306344336,168300,0.0,1.0
2005-04-19,72.31,73.77,72.26,73.45,27.8558010557596,173900,0.0,1.0
2005-04-18,71.1,72.5,70.71,72.31,27.4234577854591,287800,0.0,1.0
2005-04-15,72.6,73.31,70.14,70.72,26.8204526979349,270700,0.0,1.0
2005-04-14,70.98,73.9,70.98,72.8,27.6092895419918,581400,0.0,1.0
2005-04-13,70.86,70.96,69.21,69.48,26.3501845793625,252100,0.0,1.0
2005-04-12,69.81,71.46,69.65,70.85,26.8697550006884,123300,0.0,1.0
2005-04-11,69.54,70.1,69.4,69.86,26.494299002796,98300,0.0,1.0
2005-04-08,70.46,70.5,69.47,69.64,26.4108643365976,62400,0.0,1.0
2005-04-07,69.87,70.7,69.87,70.21,26.6270359717478,72800,0.0,1.0
2005-04-06,70.11,70.65,69.8,70.02,26.5549787600311,54900,0.0,1.0
2005-04-05,69.73,70.52,69.25,70.1,26.5853186386487,113500,0.0,1.0
2005-04-04,69.19,69.92,68.86,69.7,26.4336192455608,109400,0.0,1.0
2005-04-01,69.83,70.2,69.0,69.09,26.2022776711018,105800,0.0,1.0
2005-03-31,69.48,70.3,69.35,69.77,26.4601666393512,76200,0.0,1.0
2005-03-30,68.81,70.13,68.81,69.63,26.4070718517704,151700,0.0,1.0
2005-03-29,70.05,70.28,68.81,68.81,26.0960880959403,87500,0.0,1.0
2005-03-28,70.36,70.81,70.25,70.3,26.6611683351926,62700,0.0,1.0
2005-03-24,70.07,71.25,70.07,70.39,26.6953006986374,77400,0.0,1.0
2005-03-23,70.03,70.99,69.53,70.07,26.5739411841671,64500,0.0,1.0
2005-03-22,70.26,70.85,69.7,70.04,26.5625637296855,160300,0.0,1.0
2005-03-21,71.0,71.01,69.88,70.16,26.6080735476119,70600,0.0,1.0
2005-03-18,71.17,71.2,70.6,71.1,26.9645671213683,95000,0.0,1.0
2005-03-17,70.0,71.39,69.86,71.07,26.9531896668867,117800,0.0,1.0
2005-03-16,71.4,71.7,69.92,70.2,26.6232434869206,84700,0.0,1.0
2005-03-15,72.68,72.72,71.1,71.25,27.0214543937763,69700,0.0,1.0
2005-03-14,71.0,72.47,70.87,72.43,27.4689676033855,131500,0.0,1.0
2005-03-11,71.49,71.91,71.1,71.69,27.1883237261729,94100,0.0,1.0
2005-03-10,71.55,72.18,71.4,71.69,27.1883237261729,124300,0.0,1.0
2005-03-09,70.9,71.75,70.9,71.66,27.1769462716914,177900,0.0,1.0
2005-03-08,70.92,71.26,69.67,71.25,27.0214543937763,179000,0.0,1.0
2005-03-07,71.61,71.7,70.25,70.92,26.8963023944788,215100,0.0,1.0
2005-03-04,70.46,71.72,70.07,71.61,27.1579838475554,101800,0.0,1.0
2005-03-03,70.0,70.6,69.75,70.31,26.6649608200198,85200,0.0,1.0
2005-03-02,69.84,70.52,69.47,70.0,26.5473937903767,145700,0.0,1.0
2005-03-01,69.75,70.02,69.45,69.91,26.5132614269319,98800,0.0,1.0
2005-02-28,70.03,70.03,68.81,69.54,26.3729394883257,133400,0.0,1.0
2005-02-25,68.7,70.28,68.69,70.28,26.6535833655382,65600,0.0,1.0
2005-02-24,68.95,68.95,68.25,68.68,26.0467857931867,187400,0.0,1.0
2005-02-23,69.02,69.46,68.94,69.02,26.1757302773114,173100,0.0,1.0
2005-02-22,69.1,69.74,68.65,69.02,26.1757302773114,164900,0.0,1.0
2005-02-18,68.91,69.4,68.8,69.2,26.243995004201,130400,0.0,1.0
2005-02-17,68.4,69.19,68.15,69.0,26.168145307657,173500,0.0,1.0
2005-02-16,68.13,68.67,67.84,68.33,25.9140488242349,75100,0.23,1.0
2005-02-15,68.6,68.9,68.16,68.36,25.8384535826239,152900,0.0,1.0
2005-02-14,68.63,68.71,68.13,68.64,25.9442869208792,107100,0.0,1.0
2005-02-11,68.56,68.99,68.05,68.63,25.9405071587987,354100,0.0,1.0
2005-02-10,67.51,68.56,67.5,68.56,25.9140488242349,232200,0.0,1.0
2005-02-09,67.55,68.08,67.36,67.51,25.5171738057774,244600,0.0,1.0
2005-02-08,66.61,67.83,66.54,67.61,25.5549714265828,461800,0.0,1.0
2005-02-07,66.8,66.8,66.16,66.6,25.1732154564475,361300,0.0,1.0
2005-02-04,67.11,67.3,66.63,67.01,25.32818570175,403300,0.0,1.0
2005-02-03,64.05,67.4,63.52,67.11,25.3659833225554,348400,0.0,1.0
2005-02-02,63.1,64.2,63.07,64.18,24.258513032955,146300,0.0,1.0
2005-02-01,62.82,63.5,62.7,63.23,23.8994356353029,151100,0.0,1.0
2005-01-31,62.3,63.09,62.21,63.07,23.8389594420142,93700,0.0,1.0
2005-01-28,62.55,62.7,61.89,62.16,23.4950010926843,81800,0.0,1.0
2005-01-27,61.55,62.85,61.5,62.75,23.7180070554367,361100,0.0,1.0
2005-01-26,61.44,61.82,61.34,61.6,23.2833344161737,71600,0.0,1.0
2005-01-25,61.4,62.0,61.31,61.44,23.2228582228849,61100,0.0,1.0
2005-01-24,62.0,62.02,61.12,61.3,23.1699415537572,156700,0.0,1.0
2005-01-21,62.25,62.34,61.67,61.98,23.4269653752345,129800,0.0,1.0
2005-01-20,62.6,62.6,62.0,62.24,23.5252391893287,154800,0.0,1.0
2005-01-19,62.75,63.1,62.52,62.6,23.6613106242284,89200,0.0,1.0
2005-01-18,62.56,63.05,62.35,63.0,23.8125011074504,114700,0.0,1.0
2005-01-14,62.5,63.1,62.4,62.66,23.6839891967117,77100,0.0,1.0
2005-01-13,62.7,62.95,62.5,62.56,23.6461915759063,132100,0.0,1.0
2005-01-12,62.65,63.01,62.6,62.83,23.748245152081,129500,0.0,1.0
2005-01-11,62.85,63.19,62.65,62.65,23.6802094346312,221600,0.0,1.0
2005-01-10,62.8,64.0,62.8,63.01,23.8162808695309,167200,0.0,1.0
2005-01-07,62.75,63.32,62.58,62.8,23.7369058658394,162500,0.0,1.0
2005-01-06,62.1,63.6,62.08,62.8,23.7369058658394,760900,0.0,1.0
2005-01-05,62.0,62.0,61.15,61.72,23.3286915611402,220100,0.0,1.0
2005-01-04,63.5,63.52,61.84,61.98,23.4269653752345,207900,0.0,1.0
2005-01-03,64.85,64.87,63.09,63.27,23.9145546836251,141800,0.0,1.0
2004-12-31,65.1,65.4,64.85,64.92,24.5382154269155,93400,0.0,1.0
2004-12-30,64.9,65.39,64.7,65.23,24.6553880514125,107400,0.0,1.0
2004-12-29,64.8,64.9,64.48,64.87,24.5193166165128,101300,0.0,1.0
2004-12-28,62.89,64.94,62.83,64.94,24.5457749510766,116700,0.0,1.0
2004-12-27,63.96,64.06,62.85,63.07,23.8389594420142,92500,0.0,1.0
2004-12-23,63.2,64.11,63.02,64.08,24.2207154121495,85800,0.0,1.0
2004-12-22,62.87,63.73,62.6,63.45,23.982590401075,110300,0.0,1.0
2004-12-21,63.35,63.45,62.62,63.04,23.8276201557725,166100,0.0,1.0
2004-12-20,63.1,63.49,62.63,63.2,23.8880963490613,81800,0.0,1.0
2004-12-17,63.25,63.32,62.7,63.05,23.8313999178531,153700,0.0,1.0
2004-12-16,63.28,63.8,63.02,63.65,24.0581856426859,152200,0.0,1.0
2004-12-15,62.6,63.4,62.54,63.4,23.9636915906723,155100,0.0,1.0
2004-12-14,61.75,62.81,61.55,62.75,23.7180070554367,142600,0.0,1.0
2004-12-13,61.01,61.9,61.01,61.69,23.3173522748986,85800,0.0,1.0
2004-12-10,61.13,61.13,60.75,61.05,23.0754475017436,75500,0.0,1.0
2004-12-09,61.25,61.33,60.73,61.28,23.1623820295962,182800,0.0,1.0
2004-12-08,61.07,61.4,60.73,61.32,23.1775010779183,202600,0.0,1.0
2004-12-07,61.31,61.52,61.01,61.32,23.1775010779183,618500,0.0,1.0
2004-12-06,61.42,61.68,60.71,61.56,23.2682153678515,164300,0.0,1.0
2004-12-03,61.05,61.58,60.965,61.58,23.2757748920126,207000,0.0,1.0
2004-12-02,60.4,61.38,60.16,61.24,23.147262981274,198700,0.0,1.0
2004-12-01,59.81,60.59,59.81,60.56,22.8902391597967,133700,0.0,1.0
2004-11-30,59.35,59.88,59.11,59.81,22.6067570037556,169900,0.0,1.0
2004-11-29,60.2,60.69,59.73,60.05,22.6974712936888,279700,0.0,1.0
2004-11-26,60.2,60.79,60.14,60.23,22.7655070111386,46700,0.0,1.0
2004-11-24,59.1,60.53,59.1,60.4,22.829762966508,275200,0.0,1.0
2004-11-23,59.92,59.92,58.81,59.03,22.3119355614729,195400,0.0,1.0
2004-11-22,59.55,60.49,59.11,59.92,22.6483343866417,226600,0.0,1.0
2004-11-19,61.69,61.69,60.25,60.45,22.8486617769107,225700,0.0,1.0
2004-11-18,62.15,62.58,61.75,61.94,23.4118463269123,108800,0.0,1.0
2004-11-17,61.33,62.46,61.33,62.1,23.4723225202011,169700,0.0,1.0
2004-11-16,61.0,61.39,60.51,61.08,23.0867867879852,176700,0.23,1.0
2004-11-15,61.35,61.49,61.08,61.4,23.1206770311905,92200,0.0,1.0
2004-11-12,61.4,61.56,61.0,61.55,23.1771607698661,205100,0.0,1.0
2004-11-11,60.25,61.75,60.1,61.6,23.1959886827579,169000,0.0,1.0
2004-11-10,60.05,60.29,59.84,60.28,22.6989317824131,183000,0.0,1.0
2004-11-09,60.2,60.32,59.6,60.25,22.687635034678,95200,0.0,1.0
2004-11-08,60.5,60.8,60.06,60.13,22.6424480437376,84500,0.0,1.0
2004-11-05,60.05,60.86,60.02,60.72,22.8646174158614,270400,0.0,1.0
2004-11-04,59.2,60.35,59.18,60.22,22.6763382869429,172800,0.0,1.0
2004-11-03,58.85,59.44,58.76,59.4,22.3675605155166,154400,0.0,1.0
2004-11-02,58.63,59.17,58.25,58.41,21.994767840258,144200,0.0,1.0
2004-11-01,58.2,58.58,57.93,58.38,21.9834710925229,185800,0.0,1.0
2004-10-29,58.15,58.36,57.8,58.13,21.8893315280636,167700,0.0,1.0
2004-10-28,57.55,57.88,57.08,57.65,21.7085835643019,261300,0.0,1.0
2004-10-27,57.55,57.91,57.34,57.75,21.7462393900856,191300,0.0,1.0
2004-10-26,57.5,57.54,56.92,57.33,21.588084921794,250800,0.0,1.0
2004-10-25,58.05,58.22,57.25,57.66,21.7123491468802,403800,0.0,1.0
2004-10-22,60.0,60.0,58.13,58.35,21.9721743447877,260300,0.0,1.0
2004-10-21,61.5,61.53,59.85,60.0,22.5934954702188,192400,0.0,1.0
2004-10-20,61.3,61.36,59.25,61.25,23.064193292515,408000,0.0,1.0
2004-10-19,62.03,62.8,61.39,61.49,23.1545672743959,70400,0.0,1.0
2004-10-18,62.02,62.31,61.7,62.15,23.4030957245683,158200,0.0,1.0
2004-10-15,62.13,62.71,62.1,62.2,23.4219236374601,112700,0.0,1.0
2004-10-14,62.69,62.75,62.05,62.13,23.3955645594115,155200,0.0,1.0
2004-10-13,64.75,64.99,62.63,62.69,23.6064371838002,106600,0.0,1.0
2004-10-12,64.3,64.61,63.8,64.53,24.2993043782203,86600,0.0,1.0
2004-10-11,64.4,64.65,64.14,64.44,24.2654141350149,133400,0.0,1.0
2004-10-08,64.83,64.85,64.07,64.2,24.1750401531341,104300,0.0,1.0
2004-10-07,65.95,65.95,64.75,64.83,24.4122718555714,99600,0.0,1.0
2004-10-06,65.5,66.35,65.26,66.35,24.9846404074836,87200,0.0,1.0
2004-10-05,65.15,65.54,64.7,65.4,24.6269100625384,136800,0.0,1.0
2004-10-04,64.0,65.44,64.0,65.31,24.5930198193331,153700,0.0,1.0
2004-10-01,64.15,64.15,63.73,63.99,24.0959629189883,149600,0.0,1.0
2004-09-30,63.95,64.2,63.7,63.93,24.0733694235181,122300,0.0,1.0
2004-09-29,62.9,64.09,62.8,64.07,24.1260875796153,69900,0.0,1.0
2004-09-28,62.0,63.25,62.0,63.15,23.7796539824052,79200,0.0,1.0
2004-09-27,62.65,62.65,61.88,62.0,23.3466119858927,66200,0.0,1.0
2004-09-24,62.51,62.9,62.31,62.88,23.6779832527893,46900,0.0,1.0
2004-09-23,62.99,63.11,62.48,62.76,23.6327962618488,53000,0.0,1.0
2004-09-22,63.1,63.46,62.8,63.05,23.7419981566215,145400,0.0,1.0
2004-09-21,63.2,63.7,63.0,63.7,23.9867610242156,63100,0.0,1.0
2004-09-20,63.52,63.84,62.9,63.01,23.7269358263081,94400,0.0,1.0
2004-09-17,63.0,63.68,63.0,63.62,23.9566363635886,84800,0.0,1.0
2004-09-16,62.2,63.19,62.2,63.02,23.7307014088864,115400,0.0,1.0
2004-09-15,62.08,62.7,61.85,62.33,23.4708762109789,57800,0.0,1.0
2004-09-14,62.5,62.5,61.81,62.2,23.4219236374601,67600,0.0,1.0
2004-09-13,61.48,62.51,61.48,62.51,23.5386566973896,67500,0.0,1.0
2004-09-10,61.85,61.85,61.08,61.48,23.1508016918175,55900,0.0,1.0
2004-09-09,62.05,62.1,61.68,61.85,23.2901282472172,58900,0.0,1.0
2004-09-08,62.0,62.09,61.47,61.6,23.1959886827579,70900,0.0,1.0
2004-09-07,61.9,62.5,61.65,61.99,23.3428464033143,70000,0.0,1.0
2004-09-03,62.3,62.3,61.44,61.65,23.2148165956498,54500,0.0,1.0
2004-09-02,61.73,62.55,61.2,62.26,23.4445171329303,104400,0.0,1.0
2004-09-01,61.15,61.83,60.9,61.83,23.2825970820604,105800,0.0,1.0
2004-08-31,61.22,61.38,60.7,61.05,22.9888816409476,64800,0.0,1.0
2004-08-30,61.8,61.94,61.08,61.17,23.034068631888,118600,0.0,1.0
2004-08-27,62.0,62.06,61.67,61.99,23.3428464033143,60400,0.0,1.0
2004-08-26,62.12,62.3,61.85,61.99,23.3428464033143,54400,0.0,1.0
2004-08-25,61.65,62.1,61.12,62.02,23.3541431510495,133700,0.0,1.0
2004-08-24,62.0,62.03,61.3,61.53,23.1696296047093,188100,0.0,1.0
2004-08-23,63.07,63.1,61.9,61.94,23.3240184904225,47100,0.0,1.0
2004-08-20,62.15,63.12,61.77,63.1,23.7608260695134,72600,0.0,1.0
2004-08-19,62.4,62.59,62.12,62.25,23.440751550352,70200,0.0,1.0
2004-08-18,61.8,62.81,61.53,62.61,23.5763125231733,116700,0.0,1.0
2004-08-17,61.65,62.05,61.2,61.96,23.3315496555792,123200,0.23,1.0
2004-08-16,61.03,62.1,61.03,61.5,23.0726853805776,192300,0.0,1.0
2004-08-13,61.2,61.25,60.85,61.03,22.8963575410838,73100,0.0,1.0
2004-08-12,61.9,62.05,61.08,61.32,23.0051555697077,61000,0.0,1.0
2004-08-11,61.7,62.14,61.11,62.03,23.2715231570281,194600,0.0,1.0
2004-08-10,61.85,62.74,61.73,61.95,23.2415099077526,135900,0.0,1.0
2004-08-09,61.28,62.35,61.28,61.65,23.1289602229693,361000,0.0,1.0
2004-08-06,62.25,62.25,61.1,61.28,22.9901489450699,116900,0.0,1.0
2004-08-05,63.55,63.55,62.23,62.25,23.3540595925359,91100,0.0,1.0
2004-08-04,63.75,63.82,62.95,63.55,23.8417748932636,142900,0.0,1.0
2004-08-03,63.57,63.94,63.3,63.59,23.8567815179013,178500,0.0,1.0
2004-08-02,63.44,63.85,62.88,63.56,23.845526549423,124600,0.0,1.0
2004-07-30,64.0,64.09,63.4,63.49,23.8192649563069,176000,0.0,1.0
2004-07-29,63.0,64.28,62.98,64.16,24.0706259189896,211100,0.0,1.0
2004-07-28,63.67,63.7,62.65,63.2,23.710466927683,167900,0.0,1.0
2004-07-27,63.65,63.88,63.16,63.52,23.8305199247852,152500,0.0,1.0
2004-07-26,64.2,64.53,63.05,63.28,23.7404801769586,161400,0.0,1.0
2004-07-23,64.89,65.1,63.85,64.02,24.0181027327574,120100,0.0,1.0
2004-07-22,64.85,65.24,64.3,64.95,24.3670067555857,151600,0.0,1.0
2004-07-21,66.9,67.05,64.91,64.93,24.3595034432668,125300,0.0,1.0
2004-07-20,66.25,66.98,65.81,66.69,25.0197949273288,169700,0.0,1.0
2004-07-19,66.7,66.89,65.95,66.2,24.8359637755161,209100,0.0,1.0
2004-07-16,66.6,67.31,65.6,66.9,25.0985797066771,371700,0.0,1.0
2004-07-15,63.85,67.21,63.46,66.6,24.9860300218938,696400,0.0,1.0
2004-07-14,60.55,61.22,60.2,60.75,22.7913111686194,112300,0.0,1.0
2004-07-13,60.2,60.67,60.08,60.67,22.7612979193438,105800,0.0,1.0
2004-07-12,60.3,60.55,59.64,60.2,22.58497007985,49300,0.0,1.0
2004-07-09,59.5,60.45,59.5,60.37,22.6487482345605,71100,0.0,1.0
2004-07-08,60.15,60.15,59.07,59.2,22.2098044639056,119800,0.0,1.0
2004-07-07,60.7,60.94,60.23,60.26,22.6074800168066,124900,0.0,1.0
2004-07-06,61.49,61.49,60.6,60.79,22.8063177932571,85800,0.0,1.0
2004-07-02,61.6,61.6,61.18,61.49,23.0689337244182,124700,0.0,1.0
2004-07-01,62.28,62.28,60.96,61.72,23.1552218160854,140100,0.0,1.0
2004-06-30,61.65,62.25,60.61,62.25,23.3540595925359,153900,0.0,1.0
2004-06-29,60.78,62.2,60.78,61.76,23.1702284407232,64000,0.0,1.0
2004-06-28,60.85,60.97,60.53,60.9,22.847586011011,108100,0.0,1.0
2004-06-25,60.0,60.85,59.76,60.85,22.8288277302138,129800,0.0,1.0
2004-06-24,60.3,60.3,59.86,60.05,22.5286952374583,90500,0.0,1.0
2004-06-23,59.25,60.33,59.15,60.33,22.6337416099227,66400,0.0,1.0
2004-06-22,59.12,59.45,58.35,59.45,22.3035958678917,62600,0.0,1.0
2004-06-21,59.3,59.38,59.04,59.12,22.1797912146301,53700,0.0,1.0
2004-06-18,58.25,59.86,58.25,59.66,22.38238064724,57000,0.0,1.0
2004-06-17,58.5,58.83,57.77,58.4,21.9096719711501,100800,0.0,1.0
2004-06-16,58.45,58.66,58.25,58.62,21.9922084066579,80500,0.0,1.0
2004-06-15,58.75,59.43,58.7,58.95,22.1160130599195,84400,0.0,1.0
2004-06-14,59.7,59.7,58.51,58.54,21.9621951573824,73000,0.0,1.0
2004-06-10,59.19,60.25,59.19,60.08,22.5399502059367,58400,0.0,1.0
2004-06-09,59.95,60.25,59.16,59.22,22.2173077762245,98300,0.0,1.0
2004-06-08,59.55,60.18,59.34,60.1,22.5474535182555,57900,0.0,1.0
2004-06-07,58.9,59.8,58.9,59.76,22.4198972088345,64600,0.0,1.0
2004-06-04,58.3,59.2,58.3,58.96,22.119764716079,54700,0.0,1.0
2004-06-03,59.01,59.01,58.06,58.1,21.7971222863668,43200,0.0,1.0
2004-06-02,59.32,59.53,58.91,58.99,22.1310196845573,85000,0.0,1.0
2004-06-01,58.55,59.64,58.4,59.39,22.2810859309351,103800,0.0,1.0
2004-05-28,57.6,58.78,57.5,58.69,22.018469999774,116300,0.0,1.0
2004-05-27,57.35,57.97,57.26,57.77,21.6733176331052,100000,0.0,1.0
2004-05-26,56.6,57.16,56.38,57.14,21.4369632950603,111700,0.0,1.0
2004-05-25,56.1,56.7,56.05,56.5,21.1968573008559,99800,0.0,1.0
2004-05-24,56.52,57.1,55.92,56.3,21.121824177667,99100,0.0,1.0
2004-05-21,56.45,57.2,56.04,56.29,21.1180725215076,86800,0.0,1.0
2004-05-20,56.2,56.51,56.0,56.35,21.1405824584642,62700,0.0,1.0
2004-05-19,55.8,57.18,55.8,56.27,21.1105692091887,120600,0.0,1.0
2004-05-18,55.35,55.6,55.26,55.56,20.8442016218682,133900,0.0,1.0
2004-05-17,55.39,55.65,54.85,55.25,20.7279002809254,179900,0.0,1.0
2004-05-14,55.75,56.09,55.35,55.39,20.7804234671577,113700,0.0,1.0
2004-05-13,55.77,56.21,55.58,55.84,20.9492479943326,73400,0.22,1.0
2004-05-12,56.5,56.5,55.3,56.06,20.9492479943326,142500,0.0,1.0
2004-05-11,56.25,56.75,55.9,56.65,21.1697270581331,79200,0.0,1.0
2004-05-10,56.87,56.87,55.05,56.15,20.9828803938954,194000,0.0,1.0
2004-05-07,58.85,58.94,57.11,57.11,21.3416259892318,75200,0.0,1.0
2004-05-06,59.35,59.35,58.37,59.07,22.0740649130437,69300,0.0,1.0
2004-05-05,59.11,59.87,59.07,59.55,22.2534377107119,50800,0.0,1.0
2004-05-04,60.15,60.15,58.72,59.05,22.0665910464741,165400,0.0,1.0
2004-05-03,59.18,60.35,58.9,60.35,22.5523923734922,125100,0.0,1.0
2004-04-30,60.0,60.1,58.7,59.25,22.1413297121692,112700,0.0,1.0
2004-04-29,60.15,60.6,59.4,60.1,22.4589690413733,154700,0.0,1.0
2004-04-28,60.94,60.94,59.97,60.24,22.5112861073599,99600,0.0,1.0
2004-04-27,61.68,62.0,60.8,60.94,22.7728714372927,95500,0.0,1.0
2004-04-26,61.15,61.95,61.05,61.68,23.0494045003645,113400,0.0,1.0
2004-04-23,62.3,62.38,60.75,61.01,22.799029970286,171300,0.0,1.0
2004-04-22,62.2,62.4,61.59,62.13,23.2175664981785,209200,0.0,1.0
2004-04-21,61.3,62.78,60.81,62.4,23.3184636968668,142200,0.0,1.0
2004-04-20,63.75,64.04,61.11,61.11,22.8363993031335,194500,0.0,1.0
2004-04-19,62.75,64.29,62.47,63.99,23.9126360891428,222200,0.0,1.0
2004-04-16,62.9,63.09,61.88,62.57,23.3819915627077,288400,0.0,1.0
2004-04-15,61.0,64.09,59.95,63.12,23.5875228933691,792000,0.0,1.0
2004-04-14,58.05,58.7,57.6,58.37,21.8124795831109,192500,0.0,1.0
2004-04-13,58.85,58.85,57.7,58.22,21.7564255838395,116400,0.0,1.0
2004-04-12,57.95,58.87,57.95,58.63,21.9096398485145,119500,0.0,1.0
2004-04-08,58.4,58.57,57.71,58.17,21.7377409174158,98300,0.0,1.0
2004-04-07,58.2,58.6,57.5,58.19,21.7452147839853,143900,0.0,1.0
2004-04-06,58.26,58.26,57.95,58.15,21.7302670508463,98700,0.0,1.0
2004-04-05,57.7,58.35,55.81,58.3,21.7863210501176,80600,0.0,1.0
2004-04-02,58.1,58.3,57.43,57.76,21.5845266527408,166500,0.0,1.0
2004-04-01,56.75,57.77,56.73,57.69,21.5583681197476,113400,0.0,1.0
2004-03-31,57.35,57.35,56.3,56.65,21.1697270581331,146000,0.0,1.0
2004-03-30,57.42,57.5,56.82,57.4,21.4499970544897,119300,0.0,1.0
2004-03-29,56.52,57.75,56.52,57.65,21.5434203866085,121000,0.0,1.0
2004-03-26,56.9,57.38,56.51,56.52,21.1211469254313,161200,0.0,1.0
2004-03-25,56.3,57.03,55.81,57.02,21.307993589669,120800,0.0,1.0
2004-03-24,56.77,56.9,55.86,56.14,20.9791434606106,113900,0.0,1.0
2004-03-23,57.3,57.45,56.38,56.71,21.1921486578416,307000,0.0,1.0
2004-03-22,57.09,57.2,56.26,56.93,21.2743611901062,213900,0.0,1.0
2004-03-19,56.34,57.38,56.3,57.09,21.3341521226623,200200,0.0,1.0
2004-03-18,56.31,56.79,55.3,56.36,21.0613559928752,112800,0.0,1.0
2004-03-17,54.9,56.73,54.9,56.3,21.0389343931667,121900,0.0,1.0
2004-03-16,55.25,55.46,54.5,54.78,20.4709205338841,59500,0.0,1.0
2004-03-15,55.75,55.75,54.74,54.75,20.4597097340298,124100,0.0,1.0
2004-03-12,54.96,55.9,54.96,55.9,20.8894570617765,128100,0.0,1.0
2004-03-11,55.17,55.75,54.63,54.71,20.4447620008908,109100,0.0,1.0
2004-03-10,56.4,56.48,55.12,55.3,20.6652410646913,190200,0.0,1.0
2004-03-09,56.45,56.49,56.09,56.25,21.0202497267429,116200,0.0,1.0
2004-03-08,56.45,56.78,56.12,56.28,21.0314605265972,77400,0.0,1.0
2004-03-05,56.26,56.65,56.26,56.3,21.0389343931667,127800,0.0,1.0
2004-03-04,56.5,56.58,56.21,56.25,21.0202497267429,97800,0.0,1.0
2004-03-03,56.7,56.7,56.01,56.3,21.0389343931667,145900,0.0,1.0
2004-03-02,57.05,57.3,56.4,56.79,21.2220441241197,205700,0.0,1.0
2004-03-01,57.0,57.3,56.86,56.92,21.2706242568215,158900,0.0,1.0
2004-02-27,56.98,57.15,56.83,56.95,21.2818350566757,185100,0.0,1.0
2004-02-26,56.85,57.0,56.64,56.95,21.2818350566757,57000,0.0,1.0
2004-02-25,56.86,57.14,56.65,56.9,21.263150390252,141000,0.0,1.0
2004-02-24,57.0,57.3,56.6,56.76,21.2108333242654,148200,0.0,1.0
2004-02-23,57.05,57.39,56.96,57.09,21.3341521226623,161000,0.0,1.0
2004-02-20,57.35,57.49,56.55,57.22,21.3827322553641,99000,0.0,1.0
2004-02-19,57.65,57.85,57.25,57.38,21.4425231879202,188000,0.0,1.0
2004-02-18,59.02,59.25,57.42,57.65,21.5434203866085,253000,0.0,1.0
2004-02-17,58.25,59.2,58.25,59.1,22.0852757128979,294500,0.0,1.0
2004-02-13,58.45,58.76,58.01,58.2,21.74895171727,187500,0.22,1.0
2004-02-12,59.15,59.34,58.74,58.91,21.9313718874423,156000,0.0,1.0
2004-02-11,58.35,59.25,57.7,59.15,22.0207205422205,205500,0.0,1.0
2004-02-10,59.85,59.97,58.3,58.53,21.7899031840434,279600,0.0,1.0
2004-02-09,58.5,60.71,58.5,60.33,22.4600180948802,282300,0.0,1.0
2004-02-06,57.7,58.33,57.55,58.33,21.7154459717282,288000,0.0,1.0
2004-02-05,58.2,58.75,57.13,57.6,21.4436771467777,539300,0.0,1.0
2004-02-04,57.65,57.68,56.94,57.07,21.2463655341424,228600,0.0,1.0
2004-02-03,57.9,58.23,57.56,57.65,21.4622914498565,176200,0.0,1.0
2004-02-02,58.0,58.25,57.74,57.77,21.5069657772456,331800,0.0,1.0
2004-01-30,58.4,58.73,58.1,58.16,21.6521573412603,195200,0.0,1.0
2004-01-29,59.55,59.94,58.41,58.61,21.8196860689695,203700,0.0,1.0
2004-01-28,61.3,61.3,59.73,59.8,22.2627064822449,153300,0.0,1.0
2004-01-27,61.63,61.79,60.93,60.99,22.7057268955204,167400,0.0,1.0
2004-01-26,61.45,61.75,60.61,61.62,22.9402671143132,167700,0.0,1.0
2004-01-23,61.81,61.82,61.36,61.5,22.8955927869241,76700,0.0,1.0
2004-01-22,62.4,62.42,61.8,61.8,23.0072786053969,87600,0.0,1.0
2004-01-21,62.8,62.8,62.09,62.43,23.2418188241898,92600,0.0,1.0
2004-01-20,62.99,62.99,62.19,62.7,23.3423360608153,161300,0.0,1.0
2004-01-16,63.02,63.25,62.74,62.99,23.4502990186724,139700,0.0,1.0
2004-01-15,63.2,63.2,62.63,63.05,23.4726361823669,135800,0.0,1.0
2004-01-14,62.96,63.57,62.9,63.4,23.6029363039185,57100,0.0,1.0
2004-01-13,63.0,63.1,62.8,62.96,23.4391304368251,97500,0.0,1.0
2004-01-12,62.65,63.1,62.6,63.02,23.4614676005196,237900,0.0,1.0
2004-01-09,62.75,63.48,62.55,62.79,23.3758418063572,102200,0.0,1.0
2004-01-08,62.65,62.85,62.01,62.85,23.3981789700517,130700,0.0,1.0
2004-01-07,62.0,62.56,61.74,62.45,23.2492645454213,113700,0.0,1.0
2004-01-06,61.25,62.3,61.2,62.15,23.1375787269485,122600,0.0,1.0
2004-01-05,60.75,61.4,60.65,61.31,22.8248584352247,152200,0.0,1.0
2004-01-02,60.8,61.1,60.69,60.97,22.6982811742888,107500,0.0,1.0
2003-12-31,61.2,61.33,60.4,60.86,22.6573297075155,77400,0.0,1.0
2003-12-30,61.25,61.41,60.97,61.21,22.7876298290671,52800,0.0,1.0
2003-12-29,61.15,61.45,61.04,61.4,22.8583641807665,52500,0.0,1.0
2003-12-26,61.1,61.5,60.95,60.95,22.6908354530573,21400,0.0,1.0
2003-12-24,60.76,61.56,60.67,61.31,22.8248584352247,22800,0.0,1.0
2003-12-23,61.0,61.1,60.56,60.66,22.5828724952003,68400,0.0,1.0
2003-12-22,60.58,61.2,60.32,61.2,22.7839069684513,104000,0.0,1.0
2003-12-19,61.25,61.51,60.48,60.5,22.5233067253481,144600,0.0,1.0
2003-12-18,59.65,61.49,59.43,61.49,22.8918699263084,86000,0.0,1.0
2003-12-17,60.05,60.2,59.6,59.81,22.2664293428607,88600,0.0,1.0
2003-12-16,60.0,60.2,59.28,59.82,22.2701522034764,79200,0.0,1.0
2003-12-15,61.4,61.42,60.19,60.25,22.4302352099541,113600,0.0,1.0
2003-12-12,60.4,61.25,59.97,61.03,22.7206183379834,100700,0.0,1.0
2003-12-11,59.01,60.3,59.01,60.3,22.4488495130329,87900,0.0,1.0
2003-12-10,60.2,60.2,59.0,59.0,21.9648776329841,90000,0.0,1.0
2003-12-09,60.5,60.67,59.87,60.23,22.4227894887226,56300,0.0,1.0
2003-12-08,60.8,61.05,59.65,60.28,22.4414037918014,139200,0.0,1.0
2003-12-05,60.7,60.96,60.5,60.88,22.664775428747,83300,0.0,1.0
2003-12-04,61.0,61.16,60.6,60.95,22.6908354530573,176500,0.0,1.0
2003-12-03,60.25,61.67,60.25,61.07,22.7355097804464,120100,0.0,1.0
2003-12-02,60.49,60.7,60.24,60.46,22.5084152828851,119800,0.0,1.0
2003-12-01,58.8,60.8,58.8,60.49,22.5195838647324,155500,0.0,1.0
2003-11-28,59.4,59.44,58.81,58.85,21.9090347237477,119300,0.0,1.0
2003-11-26,58.9,59.63,58.9,59.54,22.1659121062351,140200,0.0,1.0
2003-11-25,57.65,59.39,57.6,59.0,21.9648776329841,167900,0.0,1.0
2003-11-24,56.25,57.68,56.25,57.45,21.3878342375413,151700,0.0,1.0
2003-11-21,55.9,56.26,55.9,56.03,20.8591880301034,117100,0.0,1.0
2003-11-20,55.55,55.95,55.21,55.7,20.7363336297833,136100,0.0,1.0
2003-11-19,56.15,56.15,55.36,55.65,20.7177193267045,182800,0.0,1.0
2003-11-18,57.38,57.59,55.97,56.15,20.9038623574925,132700,0.0,1.0
2003-11-17,57.16,57.4,56.2,57.38,21.361774213231,172900,0.0,1.0
2003-11-14,57.87,58.22,56.95,57.23,21.3059313039946,97800,0.22,1.0
2003-11-13,58.0,58.49,57.78,58.24,21.598911038201,82200,0.0,1.0
2003-11-12,57.05,58.11,57.05,58.07,21.5358647662831,78600,0.0,1.0
2003-11-11,56.78,57.3,56.4,56.93,21.1130838840106,120400,0.0,1.0
2003-11-10,57.8,57.86,56.75,56.82,21.0722892374756,216700,0.0,1.0
2003-11-07,57.5,57.9,57.3,57.66,21.3838119928343,360800,0.0,1.0
2003-11-06,57.6,58.63,57.56,58.57,21.7212949778061,121700,0.0,1.0
2003-11-05,57.4,57.9,57.26,57.7,21.3986464097561,158500,0.0,1.0
2003-11-04,57.75,57.75,56.65,57.35,21.26884526169,302500,0.0,1.0
2003-11-03,57.17,57.9,56.9,57.83,21.4468582647521,261800,0.0,1.0
2003-10-31,58.2,58.35,57.35,57.35,21.26884526169,353300,0.0,1.0
2003-10-30,57.21,58.24,57.05,58.2,21.5840766212791,257900,0.0,1.0
2003-10-29,57.7,57.7,57.08,57.11,21.1798387601589,318700,0.0,1.0
2003-10-28,55.7,58.0,55.5,57.7,21.3986464097561,378300,0.0,1.0
2003-10-27,53.85,55.88,53.76,55.7,20.656925563664,277400,0.0,1.0
2003-10-24,52.8,53.9,52.75,53.67,19.9040789048806,217900,0.0,1.0
2003-10-23,52.7,53.57,52.55,53.37,19.7928207779668,141800,0.0,1.0
2003-10-22,53.6,53.74,52.65,52.7,19.5443442945259,150400,0.0,1.0
2003-10-21,53.03,54.04,53.02,53.77,19.9411649471852,159200,0.0,1.0
2003-10-20,52.38,53.07,52.25,53.03,19.6667282341311,201000,0.0,1.0
2003-10-17,52.03,53.34,51.82,52.37,19.4219603549207,227400,0.0,1.0
2003-10-16,52.8,52.8,51.56,52.03,19.2958678110851,562100,0.0,1.0
2003-10-15,49.5,52.98,49.24,52.88,19.6110991706742,624500,0.0,1.0
2003-10-14,46.6,46.95,46.47,46.79,17.3525591943239,111400,0.0,1.0
2003-10-13,46.66,46.79,46.54,46.56,17.2672612970233,107800,0.0,1.0
2003-10-10,46.65,46.83,46.43,46.66,17.3043473393279,39100,0.0,1.0
2003-10-09,46.7,46.97,46.38,46.51,17.248718275871,158300,0.0,1.0
2003-10-08,46.0,46.57,45.86,46.5,17.2450096716405,101200,0.0,1.0
2003-10-07,45.6,46.42,45.5,46.0,17.0595794601175,335000,0.0,1.0
2003-10-06,45.3,45.9,45.3,45.66,16.9334869162819,122500,0.0,1.0
2003-10-03,45.45,45.7,45.07,45.26,16.7851427470634,138800,0.0,1.0
2003-10-02,45.0,45.25,44.71,45.25,16.781434142833,68000,0.0,1.0
2003-10-01,43.6,44.9,43.57,44.9,16.6516329947669,80300,0.0,1.0
2003-09-30,44.26,44.26,43.5,43.62,16.1769316532679,122000,0.0,1.0
2003-09-29,44.4,44.5,44.0,44.31,16.4328253451697,97700,0.0,1.0
2003-09-26,44.15,44.46,44.15,44.34,16.4439511578611,177500,0.0,1.0
2003-09-25,44.9,44.9,44.26,44.3,16.4291167409393,129900,0.0,1.0
2003-09-24,45.45,45.45,44.81,44.9,16.6516329947669,123200,0.0,1.0
2003-09-23,45.4,45.59,45.11,45.34,16.8148115809071,143800,0.0,1.0
2003-09-22,45.3,45.34,44.61,45.2,16.7628911216807,175700,0.0,1.0
2003-09-19,45.47,45.47,45.1,45.4,16.8370632062899,86400,0.0,1.0
2003-09-18,45.1,45.5,44.98,45.47,16.8630234359031,81600,0.0,1.0
2003-09-17,45.75,45.75,45.02,45.1,16.7258050793761,170300,0.0,1.0
2003-09-16,44.68,45.81,44.66,45.8,16.9854073755083,188700,0.0,1.0
2003-09-15,45.18,45.25,44.56,44.68,16.5700437016967,113600,0.0,1.0
2003-09-12,44.67,45.24,44.325,45.18,16.7554739132198,163100,0.0,1.0
2003-09-11,44.25,44.95,44.25,44.66,16.5626264932358,106700,0.0,1.0
2003-09-10,45.47,45.51,44.02,44.25,16.410573719787,161300,0.0,1.0
2003-09-09,45.4,45.73,45.27,45.35,16.8185201851376,169500,0.0,1.0
2003-09-08,44.72,45.65,44.72,45.52,16.8815664570554,119300,0.0,1.0
2003-09-05,45.36,45.36,44.38,44.52,16.5107060340094,137500,0.0,1.0
2003-09-04,45.8,45.89,45.21,45.35,16.8185201851376,66500,0.0,1.0
2003-09-03,46.05,46.34,45.73,45.94,17.0373278347347,195000,0.0,1.0
2003-09-02,45.7,45.92,45.27,45.83,16.9965331881997,205200,0.0,1.0
2003-08-29,44.6,45.49,44.5,45.49,16.870440644364,107600,0.0,1.0
2003-08-28,44.5,44.85,43.82,44.69,16.5737523059272,101200,0.0,1.0
2003-08-27,43.9,44.45,43.62,44.32,16.4365339494002,85800,0.0,1.0
2003-08-26,43.9,44.1,43.64,43.86,16.265938154799,162600,0.0,1.0
2003-08-25,43.85,44.21,43.85,44.11,16.3586532605605,99500,0.0,1.0
2003-08-22,45.0,45.25,44.05,44.05,16.3364016351777,92700,0.0,1.0
2003-08-21,44.5,44.98,44.45,44.88,16.644215786306,70600,0.0,1.0
2003-08-20,44.6,44.89,44.1,44.39,16.4624941790134,233700,0.0,1.0
2003-08-19,44.3,44.66,44.2,44.66,16.5626264932358,118000,0.0,1.0
2003-08-18,44.65,44.65,43.8,44.15,16.3734876774823,154900,0.0,1.0
2003-08-15,43.93,44.71,43.8,44.71,16.5811695143881,36300,0.22,1.0
2003-08-14,44.32,44.37,43.79,44.2,16.3117670272859,159200,0.0,1.0
2003-08-13,43.82,44.14,43.63,44.14,16.2896243571131,91300,0.0,1.0
2003-08-12,43.85,43.91,43.45,43.91,16.2047441214508,74100,0.0,1.0
2003-08-11,43.7,44.25,43.41,43.7,16.127244775846,74800,0.0,1.0
2003-08-08,43.45,43.75,43.3,43.5,16.0534358752701,84600,0.0,1.0
2003-08-07,43.5,43.71,43.11,43.46,16.0386740951549,161400,0.0,1.0
2003-08-06,43.45,43.56,42.65,43.11,15.9095085191469,159500,0.0,1.0
2003-08-05,43.8,43.83,43.29,43.36,16.0017696448669,173400,0.0,1.0
2003-08-04,43.25,43.73,42.74,43.58,16.0829594355004,154600,0.0,1.0
2003-08-01,43.75,43.82,43.18,43.4,16.0165314249821,146100,0.0,1.0
2003-07-31,43.8,44.0,43.4,43.75,16.14569700099,166100,0.0,1.0
2003-07-30,43.6,43.65,43.23,43.5,16.0534358752701,171700,0.0,1.0
2003-07-29,44.0,44.0,43.3,43.47,16.0423645401837,127800,0.0,1.0
2003-07-28,44.1,44.28,43.62,43.85,16.182601451278,115200,0.0,1.0
2003-07-25,44.3,44.72,43.02,43.94,16.2158154565372,459800,0.0,1.0
2003-07-24,44.7,45.03,44.15,44.31,16.3523619226027,212600,0.0,1.0
2003-07-23,44.54,44.56,43.92,44.46,16.4077185980346,145700,0.0,1.0
2003-07-22,44.15,44.56,43.94,44.51,16.4261708231786,124000,0.0,1.0
2003-07-21,44.27,44.39,43.72,44.01,16.2416485717387,144300,0.0,1.0
2003-07-18,44.01,44.3,43.83,44.23,16.3228383623723,121500,0.0,1.0
2003-07-17,44.4,44.88,43.75,44.0,16.2379581267099,207400,0.0,1.0
2003-07-16,44.15,45.05,44.11,44.47,16.4114090430634,137700,0.0,1.0
2003-07-15,44.84,44.98,43.74,43.95,16.2195059015659,82200,0.0,1.0
2003-07-14,44.6,45.25,44.4,44.74,16.511051058841,102900,0.0,1.0
2003-07-11,43.75,44.87,43.75,44.45,16.4040281530058,93200,0.0,1.0
2003-07-10,45.0,45.15,43.56,43.68,16.1198638857884,163300,0.0,1.0
2003-07-09,45.31,45.43,44.97,45.24,16.6955733102809,126300,0.0,1.0
2003-07-08,45.05,45.51,44.75,45.31,16.7214064254824,145800,0.0,1.0
2003-07-07,45.0,46.0,44.71,44.99,16.6033121845609,307800,0.0,1.0
2003-07-03,43.25,43.47,43.03,43.12,15.9131989641757,52200,0.0,1.0
2003-07-02,42.6,43.4,42.6,43.4,16.0165314249821,223600,0.0,1.0
2003-07-01,42.13,42.75,41.88,42.68,15.7508193829086,370200,0.0,1.0
2003-06-30,42.99,43.04,41.3,42.16,15.5589162414112,796000,0.0,1.0
2003-06-27,43.75,43.92,42.98,42.98,15.8615327337726,180200,0.0,1.0
2003-06-26,44.01,44.1,43.5,43.65,16.108792550702,208200,0.0,1.0
2003-06-25,43.66,44.21,43.61,44.01,16.2416485717387,230700,0.0,1.0
2003-06-24,43.46,43.88,43.4,43.65,16.108792550702,151900,0.0,1.0
2003-06-23,44.46,44.46,43.02,43.46,16.0386740951549,173800,0.0,1.0
2003-06-20,44.9,45.35,44.46,44.46,16.4077185980346,206100,0.0,1.0
2003-06-19,45.05,45.29,44.1,44.68,16.4889083886682,207900,0.0,1.0
2003-06-18,45.2,45.65,44.91,44.95,16.5885504044457,145000,0.0,1.0
2003-06-17,45.65,45.65,44.6,45.2,16.6808115301657,236600,0.0,1.0
2003-06-16,44.4,45.51,44.32,45.51,16.7952153260584,186600,0.0,1.0
2003-06-13,45.25,45.25,44.21,44.38,16.3781950378043,158600,0.0,1.0
2003-06-12,46.0,46.0,45.01,45.25,16.6992637553097,104800,0.0,1.0
2003-06-11,45.15,45.95,44.65,45.85,16.9206904570375,127200,0.0,1.0
2003-06-10,45.21,45.5,44.64,45.21,16.6845019751945,194300,0.0,1.0
2003-06-09,45.3,45.65,45.0,45.17,16.6697401950793,124800,0.0,1.0
2003-06-06,45.53,46.25,45.31,45.4,16.7546204307416,220700,0.0,1.0
2003-06-05,46.05,46.05,45.31,45.52,16.7989057710872,165700,0.0,1.0
2003-06-04,45.6,46.19,45.45,46.19,17.0461655880166,150400,0.0,1.0
2003-06-03,45.2,45.65,45.05,45.62,16.8358102213752,117300,0.0,1.0
2003-06-02,45.25,46.0,45.2,45.3,16.7177159804536,139000,0.0,1.0
2003-05-30,44.15,45.07,44.15,45.07,16.6328357447913,135500,0.0,1.0
2003-05-29,44.2,44.61,43.6,44.02,16.2453390167675,155000,0.0,1.0
2003-05-28,44.15,44.37,43.95,44.17,16.3006956921995,120300,0.0,1.0
2003-05-27,42.6,44.11,42.6,44.02,16.2453390167675,145900,0.0,1.0
2003-05-23,42.6,42.89,42.41,42.68,15.7508193829086,75500,0.0,1.0
2003-05-22,42.49,42.9,42.12,42.65,15.7397480478222,89800,0.0,1.0
2003-05-21,42.49,42.72,42.02,42.4,15.6474869221023,91000,0.0,1.0
2003-05-20,42.55,42.93,42.4,42.59,15.7176053776495,117400,0.0,1.0
2003-05-19,43.5,43.5,42.42,42.42,15.6548678121599,200100,0.0,1.0
2003-05-16,44.1,44.38,43.54,43.56,16.0755785454428,211000,0.0,1.0
2003-05-15,44.7,44.95,43.9,44.35,16.3671237027179,190100,0.0,1.0
2003-05-14,45.2,45.25,44.59,44.67,16.4852179436394,217800,0.215,1.0
2003-05-13,45.4,45.4,45.02,45.18,16.5935645915925,103100,0.0,1.0
2003-05-12,45.25,45.55,45.05,45.54,16.7257842297725,77500,0.0,1.0
2003-05-09,45.22,45.68,45.07,45.37,16.6633471784097,81000,0.0,1.0
2003-05-08,45.06,45.49,44.9,45.17,16.5898918238652,97100,0.0,1.0
2003-05-07,45.25,45.67,45.15,45.26,16.6229467334102,161700,0.0,1.0
2003-05-06,45.52,46.0,45.45,45.94,16.8726949388614,74700,0.0,1.0
2003-05-05,45.7,45.99,45.17,45.42,16.6817110170458,100800,0.0,1.0
2003-05-02,44.8,45.99,44.8,45.8,16.8212761906803,80500,0.0,1.0
2003-05-01,45.25,45.25,44.4,44.8,16.453999417958,82400,0.0,1.0
2003-04-30,45.51,45.8,44.81,45.36,16.6596744106825,163100,0.0,1.0
2003-04-29,45.9,46.37,45.61,45.66,16.7698574424991,120900,0.0,1.0
2003-04-28,44.83,46.09,44.76,45.75,16.8029123520442,91600,0.0,1.0
2003-04-25,45.15,45.16,44.51,44.83,16.4650177211397,174400,0.0,1.0
2003-04-24,45.59,45.99,45.08,45.18,16.5935645915925,129300,0.0,1.0
2003-04-23,45.95,45.95,45.15,45.58,16.7404753006814,166600,0.0,1.0
2003-04-22,45.21,45.99,45.15,45.94,16.8726949388614,141300,0.0,1.0
2003-04-21,44.95,45.5,44.8,45.22,16.6082556625013,161300,0.0,1.0
2003-04-17,44.3,45.2,44.3,45.05,16.5458186111386,236900,0.0,1.0
2003-04-16,44.66,45.0,43.72,43.88,16.1161047870535,139900,0.0,1.0
2003-04-15,41.78,44.61,41.78,44.61,16.3842168311408,329200,0.0,1.0
2003-04-14,40.95,41.85,40.95,41.78,15.3448235643367,65200,0.0,1.0
2003-04-11,41.5,41.83,40.65,40.84,14.9995833979778,84900,0.0,1.0
2003-04-10,41.25,41.67,41.05,41.17,15.1207847329761,66900,0.0,1.0
2003-04-09,41.25,42.1,41.23,41.35,15.1868945520661,75200,0.0,1.0
2003-04-08,42.25,42.25,40.89,41.05,15.0767115202495,164300,0.0,1.0
2003-04-07,41.3,42.99,41.3,42.25,15.5174436475162,117400,0.0,1.0
2003-04-04,41.9,42.2,40.9,41.0,15.0583476816133,134300,0.0,1.0
2003-04-03,42.2,42.41,41.65,41.7,15.3154414225189,95500,0.0,1.0
2003-04-02,40.75,42.2,40.75,42.02,15.4329699897901,117400,0.0,1.0
2003-04-01,40.49,40.64,39.75,40.29,14.7975811729805,129800,0.0,1.0
2003-03-31,40.65,40.94,39.8,40.49,14.871036527525,185200,0.0,1.0
2003-03-28,40.63,41.08,40.37,40.9,15.0216200043411,103300,0.0,1.0
2003-03-27,40.5,40.9,40.19,40.63,14.9224552757061,108100,0.0,1.0
2003-03-26,41.41,41.41,40.34,40.74,14.9628557207055,161600,0.0,1.0
2003-03-25,41.85,42.09,41.17,41.41,15.2089311584295,197500,0.0,1.0
2003-03-24,42.78,42.78,41.48,41.85,15.3705329384273,182100,0.0,1.0
2003-03-21,42.0,43.12,41.8,42.98,15.7855556916034,205600,0.0,1.0
2003-03-20,43.6,43.6,40.46,41.5,15.2419860679745,407000,0.0,1.0
2003-03-19,43.3,43.72,43.02,43.6,16.0132672906913,112500,0.0,1.0
2003-03-18,42.8,43.9,42.8,43.34,15.9177753297835,143700,0.0,1.0
2003-03-17,40.83,42.95,40.61,42.75,15.7010820338773,163400,0.0,1.0
2003-03-14,40.75,41.32,40.58,40.83,14.9959106302506,137000,0.0,1.0
2003-03-13,39.5,40.62,39.5,40.62,14.9187825079789,161600,0.0,1.0
2003-03-12,39.6,39.7,39.02,39.24,14.4119405616221,86700,0.0,1.0
2003-03-11,39.99,40.15,39.55,39.69,14.5772151093472,94200,0.0,1.0
2003-03-10,41.02,41.02,39.79,39.99,14.6873981411638,112200,0.0,1.0
2003-03-07,40.3,41.69,40.3,41.15,15.1134391975217,134100,0.0,1.0
2003-03-06,41.6,41.62,40.6,40.71,14.9518374175239,59900,0.0,1.0
2003-03-05,41.7,41.97,41.22,41.7,15.3154414225189,100200,0.0,1.0
2003-03-04,42.34,42.36,41.68,41.79,15.3484963320639,91500,0.0,1.0
2003-03-03,42.75,43.09,41.79,42.2,15.4990798088801,119200,0.0,1.0
2003-02-28,43.44,44.19,42.47,42.61,15.6496632856962,169100,0.0,1.0
2003-02-27,42.15,43.63,42.0,43.44,15.9545030070557,168000,0.0,1.0
2003-02-26,42.8,42.86,41.75,42.0,15.4256244543356,112000,0.0,1.0
2003-02-25,42.2,42.89,41.85,42.77,15.7084275693318,135400,0.0,1.0
2003-02-24,43.0,43.0,42.32,42.33,15.546825789334,111600,0.0,1.0
2003-02-21,42.8,43.1,42.55,42.95,15.7745373884218,148600,0.0,1.0
2003-02-20,43.1,43.53,42.44,42.76,15.7047548016045,181200,0.0,1.0
2003-02-19,43.65,43.65,42.65,43.06,15.8149378334212,132600,0.0,1.0
2003-02-18,42.3,43.72,42.3,43.64,16.0279583616001,128700,0.0,1.0
2003-02-14,41.96,42.25,41.35,42.1,15.4623521316078,136700,0.0,1.0
2003-02-13,41.3,42.58,41.25,41.96,15.4109333834267,162400,0.215,1.0
2003-02-12,41.53,41.99,40.94,41.29,15.0875504303898,115100,0.0,1.0
2003-02-11,42.45,42.55,41.1,41.43,15.138707055729,179100,0.0,1.0
2003-02-10,41.75,42.56,41.75,42.26,15.4419927630969,141900,0.0,1.0
2003-02-07,42.85,43.53,41.64,41.65,15.2190960384048,209200,0.0,1.0
2003-02-06,40.2,42.75,40.2,42.66,15.5881545497803,414900,0.0,1.0
2003-02-05,40.2,41.4,39.99,40.06,14.6381029363385,201600,0.0,1.0
2003-02-04,40.95,40.95,39.77,39.98,14.6088705790018,202600,0.0,1.0
2003-02-03,40.8,41.42,40.35,41.05,14.9998533583798,143000,0.0,1.0
2003-01-31,39.3,40.83,39.3,40.8,14.9085022417027,116500,0.0,1.0
2003-01-30,40.67,40.67,39.15,39.3,14.3603955416401,97600,0.0,1.0
2003-01-29,40.45,40.75,39.7,39.75,14.5248275516589,129000,0.0,1.0
2003-01-28,40.45,40.75,39.7,39.75,14.5248275516589,109100,0.0,1.0
2003-01-27,41.09,41.25,40.0,40.25,14.7075297850131,92900,0.0,1.0
2003-01-24,42.02,42.02,40.75,41.19,15.051009983719,92500,0.0,1.0
2003-01-23,41.3,42.2,41.03,42.02,15.3542956910869,88600,0.0,1.0
2003-01-22,41.5,41.6,41.02,41.13,15.0290857157164,94400,0.0,1.0
2003-01-21,42.55,42.55,41.55,41.63,15.2117879490706,105400,0.0,1.0
2003-01-17,43.29,43.29,42.12,42.54,15.5443060137753,127600,0.0,1.0
2003-01-16,42.95,44.15,42.9,43.38,15.8512457658103,149400,0.0,1.0
2003-01-15,42.85,43.78,42.78,42.85,15.6575813984549,263800,0.0,1.0
2003-01-14,42.0,42.85,41.83,42.85,15.6575813984549,124500,0.0,1.0
2003-01-13,41.4,42.0,41.15,41.97,15.3360254677515,109600,0.0,1.0
2003-01-10,41.69,41.98,41.35,41.35,15.1094746983923,120200,0.0,1.0
2003-01-09,41.25,42.05,41.25,41.79,15.270252663744,173200,0.0,1.0
2003-01-08,41.8,41.9,41.02,41.02,14.9888912243785,98000,0.0,1.0
2003-01-07,42.95,43.15,41.55,41.9,15.3104471550819,141500,0.0,1.0
2003-01-06,41.9,43.14,41.9,42.95,15.6941218451257,152800,0.0,1.0
2003-01-03,42.85,42.88,41.77,41.9,15.3104471550819,89700,0.0,1.0
2003-01-02,41.55,42.93,41.39,42.82,15.6466192644536,114900,0.0,1.0
2002-12-31,41.25,41.86,40.81,41.38,15.1204368323935,135600,0.0,1.0
2002-12-30,41.87,42.05,40.86,41.06,15.0035074030469,143300,0.0,1.0
2002-12-27,42.1,42.45,41.83,41.83,15.2848688424123,118100,0.0,1.0
2002-12-26,40.9,42.69,40.55,42.07,15.3725659144223,111400,0.0,1.0
2002-12-24,41.0,41.14,40.6,40.72,14.879269884366,42800,0.0,1.0
2002-12-23,40.75,41.48,40.59,41.1,15.0181235817152,109300,0.0,1.0
2002-12-20,40.3,40.75,40.3,40.75,14.8902320183673,164600,0.0,1.0
2002-12-19,40.2,40.25,39.88,40.17,14.6782974276764,131100,0.0,1.0
2002-12-18,41.05,41.05,40.1,40.3,14.7258000083485,79000,0.0,1.0
2002-12-17,42.05,42.05,41.0,41.16,15.0400478497177,171400,0.0,1.0
2002-12-16,41.75,42.05,41.4,42.05,15.3652578250882,164500,0.0,1.0
2002-12-13,42.53,42.53,41.6,41.74,15.2519824404086,105400,0.0,1.0
2002-12-12,42.8,43.15,42.35,42.63,15.577192415779,96100,0.0,1.0
2002-12-11,42.8,43.45,42.4,42.92,15.6831597111245,95500,0.0,1.0
2002-12-10,42.2,42.92,42.01,42.77,15.6283490411182,124400,0.0,1.0
2002-12-09,42.4,42.7,42.05,42.2,15.4200684950944,148800,0.0,1.0
2002-12-06,41.35,42.53,40.84,42.53,15.5406519691082,177500,0.0,1.0
2002-12-05,42.0,42.06,41.4,41.55,15.182555591734,119600,0.0,1.0
2002-12-04,41.25,42.54,41.19,41.84,15.2885228870794,149000,0.0,1.0
2002-12-03,41.3,41.84,40.97,41.4,15.1277449217277,75200,0.0,1.0
2002-12-02,41.8,42.14,40.9,41.27,15.0802423410556,181900,0.0,1.0
2002-11-29,41.98,42.2,41.51,41.53,15.1752475023998,56600,0.0,1.0
2002-11-27,40.15,41.88,40.15,41.88,15.3031390657477,66200,0.0,1.0
2002-11-26,41.1,41.11,40.05,40.22,14.6965676510118,46100,0.0,1.0
2002-11-25,40.75,41.3,39.9,41.2,15.054664028386,185600,0.0,1.0
2002-11-22,41.14,41.3,40.45,40.85,14.9267724650381,125400,0.0,1.0
2002-11-21,39.05,41.5,39.0,41.14,15.0327397603835,208100,0.0,1.0
2002-11-20,38.8,39.22,38.35,39.22,14.3311631843034,86200,0.0,1.0
2002-11-19,38.85,39.2,38.42,38.76,14.1630771296175,89800,0.0,1.0
2002-11-18,39.5,39.5,38.07,38.85,14.1959635316213,153500,0.0,1.0
2002-11-15,39.25,39.59,39.15,39.58,14.4627087923184,79800,0.0,1.0
2002-11-14,38.7,39.25,38.55,39.22,14.3311631843034,153200,0.215,1.0
2002-11-13,38.55,39.0,38.07,38.68,14.0567869143871,160200,0.0,1.0
2002-11-12,38.35,39.34,38.15,38.53,14.0022750726819,128900,0.0,1.0
2002-11-11,39.2,39.2,38.34,38.5,13.9913727043408,109200,0.0,1.0
2002-11-08,39.1,39.45,38.75,39.19,14.2421271761849,211800,0.0,1.0
2002-11-07,39.5,39.9,39.18,39.21,14.2493954217456,149500,0.0,1.0
2002-11-06,39.25,40.27,38.92,40.0,14.5364911213931,240600,0.0,1.0
2002-11-05,38.6,38.96,38.38,38.78,14.0931281421906,153900,0.0,1.0
2002-11-04,38.35,39.0,38.15,38.41,13.9586655993177,154400,0.0,1.0
2002-11-01,37.5,38.45,37.08,38.19,13.87871489815,257200,0.0,1.0
2002-10-31,36.0,37.27,36.0,37.27,13.544375602358,224900,0.0,1.0
2002-10-30,35.26,36.05,35.19,36.0,13.0828420092538,175700,0.0,1.0
2002-10-29,35.1,35.5,34.66,35.5,12.9011358702364,272500,0.0,1.0
2002-10-28,36.0,36.0,34.55,34.74,12.6249425389299,284500,0.0,1.0
2002-10-25,35.43,35.77,35.1,35.52,12.9084041157971,155400,0.0,1.0
2002-10-24,36.05,36.58,35.25,35.43,12.8756970107739,223200,0.0,1.0
2002-10-23,36.48,37.17,35.31,36.05,13.1010126231555,342600,0.0,1.0
2002-10-22,37.6,37.6,36.0,36.48,13.2572799027105,167900,0.0,1.0
2002-10-21,36.3,37.8,36.05,37.8,13.7369841097165,221700,0.0,1.0
2002-10-18,36.87,36.88,35.81,36.44,13.2427434115891,140900,0.0,1.0
2002-10-17,36.75,37.16,36.0,36.95,13.4280836733869,344000,0.0,1.0
2002-10-16,37.75,38.2,35.88,36.0,13.0828420092538,276900,0.0,1.0
2002-10-15,36.4,39.6,36.17,38.75,14.0822257738495,543100,0.0,1.0
2002-10-14,35.7,35.73,34.25,34.49,12.5340894694212,120000,0.0,1.0
2002-10-11,34.9,36.31,34.77,35.85,13.0283301675485,116900,0.0,1.0
2002-10-10,32.75,34.45,32.36,34.11,12.3959928037679,166100,0.0,1.0
2002-10-09,34.4,34.4,32.53,32.65,11.8654108778371,201500,0.0,1.0
2002-10-08,33.9,35.37,33.37,34.85,12.6649178895137,179400,0.0,1.0
2002-10-07,34.9,35.3,32.99,33.1,12.0289464029528,155000,0.0,1.0
2002-10-04,36.49,36.8,34.49,34.81,12.6503813983923,142200,0.0,1.0
2002-10-03,35.8,36.65,35.6,36.45,13.2463775343694,200100,0.0,1.0
2002-10-02,36.6,36.74,35.37,35.37,12.8538922740918,224500,0.0,1.0
2002-10-01,36.7,36.85,36.19,36.85,13.3917424455834,411100,0.0,1.0
2002-09-30,36.75,36.97,35.55,36.68,13.3299623583175,284500,0.0,1.0
2002-09-27,38.3,38.6,36.88,36.89,13.4062789367048,92400,0.0,1.0
2002-09-26,37.0,38.5,37.0,38.42,13.9622997220981,205000,0.0,1.0
2002-09-25,37.5,37.7,37.0,37.2,13.5189367428956,343400,0.0,1.0
2002-09-24,37.95,37.95,37.0,37.35,13.5734485846008,356300,0.0,1.0
2002-09-23,40.4,40.42,37.7,38.0,13.8096665653234,487000,0.0,1.0
2002-09-20,41.15,41.62,40.41,40.61,14.7581726109943,336700,0.0,1.0
2002-09-19,42.47,42.5,40.94,40.94,14.8780986627458,131900,0.0,1.0
2002-09-18,43.05,43.34,42.46,42.72,15.5249725176478,203600,0.0,1.0
2002-09-17,43.7,44.04,43.15,43.17,15.6885080427635,164400,0.0,1.0
2002-09-16,43.9,44.0,43.32,43.32,15.7430198844687,105300,0.0,1.0
2002-09-13,43.99,44.15,43.33,44.01,15.9937743563127,130100,0.0,1.0
2002-09-12,44.1,44.35,43.63,43.99,15.986506110752,209300,0.0,1.0
2002-09-11,43.07,44.21,43.07,44.11,16.0301155841162,234600,0.0,1.0
2002-09-10,43.15,43.42,42.8,43.17,15.6885080427635,216200,0.0,1.0
2002-09-09,43.2,43.5,42.54,43.3,15.735751638908,131500,0.0,1.0
2002-09-06,42.68,43.49,42.35,43.41,15.7757269894918,150200,0.0,1.0
2002-09-05,43.34,43.45,42.42,42.43,15.4195829570177,151100,0.0,1.0
2002-09-04,43.5,43.64,42.95,43.49,15.8047999717346,216900,0.0,1.0
2002-09-03,44.4,44.44,42.5,42.5,15.4450218164801,151000,0.0,1.0
2002-08-30,44.25,45.56,44.25,44.8,16.2808700559602,124700,0.0,1.0
2002-08-29,44.7,45.11,44.06,44.15,16.0446520752376,152700,0.0,1.0
2002-08-28,45.6,45.9,44.55,44.72,16.2517970737175,211100,0.0,1.0
2002-08-27,46.75,47.23,46.11,46.11,16.7569401401859,198200,0.0,1.0
2002-08-26,45.05,47.0,45.05,46.91,17.0476699626137,200100,0.0,1.0
2002-08-23,46.54,46.6,45.57,45.57,16.5606975100471,118500,0.0,1.0
2002-08-22,46.2,46.74,46.05,46.64,16.9495486475443,198900,0.0,1.0
2002-08-21,46.14,46.49,45.55,46.25,16.8078178591108,212000,0.0,1.0
2002-08-20,45.86,46.45,45.12,46.14,16.7678425085269,213000,0.0,1.0
2002-08-19,45.23,46.32,45.23,46.11,16.7569401401859,216600,0.0,1.0
2002-08-16,44.35,45.5,43.83,45.33,16.4734785633187,273400,0.0,1.0
2002-08-15,45.0,45.23,43.11,44.32,16.1064321625035,299000,0.215,1.0
2002-08-14,43.46,44.91,42.4,44.9,16.2384372762189,258200,0.0,1.0
2002-08-13,44.0,44.57,43.44,43.46,15.7176499782734,198400,0.0,1.0
2002-08-12,43.9,44.25,43.05,44.02,15.9201783719188,89900,0.0,1.0
2002-08-09,43.45,44.1,42.92,43.68,15.7972147043484,229700,0.0,1.0
2002-08-08,44.0,44.2,43.3,43.55,15.7501991843949,283200,0.0,1.0
2002-08-07,43.1,44.31,42.22,44.31,16.0250591471995,279400,0.0,1.0
2002-08-06,41.0,42.75,41.0,42.75,15.4608729077585,230400,0.0,1.0
2002-08-05,41.46,42.0,40.16,40.25,14.5567282932697,86200,0.0,1.0
2002-08-02,42.65,42.96,41.43,41.45,14.9907177082244,149500,0.0,1.0
2002-08-01,43.17,43.85,42.31,43.39,15.6923339290677,178500,0.0,1.0
2002-07-31,42.45,43.3,42.12,43.17,15.6127692029926,170600,0.0,1.0
2002-07-30,43.9,43.9,42.0,42.62,15.4138573878051,265800,0.0,1.0
2002-07-29,40.2,44.1,40.2,44.1,15.9491109995825,239100,0.0,1.0
2002-07-26,41.19,41.74,40.6,40.98,14.8207385207005,170400,0.0,1.0
2002-07-25,39.85,41.37,39.55,41.2,14.9003032467755,245800,0.0,1.0
2002-07-24,37.99,39.75,36.95,39.6,14.3216506935026,274600,0.0,1.0
2002-07-23,39.6,39.99,38.02,38.05,13.7610810325196,157600,0.0,1.0
2002-07-22,40.15,40.98,39.2,39.37,14.2384693889697,280800,0.0,1.0
2002-07-19,41.3,41.8,39.8,40.07,14.4916298810265,186500,0.0,1.0
2002-07-18,41.85,42.47,41.36,41.8,15.1172979542528,250200,0.0,1.0
2002-07-17,40.75,41.62,40.37,41.51,15.0124171789721,225700,0.0,1.0
2002-07-16,39.88,41.24,39.75,40.29,14.5711946071015,190500,0.0,1.0
2002-07-15,41.07,41.07,38.7,39.68,14.3505833211663,91800,0.0,1.0
2002-07-12,40.35,41.33,40.2,40.97,14.8171219422425,149300,0.0,1.0
2002-07-11,40.78,40.95,39.36,40.35,14.5928940778493,102600,0.0,1.0
2002-07-10,42.24,42.32,40.7,40.7,14.7194743238777,108500,0.0,1.0
2002-07-09,42.25,42.58,41.79,42.04,15.2040958372437,228900,0.0,1.0
2002-07-08,43.35,43.69,42.38,42.38,15.3270595048142,144100,0.0,1.0
2002-07-05,41.95,43.46,41.95,43.36,15.6814841936938,97700,0.0,1.0
2002-07-03,43.35,43.4,41.63,42.05,15.2077124157017,142100,0.0,1.0
2002-07-02,44.62,44.63,43.2,43.27,15.6489349875722,105500,0.0,1.0
2002-07-01,45.06,45.17,44.39,44.67,16.1552559716859,182200,0.0,1.0
2002-06-28,43.95,45.65,43.95,44.98,16.2673699038825,284600,0.0,1.0
2002-06-27,43.35,44.38,43.35,44.0,15.9129452150029,202300,0.0,1.0
2002-06-26,43.25,43.47,42.68,42.98,15.5440542122915,122700,0.0,1.0
2002-06-25,44.15,44.79,44.01,44.15,15.9671938918723,195300,0.0,1.0
2002-06-24,43.9,44.2,43.22,44.14,15.9635773134143,176000,0.0,1.0
2002-06-21,43.5,44.33,43.49,44.0,15.9129452150029,181500,0.0,1.0
2002-06-20,42.85,44.27,42.85,43.45,15.7140333998154,158500,0.0,1.0
2002-06-19,43.37,44.0,42.3,42.82,15.4861889569642,114900,0.0,1.0
2002-06-18,43.0,43.6,42.91,43.4,15.6959505075256,280300,0.0,1.0
2002-06-17,42.1,43.45,42.1,42.98,15.5440542122915,276900,0.0,1.0
2002-06-14,40.6,41.5,40.5,41.41,14.9762513943925,273100,0.0,1.0
2002-06-13,41.0,41.25,40.0,41.0,14.8279716776164,522200,0.0,1.0
2002-06-12,38.8,41.1,38.35,41.08,14.85690430528,502600,0.0,1.0
2002-06-11,35.5,37.15,35.15,36.93,13.3560242452286,267600,0.0,1.0
2002-06-10,35.2,35.49,34.87,35.25,12.7484390642921,70600,0.0,1.0
2002-06-07,34.8,35.02,34.75,35.0,12.6580246028432,100500,0.0,1.0
2002-06-06,36.15,36.18,35.13,35.22,12.7375893289183,86500,0.0,1.0
2002-06-05,35.9,36.2,35.87,36.1,13.0558482332183,62700,0.0,1.0
2002-06-04,35.85,35.85,35.1,35.8,12.9473508794797,153300,0.0,1.0
2002-06-03,37.25,37.25,35.79,35.79,12.9437343010217,55400,0.0,1.0
2002-05-31,37.15,37.52,37.14,37.16,13.4392055497616,87000,0.0,1.0
2002-05-30,37.85,37.85,36.97,37.1,13.4175060790138,237300,0.0,1.0
2002-05-29,39.18,39.18,38.0,38.04,13.7574644540616,48100,0.0,1.0
2002-05-28,39.21,39.21,38.31,39.06,14.1263554567731,71100,0.0,1.0
2002-05-24,39.35,39.74,39.1,39.11,14.1444383490628,44700,0.0,1.0
2002-05-23,39.22,39.38,38.77,39.31,14.2167699182219,110400,0.0,1.0
2002-05-22,39.4,39.61,38.94,39.02,14.1118891429412,72400,0.0,1.0
2002-05-21,40.7,40.72,39.26,39.4,14.2493191243435,107100,0.0,1.0
2002-05-20,41.22,41.29,40.55,40.6,14.6833085392982,32900,0.0,1.0
2002-05-17,41.05,41.28,40.9,41.27,14.9256192959812,38200,0.0,1.0
2002-05-16,41.65,41.8,40.83,40.98,14.8207385207005,39000,0.0,1.0
2002-05-15,41.79,42.25,41.56,41.78,15.1100647973369,76900,0.21,1.0
2002-05-14,40.6,42.0,40.58,42.0,15.1136632885961,69000,0.0,1.0
2002-05-13,40.34,40.48,40.0,40.36,14.523510722089,75200,0.0,1.0
2002-05-10,40.9,40.9,40.11,40.41,14.5415031783849,55400,0.0,1.0
2002-05-09,40.84,41.36,40.66,40.76,14.6674503724566,46500,0.0,1.0
2002-05-08,40.9,41.1,40.15,40.99,14.7502156714179,51700,0.0,1.0
2002-05-07,40.2,40.99,40.2,40.54,14.5882835647544,55800,0.0,1.0
2002-05-06,41.3,41.5,39.93,39.97,14.3831695629806,60900,0.0,1.0
2002-05-03,41.8,41.8,41.04,41.28,14.8545719179344,97300,0.0,1.0
2002-05-02,40.8,41.96,40.8,41.42,14.9049507955631,62700,0.0,1.0
2002-05-01,40.5,40.75,39.92,40.72,14.6530564074198,72600,0.0,1.0
2002-04-30,39.6,40.57,39.6,40.49,14.5702911084584,78200,0.0,1.0
2002-04-29,40.2,40.25,39.65,39.76,14.3076012465376,30700,0.0,1.0
2002-04-26,40.64,40.8,40.04,40.07,14.4191544755725,87300,0.0,1.0
2002-04-25,40.3,40.72,39.52,40.64,14.6242684773463,69400,0.0,1.0
2002-04-24,41.0,41.32,40.1,40.16,14.4515408969052,79100,0.0,1.0
2002-04-23,40.96,41.39,40.7,40.89,14.714230758826,76700,0.0,1.0
2002-04-22,41.7,41.7,40.65,40.96,14.7394201976404,81900,0.0,1.0
2002-04-19,41.99,42.07,41.26,41.66,14.9913145857836,198100,0.0,1.0
2002-04-18,43.21,43.25,41.8,41.98,15.1064663060777,184100,0.0,1.0
2002-04-17,43.9,43.95,43.18,43.2,15.5454822396988,105000,0.0,1.0
2002-04-16,43.2,43.98,43.2,43.87,15.7865811540645,164700,0.0,1.0
2002-04-15,43.5,43.55,42.78,43.1,15.5094973271069,133400,0.0,1.0
2002-04-12,43.35,43.44,43.15,43.36,15.6030580998458,105500,0.0,1.0
2002-04-11,44.25,44.25,43.33,43.43,15.6282475386602,62700,0.0,1.0
2002-04-10,43.8,44.85,43.8,44.18,15.8981343830994,106300,0.0,1.0
2002-04-09,43.6,43.98,43.5,43.64,15.7038158551031,132100,0.0,1.0
2002-04-08,43.54,43.54,42.91,43.51,15.6570354687337,80300,0.0,1.0
2002-04-05,42.6,43.64,42.6,43.53,15.6642324512521,94500,0.0,1.0
2002-04-04,42.75,42.75,42.2,42.58,15.3223757816291,148700,0.0,1.0
2002-04-03,43.1,43.4,42.8,42.81,15.4051410805904,42100,0.0,1.0
2002-04-02,43.45,43.45,43.01,43.07,15.4987018533293,76400,0.0,1.0
2002-04-01,43.6,43.6,42.76,43.39,15.6138535736234,98200,0.0,1.0
2002-03-28,43.75,43.85,43.47,43.72,15.7326037851767,38100,0.0,1.0
2002-03-27,43.95,43.95,43.1,43.68,15.7182098201399,67000,0.0,1.0
2002-03-26,42.5,43.05,42.5,43.05,15.491504870811,152200,0.0,1.0
2002-03-25,42.75,42.9,42.5,42.51,15.2971863428147,71400,0.0,1.0
2002-03-22,42.85,43.1,42.68,42.87,15.4267320281456,82400,0.0,1.0
2002-03-21,43.33,43.33,42.35,43.33,15.5922626260683,115200,0.0,1.0
2002-03-20,42.7,42.8,42.34,42.6,15.3295727641474,93500,0.0,1.0
2002-03-19,42.14,43.1,42.14,42.88,15.4303305194047,44000,0.0,1.0
2002-03-18,41.3,42.23,41.3,42.14,15.1640421662247,84900,0.0,1.0
2002-03-15,41.5,42.09,41.5,41.95,15.0956708323001,72900,0.0,1.0
2002-03-14,42.25,42.25,41.61,41.9,15.0776783760042,110700,0.0,1.0
2002-03-13,42.1,42.4,41.85,42.19,15.1820346225207,32300,0.0,1.0
2002-03-12,42.3,42.3,41.65,42.09,15.1460497099288,65500,0.0,1.0
2002-03-11,42.01,42.1,41.8,41.95,15.0956708323001,154700,0.0,1.0
2002-03-08,41.95,42.5,41.53,42.03,15.1244587623736,116500,0.0,1.0
2002-03-07,41.6,42.0,41.38,41.7,15.0057085508204,109800,0.0,1.0
2002-03-06,40.29,41.09,40.0,41.09,14.7862005840098,96800,0.0,1.0
2002-03-05,40.0,40.4,39.9,40.2,14.4659348619419,226100,0.0,1.0
2002-03-04,38.2,40.13,38.2,40.13,14.4407454231276,123100,0.0,1.0
2002-03-01,37.45,38.18,37.35,38.05,13.6922592412162,72900,0.0,1.0
2002-02-28,37.76,38.1,37.43,37.5,13.4943422219608,44200,0.0,1.0
2002-02-27,37.55,38.0,37.44,37.66,13.5519180821078,60200,0.0,1.0
2002-02-26,37.21,37.7,36.94,37.64,13.5447210995894,55700,0.0,1.0
2002-02-25,36.6,37.16,36.6,37.16,13.3719935191483,59600,0.0,1.0
2002-02-22,36.07,36.79,35.95,36.78,13.2352508512991,59300,0.0,1.0
2002-02-21,36.57,36.9,35.98,36.06,12.9761594806375,52800,0.0,1.0
2002-02-20,36.6,36.6,35.6,36.57,13.1596825348561,71300,0.0,1.0
2002-02-19,36.4,36.72,35.87,35.91,12.9221821117496,58000,0.0,1.0
2002-02-15,36.55,36.55,35.97,36.46,13.1200991310051,67700,0.0,1.0
2002-02-14,37.05,37.05,35.9,35.98,12.947371550564,70800,0.0,1.0
2002-02-13,35.9,37.4,35.9,36.9,13.2784327464094,93100,0.21,1.0
2002-02-12,35.0,36.17,34.9,36.06,12.9027293138109,52900,0.0,1.0
2002-02-11,34.33,35.05,34.21,35.03,12.5341821370714,89400,0.0,1.0
2002-02-08,33.6,34.23,33.6,34.23,12.2479319027107,89600,0.0,1.0
2002-02-07,34.95,34.95,33.75,34.2,12.2371975189222,93300,0.0,1.0
2002-02-06,35.61,35.95,34.7,35.14,12.573541544296,56100,0.0,1.0
2002-02-05,35.82,36.0,35.3,35.49,12.6987760218289,62100,0.0,1.0
2002-02-04,36.0,36.42,35.81,35.82,12.8168542435027,55400,0.0,1.0
2002-02-01,36.4,36.4,35.8,36.31,12.9921825120486,38900,0.0,1.0
2002-01-31,36.5,36.5,35.55,35.76,12.7953854759256,75600,0.0,1.0
2002-01-30,35.0,36.21,34.95,36.21,12.9564012327536,62800,0.0,1.0
2002-01-29,36.01,36.44,34.95,35.05,12.5413383929305,41400,0.0,1.0
2002-01-28,36.21,36.21,35.28,36.11,12.9206199534585,44200,0.0,1.0
2002-01-25,35.35,36.24,35.1,35.99,12.8776824183043,26700,0.0,1.0
2002-01-24,35.0,35.71,34.98,35.43,12.6773072542518,31700,0.0,1.0
2002-01-23,35.13,35.13,33.83,35.08,12.552072776719,45600,0.0,1.0
2002-01-22,34.45,35.16,34.1,34.4,12.3087600775123,56500,0.0,1.0
2002-01-18,35.6,35.6,34.35,34.38,12.3016038216533,62900,0.0,1.0
2002-01-17,35.0,35.66,34.51,35.66,12.7596041966305,65500,0.0,1.0
2002-01-16,35.6,36.0,35.0,35.0,12.5234477532829,63600,0.0,1.0
2002-01-15,36.0,36.75,35.86,35.98,12.8741042903748,77200,0.0,1.0
2002-01-14,35.75,36.3,35.51,35.98,12.8741042903748,98400,0.0,1.0
2002-01-11,36.1,36.25,35.65,35.65,12.756026068701,51100,0.0,1.0
2002-01-10,36.4,36.9,35.95,35.99,12.8776824183043,55700,0.0,1.0
2002-01-09,36.9,37.9,36.35,36.49,13.0565888147798,69800,0.0,1.0
2002-01-08,37.1,37.3,36.72,36.9,13.2032920598897,81000,0.0,1.0
2002-01-07,37.4,37.4,36.6,36.6,13.0959482220044,45400,0.0,1.0
2002-01-04,37.8,37.8,37.0,37.32,13.3535734329291,63000,0.0,1.0
2002-01-03,37.23,37.23,36.34,37.0,13.2390733391848,55800,0.0,1.0
2002-01-02,36.9,37.0,36.09,36.11,12.9206199534585,68300,0.0,1.0
2001-12-31,37.94,37.94,36.9,36.98,13.2319170833258,88500,0.0,1.0
2001-12-28,37.25,37.85,37.15,37.84,13.5396360852636,87100,0.0,1.0
2001-12-27,37.45,38.1,37.35,37.42,13.3893547122242,75500,0.0,1.0
2001-12-26,36.75,37.6,36.75,37.45,13.4000890960127,89400,0.0,1.0
2001-12-24,36.21,36.75,36.21,36.74,13.1460420130176,35300,0.0,1.0
2001-12-21,35.35,36.14,34.86,36.14,12.931354337247,129100,0.0,1.0
2001-12-20,35.55,35.6,35.08,35.26,12.6164790794502,47700,0.0,1.0
2001-12-19,35.8,36.2,35.45,35.65,12.756026068701,74200,0.0,1.0
2001-12-18,34.9,35.85,34.52,35.85,12.8275886272912,163300,0.0,1.0
2001-12-17,33.85,34.99,33.8,34.9,12.4876664739878,103200,0.0,1.0
2001-12-14,34.5,34.5,33.75,33.89,12.1262755531074,61600,0.0,1.0
2001-12-13,34.75,34.97,34.44,34.6,12.3803226361025,98000,0.0,1.0
2001-12-12,34.6,34.73,34.17,34.61,12.383900764032,28400,0.0,1.0
2001-12-11,34.48,35.14,34.25,34.38,12.3016038216533,33300,0.0,1.0
2001-12-10,35.5,35.5,34.48,34.48,12.3373851009484,56900,0.0,1.0
2001-12-07,35.85,35.85,35.48,35.59,12.734557301124,30100,0.0,1.0
2001-12-06,35.9,35.9,35.27,35.6,12.7381354290535,59800,0.0,1.0
2001-12-05,34.25,35.5,34.02,35.44,12.6808853821813,76200,0.0,1.0
2001-12-04,33.1,33.85,32.6,33.85,12.1119630413893,51400,0.0,1.0
2001-12-03,33.2,33.2,32.4,33.1,11.8436034466761,74300,0.0,1.0
2001-11-30,33.73,34.29,33.35,33.56,12.0081973314336,58300,0.0,1.0
2001-11-29,33.29,33.98,33.23,33.96,12.1513224486139,47600,0.0,1.0
2001-11-28,33.93,33.93,33.28,33.28,11.9080097494073,37200,0.0,1.0
2001-11-27,33.8,34.01,33.1,33.92,12.1370099368959,45600,0.0,1.0
2001-11-26,33.75,33.75,33.01,33.7,12.0582911224467,44000,0.0,1.0
2001-11-23,34.02,34.02,33.0,33.86,12.1155411693188,29100,0.0,1.0
2001-11-21,33.7,33.7,33.1,33.29,11.9115878773368,37700,0.0,1.0
2001-11-20,33.9,34.7,33.66,33.84,12.1083849134598,41800,0.0,1.0
2001-11-19,32.76,34.05,32.58,34.05,12.1835255999795,88200,0.0,1.0
2001-11-16,32.92,33.28,32.69,32.75,11.7183689691433,33900,0.0,1.0
2001-11-15,32.45,33.32,32.36,32.82,11.7434158646499,56400,0.0,1.0
2001-11-14,31.95,32.65,31.64,32.52,11.6360720267646,65000,0.21,1.0
2001-11-13,31.45,31.7,31.45,31.66,11.2556688166015,61300,0.0,1.0
2001-11-12,31.57,31.57,31.25,31.38,11.1561240513252,33700,0.0,1.0
2001-11-09,31.5,31.95,31.45,31.56,11.2201171147171,49100,0.0,1.0
2001-11-08,31.2,31.65,31.15,31.6,11.2343377954708,79200,0.0,1.0
2001-11-07,31.45,31.45,30.75,31.2,11.0921309879332,51600,0.0,1.0
2001-11-06,30.25,30.85,30.2,30.84,10.9641448611494,51600,0.0,1.0
2001-11-05,30.22,31.05,30.22,30.29,10.7686105007852,68200,0.0,1.0
2001-11-02,30.04,30.96,29.9,30.47,10.8326035641771,61800,0.0,1.0
2001-11-01,29.9,30.2,29.65,30.04,10.6797312460742,96700,0.0,1.0
2001-10-31,30.15,30.3,29.84,29.88,10.6228485230591,84400,0.0,1.0
2001-10-30,31.0,31.0,30.01,30.15,10.718838118147,72200,0.0,1.0
2001-10-29,31.55,31.55,30.44,30.46,10.8290483939887,63200,0.0,1.0
2001-10-26,30.2,31.6,30.2,31.55,11.2165619445286,86000,0.0,1.0
2001-10-25,30.8,30.8,30.05,30.48,10.8361587343656,82500,0.0,1.0
2001-10-24,31.05,31.05,30.8,30.85,10.9677000313378,22600,0.0,1.0
2001-10-23,31.4,31.73,30.6,30.96,11.0068069034107,67000,0.0,1.0
2001-10-22,30.6,31.55,30.6,31.48,11.1916757532096,45100,0.0,1.0
2001-10-19,30.35,30.75,30.3,30.7,10.9143724785112,59900,0.0,1.0
2001-10-18,30.61,30.65,30.25,30.38,10.8006070324811,54700,0.0,1.0
2001-10-17,31.7,32.32,30.6,30.61,10.8823759468153,83200,0.0,1.0
2001-10-16,31.2,31.71,30.65,31.47,11.1881205830211,158400,0.0,1.0
2001-10-15,31.3,31.99,31.25,31.75,11.2876653482974,69500,0.0,1.0
2001-10-12,31.7,31.85,31.15,31.44,11.1774550724558,34200,0.0,1.0
2001-10-11,31.5,31.8,31.34,31.75,11.2876653482974,122300,0.0,1.0
2001-10-10,29.4,30.65,29.15,30.65,10.896596627569,65600,0.0,1.0
2001-10-09,29.7,29.7,29.03,29.23,10.3917624608105,52700,0.0,1.0
2001-10-08,29.96,29.96,29.24,29.24,10.395317630999,51200,0.0,1.0
2001-10-05,31.2,31.2,29.65,29.96,10.6512898845667,102500,0.0,1.0
2001-10-04,30.95,30.95,29.6,30.14,10.7152829479586,113200,0.0,1.0
2001-10-03,30.6,30.6,29.1,30.34,10.7863863517274,85100,0.0,1.0
2001-10-02,27.7,29.25,27.7,29.14,10.3597659291146,184700,0.0,1.0
2001-10-01,28.02,28.03,27.15,27.7,9.84782142197919,100000,0.0,1.0
2001-09-28,28.18,28.64,27.87,28.03,9.96514203819772,139100,0.0,1.0
2001-09-27,29.58,30.05,27.78,28.19,10.0220247612128,117200,0.0,1.0
2001-09-26,30.03,30.03,29.3,29.55,10.5055279068406,81300,0.0,1.0
2001-09-25,29.0,29.65,29.0,29.55,10.5055279068406,93700,0.0,1.0
2001-09-24,28.95,28.95,27.0,28.95,10.2922176955342,94800,0.0,1.0
2001-09-21,27.0,27.0,25.5,26.4,9.38564929748197,179000,0.0,1.0
2001-09-20,30.03,30.03,26.93,27.15,9.65228706161498,178600,0.0,1.0
2001-09-19,31.45,31.45,29.5,30.03,10.6761760758857,81200,0.0,1.0
2001-09-18,31.58,31.8,31.3,31.45,11.1810102426442,48800,0.0,1.0
2001-09-17,33.95,33.95,31.48,31.48,11.1916757532096,45000,0.0,1.0
2001-09-10,34.2,34.24,33.68,34.23,12.1693475550306,88100,0.0,1.0
2001-09-07,35.6,35.6,33.7,34.2,12.1586820444653,94700,0.0,1.0
2001-09-06,36.15,36.27,35.61,35.72,12.6990679131082,43500,0.0,1.0
2001-09-05,36.14,36.49,36.01,36.11,12.8377195504574,84000,0.0,1.0
2001-09-04,35.4,36.35,35.21,36.14,12.8483850610227,48200,0.0,1.0
2001-08-31,35.75,35.88,35.34,35.35,12.5675266161359,117300,0.0,1.0
2001-08-30,36.41,36.41,35.62,35.75,12.7097334236735,32800,0.0,1.0
2001-08-29,36.14,36.4,36.08,36.4,12.9408194859221,35100,0.0,1.0
2001-08-28,36.8,36.8,36.1,36.14,12.8483850610227,17500,0.0,1.0
2001-08-27,36.8,37.05,36.65,36.84,13.0972469742135,34200,0.0,1.0
2001-08-24,36.35,36.93,36.35,36.85,13.1008021444019,43600,0.0,1.0
2001-08-23,36.64,36.89,36.11,36.3,12.9052677840377,57600,0.0,1.0
2001-08-22,36.69,36.69,35.82,36.64,13.0261435704447,70100,0.0,1.0
2001-08-21,36.61,36.93,36.5,36.76,13.068805612706,46800,0.0,1.0
2001-08-20,36.1,36.61,35.82,36.61,13.0154780598794,48500,0.0,1.0
2001-08-17,36.9,37.05,36.0,36.4,12.9408194859221,79300,0.0,1.0
2001-08-16,36.1,37.05,36.02,36.9,13.1185779953441,75000,0.0,1.0
2001-08-15,35.78,36.09,35.4,36.09,12.8306092100805,128800,0.21,1.0
2001-08-14,36.5,36.51,35.87,35.99,12.721036514347,65300,0.0,1.0
2001-08-13,36.87,36.87,35.9,36.62,12.9437165089021,39200,0.0,1.0
2001-08-10,36.25,36.95,35.92,36.77,12.9967355552248,51000,0.0,1.0
2001-08-09,35.98,36.5,35.75,36.35,12.8482822255214,40900,0.0,1.0
2001-08-08,36.03,37.27,35.91,35.98,12.7175019112588,55000,0.0,1.0
2001-08-07,36.14,36.24,35.7,36.03,12.7351749266997,45700,0.0,1.0
2001-08-06,36.15,36.36,35.8,36.14,12.7740555606696,44000,0.0,1.0
2001-08-03,36.01,36.3,35.35,36.23,12.8058669884632,46400,0.0,1.0
2001-08-02,36.0,36.15,35.8,36.0,12.7245711174352,29100,0.0,1.0
2001-08-01,35.75,36.09,35.6,35.76,12.6397406433189,33000,0.0,1.0
2001-07-31,35.45,36.6,35.43,36.14,12.7740555606696,59800,0.0,1.0
2001-07-30,35.25,35.7,35.16,35.57,12.5725831846436,44500,0.0,1.0
2001-07-27,35.53,35.53,35.07,35.32,12.4842181074392,39700,0.0,1.0
2001-07-26,34.45,35.53,34.15,35.53,12.5584447722909,41200,0.0,1.0
2001-07-25,34.0,34.55,33.97,34.55,12.2120536696496,46300,0.0,1.0
2001-07-24,34.6,34.92,33.7,33.77,11.9363546287718,52000,0.0,1.0
2001-07-23,36.0,36.0,34.9,34.91,12.3392993808239,45200,0.0,1.0
2001-07-20,36.4,36.4,34.5,35.79,12.6503444525835,64300,0.0,1.0
2001-07-19,36.25,36.75,36.0,36.4,12.8659552409622,75300,0.0,1.0
2001-07-18,37.06,37.4,36.12,36.25,12.8129361946396,127800,0.0,1.0
2001-07-17,35.2,37.06,34.55,37.06,13.0992390447819,143300,0.0,1.0
2001-07-16,35.9,35.99,35.2,35.76,12.6397406433189,31400,0.0,1.0
2001-07-13,35.7,36.05,35.52,35.9,12.6892250865534,44500,0.0,1.0
2001-07-12,35.07,36.05,35.07,35.86,12.6750866742007,74300,0.0,1.0
2001-07-11,34.8,35.15,34.62,34.83,12.3110225561185,53800,0.0,1.0
2001-07-10,35.35,35.65,34.75,34.83,12.3110225561185,83700,0.0,1.0
2001-07-09,34.9,35.53,34.85,35.35,12.4948219167037,62000,0.0,1.0
2001-07-06,35.21,35.35,35.04,35.04,12.3852492209702,120500,0.0,1.0
2001-07-05,35.32,35.75,35.21,35.41,12.5160295352328,118000,0.0,1.0
2001-07-03,35.1,35.4,34.86,35.32,12.4842181074392,60200,0.0,1.0
2001-07-02,35.22,35.49,34.51,35.31,12.480683504351,104800,0.0,1.0
2001-06-29,34.45,35.29,34.4,34.87,12.3251609684712,125900,0.0,1.0
2001-06-28,34.0,34.7,33.95,34.37,12.1484308140624,67200,0.0,1.0
2001-06-27,34.01,34.3,33.84,34.0,12.0176504997999,127400,0.0,1.0
2001-06-26,33.0,34.2,32.75,34.03,12.0282543090644,119400,0.0,1.0
2001-06-25,33.3,33.75,32.86,32.86,11.6147057477478,83800,0.0,1.0
2001-06-22,34.7,34.7,33.2,33.35,11.7879012990684,71100,0.0,1.0
2001-06-21,34.95,35.05,34.61,34.76,12.2862803345013,53100,0.0,1.0
2001-06-20,35.21,35.24,34.99,35.08,12.3993876333229,95900,0.0,1.0
2001-06-19,35.87,35.87,34.79,35.21,12.4453374734692,185900,0.0,1.0
2001-06-18,36.09,36.42,35.77,35.77,12.6432752464071,50100,0.0,1.0
2001-06-15,36.34,36.79,36.09,36.09,12.7563825452288,104400,0.0,1.0
2001-06-14,37.3,37.4,36.7,36.86,13.0285469830183,75200,0.0,1.0
2001-06-13,38.36,38.36,37.33,37.4,13.2194155497799,106500,0.0,1.0
2001-06-12,38.45,38.6,37.75,38.36,13.5587374462448,38900,0.0,1.0
2001-06-11,38.1,38.53,37.9,38.39,13.5693412555093,79600,0.0,1.0
2001-06-08,39.25,39.25,38.1,38.92,13.7566752191827,58300,0.0,1.0
2001-06-07,39.79,39.79,39.0,39.15,13.8379710902108,55900,0.0,1.0
2001-06-06,39.97,39.97,39.45,39.79,14.064185687854,166800,0.0,1.0
2001-06-05,39.9,40.08,39.4,39.97,14.1278085434412,79200,0.0,1.0
2001-06-04,39.98,40.13,39.16,39.99,14.1348777496176,139600,0.0,1.0
2001-06-01,39.31,40.0,39.17,39.98,14.1313431465294,143600,0.0,1.0
2001-05-31,38.77,39.45,38.77,39.3,13.8909901365334,137000,0.0,1.0
2001-05-30,38.62,38.85,38.5,38.64,13.6577063327138,67400,0.0,1.0
2001-05-29,38.47,38.9,38.35,38.62,13.6506371265374,60200,0.0,1.0
2001-05-25,38.84,38.84,38.3,38.46,13.5940834771266,39300,0.0,1.0
2001-05-24,38.74,38.97,38.0,38.94,13.763744425359,72000,0.0,1.0
2001-05-23,39.5,39.5,38.78,38.99,13.7814174407999,74700,0.0,1.0
2001-05-22,39.25,39.75,38.79,39.63,14.0076320384432,49300,0.0,1.0
2001-05-21,39.51,39.81,39.1,39.38,13.9192669612388,101800,0.0,1.0
2001-05-18,39.2,39.75,39.16,39.51,13.9652168013851,91000,0.0,1.0
2001-05-17,38.56,39.2,38.55,39.2,13.8556441056516,77100,0.0,1.0
2001-05-16,38.25,38.74,38.08,38.55,13.6258949049202,93400,0.0,1.0
2001-05-15,38.4,38.5,37.9,38.5,13.6082218894793,108600,0.2,1.0
2001-05-14,38.6,38.68,38.27,38.6,13.5730585254238,34400,0.0,1.0
2001-05-11,38.62,39.19,38.51,38.73,13.6187708986959,85200,0.0,1.0
2001-05-10,38.2,39.0,38.0,38.67,13.5976728802626,86100,0.0,1.0
2001-05-09,37.18,38.29,37.12,38.2,13.4324050692018,190300,0.0,1.0
2001-05-08,37.4,37.4,36.9,37.18,13.0737387558357,109400,0.0,1.0
2001-05-07,37.25,37.82,36.72,37.16,13.0667060830246,103300,0.0,1.0
2001-05-04,36.55,37.05,36.35,37.05,13.0280263825635,88700,0.0,1.0
2001-05-03,37.2,37.2,36.26,36.77,12.9295689632081,46200,0.0,1.0
2001-05-02,37.49,37.8,36.36,37.0,13.0104447005357,58200,0.0,1.0
2001-05-01,36.8,37.5,36.04,37.39,13.1475818203522,151300,0.0,1.0
2001-04-30,36.78,37.4,36.04,36.95,12.992863018508,122000,0.0,1.0
2001-04-27,36.75,37.02,36.47,37.02,13.0174773733469,73500,0.0,1.0
2001-04-26,35.35,36.75,35.35,36.56,12.8557258986915,171800,0.0,1.0
2001-04-25,34.82,35.5,34.5,35.35,12.43024919362,150200,0.0,1.0
2001-04-24,35.4,35.4,34.54,34.86,12.257948709748,97300,0.0,1.0
2001-04-23,34.15,34.5,33.85,34.5,12.1313605991482,53500,0.0,1.0
2001-04-20,35.2,35.2,33.5,34.15,12.0082888249539,66900,0.0,1.0
2001-04-19,35.25,35.25,34.7,35.25,12.3950858295645,79300,0.0,1.0
2001-04-18,33.9,36.2,33.9,35.25,12.3950858295645,187300,0.0,1.0
2001-04-17,33.95,33.95,32.6,33.8,11.8852170507597,212600,0.0,1.0
2001-04-16,34.1,34.2,33.51,34.2,12.0258705069817,54100,0.0,1.0
2001-04-12,33.43,34.39,33.1,34.3,12.0610338710372,77400,0.0,1.0
2001-04-11,33.53,34.08,33.4,33.42,11.7515962673488,102300,0.0,1.0
2001-04-10,33.5,33.88,33.5,33.53,11.7902759678098,100300,0.0,1.0
2001-04-09,33.01,34.09,33.01,33.64,11.8289556682709,97100,0.0,1.0
2001-04-06,33.15,33.29,32.4,33.0,11.6039101383157,88300,0.0,1.0
2001-04-05,32.47,33.45,32.47,33.25,11.6918185484544,213400,0.0,1.0
2001-04-04,32.05,33.1,32.05,32.27,11.3472175807105,93100,0.0,1.0
2001-04-03,32.6,32.61,31.7,32.2,11.3226032258717,116200,0.0,1.0
2001-04-02,32.62,33.6,32.62,32.85,11.5511650922324,153400,0.0,1.0
2001-03-30,31.95,32.62,31.95,32.62,11.4702893549048,127400,0.0,1.0
2001-03-29,31.59,32.3,31.54,32.05,11.2698581797884,129400,0.0,1.0
2001-03-28,31.84,32.01,31.13,31.63,11.1221720507553,245900,0.0,1.0
2001-03-27,32.02,32.21,31.44,31.84,11.1960151152718,122800,0.0,1.0
2001-03-26,31.3,32.6,31.3,31.92,11.2241458065162,190300,0.0,1.0
2001-03-23,31.41,31.74,30.53,31.1,10.9358062212611,118300,0.0,1.0
2001-03-22,31.45,31.62,30.28,31.4,11.0412963134276,166200,0.0,1.0
2001-03-21,32.57,32.57,31.27,31.45,11.0588779954554,123600,0.0,1.0
2001-03-20,33.68,33.68,32.57,32.57,11.452707672877,132300,0.0,1.0
2001-03-19,33.5,33.51,32.3,33.48,11.7726942857821,120500,0.0,1.0
2001-03-16,34.11,34.3,33.55,33.55,11.7973086406209,183700,0.0,1.0
2001-03-15,33.92,34.75,33.91,34.1,11.9907071429262,89700,0.0,1.0
2001-03-14,33.85,34.0,33.51,33.96,11.9414784332485,134600,0.0,1.0
2001-03-13,34.01,34.2,33.15,34.09,11.9871908065206,113600,0.0,1.0
2001-03-12,34.75,34.75,34.01,34.01,11.9590601152762,111800,0.0,1.0
2001-03-09,34.75,35.0,34.54,34.77,12.2263016820981,66200,0.0,1.0
2001-03-08,35.35,35.35,34.73,34.83,12.2473997005314,115300,0.0,1.0
2001-03-07,35.65,35.8,34.65,35.13,12.3528897926979,87700,0.0,1.0
2001-03-06,35.0,35.75,34.76,35.65,12.5357392857865,116200,0.0,1.0
2001-03-05,35.0,35.1,34.7,35.07,12.3317917742646,166400,0.0,1.0
2001-03-02,35.2,35.51,34.68,34.79,12.2333343549092,87900,0.0,1.0
2001-03-01,34.61,35.25,33.77,35.1,12.3423407834812,126400,0.0,1.0
2001-02-28,34.31,34.95,34.22,34.5,12.1313605991482,119300,0.0,1.0
2001-02-27,35.1,35.17,34.08,34.31,12.0645502074427,94500,0.0,1.0
2001-02-26,34.0,35.52,34.0,35.17,12.3669551383201,155500,0.0,1.0
2001-02-23,33.8,34.02,32.15,33.32,11.7164329032933,108500,0.0,1.0
2001-02-22,34.64,34.64,33.3,33.65,11.8324720046764,141600,0.0,1.0
2001-02-21,35.03,35.03,34.52,34.63,12.1770729724204,77600,0.0,1.0
2001-02-20,35.8,35.85,34.95,35.28,12.4056348387811,64900,0.0,1.0
2001-02-16,35.9,36.35,35.3,35.83,12.5990333410864,145800,0.0,1.0
2001-02-15,34.82,36.06,34.82,35.74,12.5673863134364,236600,0.0,1.0
2001-02-14,35.2,35.55,34.3,34.82,12.2438833641258,140200,0.2,1.0
2001-02-13,35.75,36.81,35.3,35.44,12.3907260543866,122200,0.0,1.0
2001-02-12,34.9,36.1,34.9,35.85,12.5340724901174,222100,0.0,1.0
2001-02-09,35.15,36.2,34.47,34.8,12.1669657644654,529600,0.0,1.0
2001-02-08,39.7,39.71,34.0,35.15,12.289334673016,1403800,0.0,1.0
2001-02-07,40.45,40.6,40.0,40.15,14.0374619380254,144700,0.0,1.0
2001-02-06,40.44,40.71,40.37,40.54,14.1738158646962,45500,0.0,1.0
2001-02-05,40.4,40.65,40.3,40.44,14.138853319396,35300,0.0,1.0
2001-02-02,40.4,40.45,40.12,40.17,14.0444544470855,71500,0.0,1.0
2001-02-01,40.3,40.45,39.85,40.4,14.1248683012759,183900,0.0,1.0
2001-01-31,40.7,40.83,40.2,40.2,14.0549432106755,97600,0.0,1.0
2001-01-30,40.47,40.77,40.0,40.72,14.2367484462365,92000,0.0,1.0
2001-01-29,40.02,40.91,39.95,40.37,14.1143795376859,75800,0.0,1.0
2001-01-26,40.13,40.31,39.75,40.13,14.0304694289654,47400,0.0,1.0
2001-01-25,40.13,40.69,40.0,40.25,14.0724244833256,32700,0.0,1.0
2001-01-24,40.19,40.44,40.06,40.13,14.0304694289654,37500,0.0,1.0
2001-01-23,39.75,40.5,39.75,40.25,14.0724244833256,59600,0.0,1.0
2001-01-22,39.94,40.0,39.38,39.81,13.9185892840048,124600,0.0,1.0
2001-01-19,40.25,40.63,39.94,40.13,14.0304694289654,93800,0.0,1.0
2001-01-18,40.63,40.75,40.0,40.38,14.1178757922159,58200,0.0,1.0
2001-01-17,40.0,41.44,40.0,40.63,14.2052821554663,118700,0.0,1.0
2001-01-16,40.25,40.94,39.75,40.0,13.9850181200752,154200,0.0,1.0
2001-01-12,39.75,40.44,39.19,40.38,14.1178757922159,69600,0.0,1.0
2001-01-11,39.94,40.25,39.63,39.75,13.8976117568247,204000,0.0,1.0
2001-01-10,40.13,40.13,39.0,39.75,13.8976117568247,147200,0.0,1.0
2001-01-09,40.75,41.13,39.94,40.0,13.9850181200752,54300,0.0,1.0
2001-01-08,41.44,41.44,40.25,40.75,14.2472372098266,101700,0.0,1.0
2001-01-05,43.25,43.25,41.13,41.44,14.4884787723979,78300,0.0,1.0
2001-01-04,43.44,44.0,42.75,43.13,15.079345787971,124200,0.0,1.0
2001-01-03,41.75,43.69,41.75,43.69,15.2751360416521,136600,0.0,1.0
2001-01-02,42.69,42.69,41.44,41.81,14.6178401900086,154800,0.0,1.0
2000-12-29,42.5,43.75,42.38,42.94,15.0129169519007,131400,0.0,1.0
2000-12-28,41.31,42.69,40.13,42.69,14.9255105886502,81600,0.0,1.0
2000-12-27,39.63,41.38,39.56,41.31,14.4430274635076,84000,0.0,1.0
2000-12-26,40.12,40.19,38.81,39.62,13.8521604479344,102700,0.0,1.0
2000-12-22,38.19,40.5,37.13,40.44,14.138853319396,131300,0.0,1.0
2000-12-21,36.94,38.56,36.19,38.0,13.2857672140714,97300,0.0,1.0
2000-12-20,38.75,38.75,36.56,36.81,12.8697129249992,85600,0.0,1.0
2000-12-19,38.56,39.19,37.69,39.0,13.6353926670733,180300,0.0,1.0
2000-12-18,38.38,38.88,38.13,38.44,13.4396024133922,70700,0.0,1.0
2000-12-15,38.44,38.94,37.63,38.13,13.3312185229617,119900,0.0,1.0
2000-12-14,39.69,39.69,38.13,38.56,13.4815574677525,105800,0.0,1.0
2000-12-13,39.88,41.19,39.38,39.81,13.9185892840048,163200,0.0,1.0
2000-12-12,41.69,41.69,39.0,39.56,13.8311829207543,423800,0.0,1.0
2000-12-11,43.63,43.63,41.44,41.44,14.4884787723979,193600,0.0,1.0
2000-12-08,43.0,43.94,42.63,43.63,15.254158514472,158800,0.0,1.0
2000-12-07,43.81,43.81,42.81,43.06,15.0548720062609,75400,0.0,1.0
2000-12-06,44.5,44.5,43.0,43.69,15.2751360416521,80200,0.0,1.0
2000-12-05,43.31,44.5,43.19,44.44,15.5373551314035,141800,0.0,1.0
2000-12-04,42.19,43.5,42.0,43.06,15.0548720062609,48900,0.0,1.0
2000-12-01,42.19,43.38,42.13,42.38,14.8171266982196,60600,0.0,1.0
2000-11-30,42.13,42.63,41.13,42.31,14.7926529165095,74900,0.0,1.0
2000-11-29,42.13,42.13,41.69,42.06,14.705246553259,45300,0.0,1.0
2000-11-28,43.06,43.06,42.0,42.06,14.705246553259,46600,0.0,1.0
2000-11-27,43.0,43.81,42.88,43.19,15.1003233151512,70900,0.0,1.0
2000-11-24,42.13,42.94,42.13,42.88,14.9919394247206,27700,0.0,1.0
2000-11-22,42.13,42.44,41.63,42.0,14.6842690260789,49900,0.0,1.0
2000-11-21,42.13,42.81,42.13,42.19,14.7506978621493,78400,0.0,1.0
2000-11-20,43.0,43.0,41.75,41.88,14.6423139717187,52100,0.0,1.0
2000-11-17,43.13,45.0,42.94,43.0,15.0338944790808,102100,0.0,1.0
2000-11-16,44.31,44.31,42.81,42.88,14.9919394247206,78000,0.0,1.0
2000-11-15,43.19,44.31,43.19,44.19,15.449948768153,46000,0.0,1.0
2000-11-14,43.63,44.31,43.25,43.25,15.1213008423313,72600,0.2,1.0
2000-11-13,42.13,43.81,42.13,43.69,15.2048247134972,61900,0.0,1.0
2000-11-10,43.94,44.38,42.0,42.0,14.6166774540371,48100,0.0,1.0
2000-11-09,44.63,44.63,43.13,44.19,15.3788327784262,114500,0.0,1.0
2000-11-08,43.38,45.69,42.69,44.63,15.5319598755637,122200,0.0,1.0
2000-11-07,42.69,43.63,42.56,43.5,15.1387016488242,79900,0.0,1.0
2000-11-06,42.44,42.88,41.38,42.5,14.7906855189661,96500,0.0,1.0
2000-11-03,42.63,42.63,40.69,42.19,14.6828005187102,94900,0.0,1.0
2000-11-02,41.13,43.13,40.5,42.88,14.9229316483122,141000,0.0,1.0
2000-11-01,41.81,41.81,40.31,41.31,14.3765463244351,70800,0.0,1.0
2000-10-31,40.81,42.5,40.81,41.63,14.4879114859897,106200,0.0,1.0
2000-10-30,39.13,41.06,39.13,40.81,14.2025382595061,147600,0.0,1.0
2000-10-27,39.38,39.94,38.31,39.0,13.5726290644631,112500,0.0,1.0
2000-10-26,38.13,39.63,37.81,39.56,13.7675180971835,100000,0.0,1.0
2000-10-25,38.81,38.81,37.81,38.13,13.2698550314866,90100,0.0,1.0
2000-10-24,38.38,39.25,37.88,38.81,13.50650599979,85100,0.0,1.0
2000-10-23,38.88,38.88,38.31,38.5,13.398620999534,50600,0.0,1.0
2000-10-20,39.81,40.0,38.44,39.13,13.6178711613446,84200,0.0,1.0
2000-10-19,38.94,40.0,38.69,39.88,13.8788832587381,98400,0.0,1.0
2000-10-18,38.56,39.88,37.75,38.94,13.5517480966716,138700,0.0,1.0
2000-10-17,41.19,41.25,38.69,38.75,13.4856250319985,135200,0.0,1.0
2000-10-16,40.0,41.81,39.38,41.44,14.4217884213166,163600,0.0,1.0
2000-10-13,38.31,40.0,38.25,40.0,13.9206451943211,106500,0.0,1.0
2000-10-12,38.81,38.88,38.0,38.25,13.3116169670695,94900,0.0,1.0
2000-10-11,38.88,39.0,38.5,38.81,13.50650599979,77700,0.0,1.0
2000-10-10,39.88,39.88,38.63,39.0,13.5726290644631,97100,0.0,1.0
2000-10-09,40.25,40.44,39.69,39.88,13.8788832587381,99200,0.0,1.0
2000-10-06,40.56,41.13,39.69,40.0,13.9206451943211,166000,0.0,1.0
2000-10-05,42.0,42.06,40.5,40.56,14.1155342270416,141600,0.0,1.0
2000-10-04,42.63,44.13,41.75,42.0,14.6166774540371,165700,0.0,1.0
2000-10-03,40.81,43.81,40.81,42.75,14.8776895514307,86800,0.0,1.0
2000-10-02,41.38,41.44,40.31,40.56,14.1155342270416,86100,0.0,1.0
2000-09-29,42.0,42.0,41.38,41.5,14.4426693891081,126400,0.0,1.0
2000-09-28,41.44,43.19,40.44,42.31,14.7245624542931,143300,0.0,1.0
2000-09-27,41.06,42.0,41.06,41.19,14.3347843888521,71600,0.0,1.0
2000-09-26,40.88,41.5,40.69,41.31,14.3765463244351,75000,0.0,1.0
2000-09-25,40.25,41.38,40.13,40.94,14.2477803563876,50100,0.0,1.0
2000-09-22,40.94,40.94,39.31,40.13,13.9658872912026,150400,0.0,1.0
2000-09-21,42.0,42.0,40.94,41.19,14.3347843888521,131800,0.0,1.0
2000-09-20,41.81,42.38,41.0,42.0,14.6166774540371,222800,0.0,1.0
2000-09-19,42.75,42.75,41.31,41.81,14.5505543893641,216800,0.0,1.0
2000-09-18,45.25,45.25,43.69,44.0,15.3127097137532,87300,0.0,1.0
2000-09-15,44.31,45.94,44.31,45.25,15.7477298760757,138700,0.0,1.0
2000-09-14,44.94,45.0,44.38,44.56,15.5075987464737,45400,0.0,1.0
2000-09-13,44.56,45.44,44.38,44.88,15.6189639080283,27600,0.0,1.0
2000-09-12,45.19,45.44,44.38,44.63,15.5319598755637,89500,0.0,1.0
2000-09-11,45.38,46.94,45.38,45.69,15.9008569732132,78100,0.0,1.0
2000-09-08,45.38,45.63,44.81,45.38,15.7929719729573,58700,0.0,1.0
2000-09-07,46.38,46.5,44.38,45.25,15.7477298760757,89600,0.0,1.0
2000-09-06,45.94,46.88,45.94,46.5,16.1827500383983,69300,0.0,1.0
2000-09-05,45.75,45.88,45.06,45.88,15.9669800378863,65800,0.0,1.0
2000-09-01,45.81,45.88,45.13,45.81,15.9426189087962,65100,0.0,1.0
2000-08-31,45.31,46.13,45.31,45.81,15.9426189087962,89200,0.0,1.0
2000-08-30,45.81,46.0,45.25,45.38,15.7929719729573,36100,0.0,1.0
2000-08-29,44.44,46.0,44.44,45.94,15.9878610056778,96900,0.0,1.0
2000-08-28,44.38,46.06,44.13,44.5,15.4867177786822,113900,0.0,1.0
2000-08-25,44.44,44.94,44.06,44.31,15.4205947140092,53600,0.0,1.0
2000-08-24,43.5,44.44,43.5,44.38,15.4449558430992,62400,0.0,1.0
2000-08-23,43.88,43.94,43.38,43.38,15.0969397132412,16300,0.0,1.0
2000-08-22,43.94,44.13,43.88,43.88,15.2709477781702,37300,0.0,1.0
2000-08-21,44.5,44.5,43.75,44.0,15.3127097137532,28300,0.0,1.0
2000-08-18,45.13,45.19,44.06,44.5,15.4867177786822,33400,0.0,1.0
2000-08-17,45.38,45.88,45.19,45.25,15.7477298760757,54300,0.0,1.0
2000-08-16,45.63,45.94,45.5,45.63,15.8799760054218,45100,0.0,1.0
2000-08-15,45.56,45.56,44.88,45.5,15.8347339085402,59800,0.2,1.0
2000-08-14,46.63,46.69,45.81,45.88,15.897102663541,40400,0.0,1.0
2000-08-11,45.0,46.81,45.0,46.69,16.1777620610447,88500,0.0,1.0
2000-08-10,45.13,45.38,44.88,45.0,15.5921887502037,69800,0.0,1.0
2000-08-09,46.06,46.19,44.94,44.94,15.5713991652035,99700,0.0,1.0
2000-08-08,46.31,46.44,45.5,45.88,15.897102663541,94400,0.0,1.0
2000-08-07,45.69,46.88,45.63,46.31,16.0460946893763,53200,0.0,1.0
2000-08-04,46.19,46.19,45.56,45.69,15.8312689777068,40100,0.0,1.0
2000-08-03,45.81,46.31,45.38,46.19,16.0045155193758,55600,0.0,1.0
2000-08-02,45.25,45.81,44.81,45.81,15.8728481477074,96400,0.0,1.0
2000-08-01,45.25,45.81,44.5,45.13,15.6372328510376,97100,0.0,1.0
2000-07-31,45.25,46.0,45.06,45.25,15.6788120210382,92900,0.0,1.0
2000-07-28,45.56,45.56,44.81,45.38,15.7238561218721,84300,0.0,1.0
2000-07-27,46.13,46.13,45.38,45.44,15.7446457068724,44300,0.0,1.0
2000-07-26,46.69,46.69,45.5,46.0,15.9386818335416,130300,0.0,1.0
2000-07-25,45.13,46.69,44.44,46.69,16.1777620610447,247300,0.0,1.0
2000-07-24,46.44,46.56,45.06,45.06,15.612978335204,98100,0.0,1.0
2000-07-21,48.19,48.19,46.44,46.56,16.1327179602108,124700,0.0,1.0
2000-07-20,47.81,48.75,47.81,48.31,16.739080856052,89600,0.0,1.0
2000-07-19,47.06,47.63,46.94,47.63,16.5034655593823,79800,0.0,1.0
2000-07-18,48.06,48.06,47.06,47.19,16.3510086027136,86300,0.0,1.0
2000-07-17,48.75,48.81,47.81,48.0,16.6316680002173,66400,0.0,1.0
2000-07-14,49.44,49.44,48.75,48.88,16.9365819135546,63700,0.0,1.0
2000-07-13,49.25,49.69,49.13,49.44,17.1306180402238,133200,0.0,1.0
2000-07-12,49.0,49.25,48.63,49.19,17.0439947693894,95900,0.0,1.0
2000-07-11,49.25,49.25,48.5,49.0,16.9781610835552,64500,0.0,1.0
2000-07-10,48.0,49.88,48.0,49.31,17.0855739393899,105900,0.0,1.0
2000-07-07,48.25,48.75,47.5,48.06,16.6524575852176,87700,0.0,1.0
2000-07-06,49.0,49.0,47.75,48.31,16.739080856052,104900,0.0,1.0
2000-07-05,47.5,49.69,47.25,49.38,17.1098284552236,137900,0.0,1.0
2000-07-03,45.63,47.63,45.63,47.5,16.4584214585484,215000,0.0,1.0
2000-06-30,49.63,51.0,44.98,44.98,15.585258888537,488400,0.0,1.0
2000-06-29,48.75,49.75,48.06,49.75,17.2380308960586,172200,0.0,1.0
2000-06-28,48.94,48.94,48.25,48.75,16.8915378127207,119200,0.0,1.0
2000-06-27,47.19,48.94,47.19,48.88,16.9365819135546,84600,0.0,1.0
2000-06-26,47.75,47.88,46.88,47.25,16.3717981877139,102700,0.0,1.0
2000-06-23,47.13,47.94,47.13,47.81,16.5658343143831,87100,0.0,1.0
2000-06-22,47.25,47.44,46.94,47.13,16.3302190177134,96000,0.0,1.0
2000-06-21,45.63,47.44,45.19,47.31,16.3925877727142,109600,0.0,1.0
2000-06-20,47.0,47.25,45.0,45.63,15.8104793927066,193100,0.0,1.0
2000-06-19,49.0,49.0,45.56,46.81,16.2193412310453,232600,0.0,1.0
2000-06-16,49.0,50.44,48.75,49.56,17.1721972102244,298900,0.0,1.0
2000-06-15,47.13,48.31,46.88,48.31,16.739080856052,193700,0.0,1.0
2000-06-14,45.75,47.19,45.75,46.88,16.2435957468789,67500,0.0,1.0
2000-06-13,46.13,46.13,45.81,46.0,15.9386818335416,105100,0.0,1.0
2000-06-12,46.5,46.5,46.13,46.19,16.0045155193758,123700,0.0,1.0
2000-06-09,45.88,47.63,45.81,46.75,16.198551646045,134400,0.0,1.0
2000-06-08,45.06,46.06,44.13,45.94,15.9178922485413,120900,0.0,1.0
2000-06-07,44.69,45.63,44.69,45.19,15.6580224360379,53600,0.0,1.0
2000-06-06,45.56,45.56,44.31,44.75,15.5055654793693,48100,0.0,1.0
2000-06-05,45.38,45.94,44.63,45.31,15.6996016060385,108600,0.0,1.0
2000-06-02,42.13,45.5,42.13,45.38,15.7238561218721,516200,0.0,1.0
2000-06-01,41.69,42.0,41.63,41.88,14.5111303301896,43900,0.0,1.0
2000-05-31,42.56,42.56,42.0,42.0,14.5527095001901,66500,0.0,1.0
2000-05-30,41.5,42.63,41.5,42.5,14.7259560418591,83400,0.0,1.0
2000-05-26,42.38,42.5,41.38,41.56,14.4002525435215,44600,0.0,1.0
2000-05-25,43.0,43.06,41.56,42.13,14.5977536010241,56500,0.0,1.0
2000-05-24,42.88,43.13,42.25,42.88,14.8576234135275,33000,0.0,1.0
2000-05-23,43.38,43.94,43.0,43.0,14.899202583528,36700,0.0,1.0
2000-05-22,43.25,43.81,42.31,43.13,14.9442466843619,62400,0.0,1.0
2000-05-19,43.94,44.0,43.38,43.38,15.0308699551964,19600,0.0,1.0
2000-05-18,44.25,44.38,44.0,44.0,15.2456956668659,57500,0.0,1.0
2000-05-17,44.06,44.63,44.06,44.25,15.3323189377003,62900,0.0,1.0
2000-05-16,43.44,44.56,42.94,44.19,15.3115293527001,108200,0.0,1.0
2000-05-15,43.38,43.5,42.63,43.31,15.0066154393627,60200,0.18,1.0
2000-05-12,44.25,44.63,42.81,43.38,14.9686589505531,50500,0.0,1.0
2000-05-11,43.31,44.75,43.06,44.25,15.2688602711382,177800,0.0,1.0
2000-05-10,43.38,43.44,42.5,43.06,14.8582400740161,58100,0.0,1.0
2000-05-09,44.5,44.5,43.25,43.75,15.0963307765491,143900,0.0,1.0
2000-05-08,43.25,45.0,42.88,44.5,15.3551250184328,334900,0.0,1.0
2000-05-05,43.19,43.75,43.06,43.38,14.9686589505531,28900,0.0,1.0
2000-05-04,41.56,43.94,41.56,43.31,14.9445048213107,129700,0.0,1.0
2000-05-03,42.0,42.63,41.5,41.63,14.3648057194912,54900,0.0,1.0
2000-05-02,41.75,42.13,41.75,41.81,14.4269163375433,44900,0.0,1.0
2000-05-01,41.25,42.0,41.0,41.88,14.4510704667857,99500,0.0,1.0
2000-04-28,40.13,41.25,40.06,41.19,14.2129797642527,42500,0.0,1.0
2000-04-27,40.0,40.31,39.88,40.25,13.8886243144252,37900,0.0,1.0
2000-04-26,40.63,41.0,40.06,40.19,13.8679207750745,64000,0.0,1.0
2000-04-25,40.69,40.69,39.81,40.38,13.9334819830183,83700,0.0,1.0
2000-04-24,40.88,40.88,40.44,40.69,14.0404502696636,37600,0.0,1.0
2000-04-20,40.19,40.94,40.06,40.88,14.1060114776075,91200,0.0,1.0
2000-04-19,39.81,40.88,39.81,40.31,13.9093278537759,70100,0.0,1.0
2000-04-18,39.38,40.94,39.38,40.06,13.8230631064813,95700,0.0,1.0
2000-04-17,39.0,39.13,38.44,39.13,13.5021582465455,62200,0.0,1.0
2000-04-14,40.56,40.63,38.44,39.13,13.5021582465455,125900,0.0,1.0
2000-04-13,40.88,41.0,40.25,40.69,14.0404502696636,45000,0.0,1.0
2000-04-12,39.63,41.38,39.63,40.81,14.081857348365,109100,0.0,1.0
2000-04-11,39.5,40.19,39.13,39.5,13.6298300725415,117100,0.0,1.0
2000-04-10,39.56,39.69,39.13,39.63,13.6746877411346,53200,0.0,1.0
2000-04-07,39.88,39.88,39.25,39.81,13.7367983591867,44700,0.0,1.0
2000-04-06,39.38,39.94,39.38,39.88,13.7609524884292,34800,0.0,1.0
2000-04-05,38.63,39.88,38.63,39.5,13.6298300725415,101900,0.0,1.0
2000-04-04,39.38,39.94,37.88,38.88,13.4158934992509,108500,0.0,1.0
2000-04-03,39.88,39.94,39.0,39.31,13.5642688645976,96400,0.0,1.0
2000-03-31,40.5,41.63,39.94,40.0,13.8023595671306,207100,0.0,1.0
2000-03-30,39.94,40.75,39.75,40.44,13.954185522369,101100,0.0,1.0
2000-03-29,38.63,42.0,38.63,39.88,13.7609524884292,203100,0.0,1.0
2000-03-28,36.38,39.13,36.38,38.75,13.3710358306578,144000,0.0,1.0
2000-03-27,36.88,37.38,36.25,36.25,12.5083883577121,149000,0.0,1.0
2000-03-24,36.0,37.13,36.0,37.0,12.7671825995958,103800,0.0,1.0
2000-03-23,35.0,36.0,34.81,35.94,12.4014200710668,75400,0.0,1.0
2000-03-22,35.0,35.06,34.63,35.06,12.09776816059,54100,0.0,1.0
2000-03-21,34.94,35.13,34.81,34.94,12.0563610818886,38800,0.0,1.0
2000-03-20,34.63,35.06,34.63,34.81,12.0115034132954,37200,0.0,1.0
2000-03-17,34.81,35.13,34.38,34.69,11.970096334594,96800,0.0,1.0
2000-03-16,33.19,35.19,33.19,35.19,12.1426258291831,105600,0.0,1.0
2000-03-15,32.5,33.63,32.5,33.44,11.5387725981212,164600,0.0,1.0
2000-03-14,32.06,32.69,31.94,32.5,11.2144171482936,55700,0.0,1.0
2000-03-13,32.63,32.63,31.88,32.19,11.1074488616483,68600,0.0,1.0
2000-03-10,32.88,33.0,32.63,32.75,11.3006818955882,31100,0.0,1.0
2000-03-09,33.0,33.38,32.88,33.0,11.3869466428827,146300,0.0,1.0
2000-03-08,32.0,32.75,32.0,32.56,11.2351206876443,54600,0.0,1.0
2000-03-07,32.13,32.13,31.5,32.06,11.0625911930552,89200,0.0,1.0
2000-03-06,32.94,32.94,31.75,32.0,11.0418876537045,205000,0.0,1.0
2000-03-03,33.13,33.38,32.75,33.0,11.3869466428827,147700,0.0,1.0
2000-03-02,32.88,33.44,32.38,32.94,11.366243103532,70500,0.0,1.0
2000-03-01,33.25,33.75,32.19,32.81,11.3213854349389,56000,0.0,1.0
2000-02-29,31.63,33.13,31.63,33.13,11.4318043114759,64700,0.0,1.0
2000-02-28,31.5,32.19,31.38,32.13,11.0867453222977,77400,0.0,1.0
2000-02-25,31.81,31.94,31.31,31.56,10.890061698466,62400,0.0,1.0
2000-02-24,32.63,32.63,30.94,31.81,10.9763264457606,77100,0.0,1.0
2000-02-23,32.56,32.94,32.56,32.81,11.3213854349389,75900,0.0,1.0
2000-02-22,32.81,33.38,32.13,32.63,11.2592748168868,129000,0.0,1.0
2000-02-18,34.06,34.19,32.88,32.94,11.366243103532,38600,0.0,1.0
2000-02-17,34.0,34.75,33.59,34.19,11.7975668400049,97000,0.0,1.0
2000-02-16,33.0,33.38,32.88,33.25,11.4732113901773,39600,0.18,1.0
2000-02-15,32.63,33.56,32.56,33.44,11.4766434007637,90100,0.0,1.0
2000-02-14,31.88,32.69,31.63,32.56,11.1746264691646,87500,0.0,1.0
2000-02-11,32.25,32.5,32.0,32.06,11.003025939847,64300,0.0,1.0
2000-02-10,32.56,32.75,32.25,32.38,11.1128502786103,84900,0.0,1.0
2000-02-09,32.94,33.38,32.63,32.69,11.2192426067872,101800,0.0,1.0
2000-02-08,33.38,33.56,32.75,32.88,11.2844508079279,83400,0.0,1.0
2000-02-07,33.63,33.63,33.06,33.38,11.4560513372455,73700,0.0,1.0
2000-02-04,32.44,34.38,32.44,33.81,11.6036277924587,169000,0.0,1.0
2000-02-03,31.63,32.75,31.63,32.56,11.1746264691646,141300,0.0,1.0
2000-02-02,31.13,31.69,31.13,31.56,10.8314254105293,31100,0.0,1.0
2000-02-01,32.25,32.25,31.0,31.19,10.7044410188343,61300,0.0,1.0
2000-01-31,31.56,32.31,31.56,32.31,11.0888262045058,71400,0.0,1.0
2000-01-28,32.0,32.0,31.31,31.56,10.8314254105293,88100,0.0,1.0
2000-01-27,32.38,32.75,31.88,31.88,10.9412497492926,48700,0.0,1.0
2000-01-26,31.44,32.56,31.44,32.38,11.1128502786103,94500,0.0,1.0
2000-01-25,32.0,32.13,31.25,31.56,10.8314254105293,85700,0.0,1.0
2000-01-24,32.63,32.94,32.0,32.13,11.0270500139515,86700,0.0,1.0
2000-01-21,32.81,33.0,32.63,32.63,11.1986505432691,77000,0.0,1.0
2000-01-20,32.81,33.06,32.63,32.75,11.2398346703053,137100,0.0,1.0
2000-01-19,33.25,33.25,32.63,32.88,11.2844508079279,54100,0.0,1.0
2000-01-18,33.06,33.88,32.25,33.13,11.3702510725867,76400,0.0,1.0
2000-01-14,33.69,33.69,33.0,33.06,11.3462269984823,54200,0.0,1.0
2000-01-13,33.31,33.94,33.13,33.5,11.4972354642818,121200,0.0,1.0
2000-01-12,34.0,34.25,33.31,33.5,11.4972354642818,76600,0.0,1.0
2000-01-11,34.0,34.19,33.44,33.44,11.4766434007637,168700,0.0,1.0
2000-01-10,35.0,35.0,33.94,34.13,11.713452131222,87900,0.0,1.0
2000-01-07,35.5,35.5,34.0,35.0,12.0120370522347,102700,0.0,1.0
2000-01-06,34.5,35.81,34.31,35.56,12.2042296450705,77400,0.0,1.0
2000-01-05,33.75,34.81,33.44,34.56,11.8610285864352,68800,0.0,1.0
2000-01-04,34.25,34.31,33.25,33.5,11.4972354642818,101900,0.0,1.0
2000-01-03,35.75,35.88,34.19,34.5,11.8404365229171,74300,0.0,1.0
1999-12-31,35.31,36.06,35.06,36.0,12.35523811087,27100,0.0,1.0
1999-12-30,35.56,36.0,35.0,35.25,12.0978373168935,66300,0.0,1.0
1999-12-29,34.88,35.88,34.81,35.75,12.2694378462112,73700,0.0,1.0
1999-12-28,34.13,35.13,33.81,34.75,11.9262367875759,77200,0.0,1.0
1999-12-27,34.56,34.69,32.75,34.0,11.6688359935994,237100,0.0,1.0
1999-12-23,34.31,34.88,34.13,34.69,11.9056447240578,116500,0.0,1.0
1999-12-22,34.63,34.88,34.06,34.31,11.7752283217764,115700,0.0,1.0
1999-12-21,34.75,35.06,34.56,34.81,11.946828851094,115300,0.0,1.0
1999-12-20,34.63,34.94,34.38,34.75,11.9262367875759,127800,0.0,1.0
1999-12-17,34.63,34.63,34.63,34.63,11.8850526605396,237100,0.0,1.0
1999-12-16,33.31,34.25,33.31,34.19,11.7340441947401,105000,0.0,1.0
1999-12-15,33.88,33.88,33.38,33.56,11.5178275277999,204500,0.0,1.0
1999-12-14,34.25,34.25,33.75,33.88,11.6276518665632,203500,0.0,1.0
1999-12-13,34.63,34.81,34.13,34.38,11.7992523958808,206100,0.0,1.0
1999-12-10,35.0,35.31,34.88,34.88,11.9708529251985,103900,0.0,1.0
1999-12-09,34.69,35.25,34.69,35.0,12.0120370522347,165200,0.0,1.0
1999-12-08,34.88,35.0,34.31,34.69,11.9056447240578,76200,0.0,1.0
1999-12-07,34.75,35.13,34.69,34.88,11.9708529251985,110700,0.0,1.0
1999-12-06,35.25,35.25,34.69,34.81,11.946828851094,163400,0.0,1.0
1999-12-03,35.13,35.63,35.0,35.31,12.1184293804116,89300,0.0,1.0
1999-12-02,35.13,35.69,35.0,35.13,12.0566531898573,106200,0.0,1.0
1999-12-01,33.75,35.75,33.63,35.19,12.0772452533754,194800,0.0,1.0
1999-11-30,33.06,33.63,33.06,33.56,11.5178275277999,182400,0.0,1.0
1999-11-29,33.13,33.38,32.81,33.19,11.3908431361048,137500,0.0,1.0
1999-11-26,32.69,33.5,32.69,33.31,11.4320272631411,30600,0.0,1.0
1999-11-24,31.88,33.0,31.5,32.81,11.2604267338234,163900,0.0,1.0
1999-11-23,33.13,33.13,31.94,32.19,11.0476420774696,305500,0.0,1.0
1999-11-22,33.31,34.06,33.0,33.06,11.3462269984823,116000,0.0,1.0
1999-11-19,34.56,34.56,33.0,33.44,11.4766434007637,132500,0.0,1.0
1999-11-18,33.81,34.81,33.81,34.06,11.6894280571175,89000,0.0,1.0
1999-11-17,33.38,34.0,33.19,33.69,11.5624436654225,124300,0.0,1.0
1999-11-16,33.31,33.56,32.56,33.5,11.4972354642818,97700,0.0,1.0
1999-11-15,32.69,33.13,32.25,33.06,11.3462269984823,106200,0.0,1.0
1999-11-12,32.63,32.88,32.44,32.69,11.2192426067872,95600,0.18,1.0
1999-11-11,32.88,33.31,32.13,32.69,11.1578047099444,189500,0.0,1.0
1999-11-10,32.0,33.31,32.0,32.88,11.2226558232785,113200,0.0,1.0
1999-11-09,31.94,32.5,31.75,31.88,10.881334174152,154000,0.0,1.0
1999-11-08,32.13,32.13,31.63,31.94,10.9018134730996,143400,0.0,1.0
1999-11-05,32.06,32.75,32.0,32.13,10.9666645864336,105200,0.0,1.0
1999-11-04,32.13,32.44,31.75,31.94,10.9018134730996,191800,0.0,1.0
1999-11-03,33.0,33.13,31.94,32.0,10.9222927720472,180300,0.0,1.0
1999-11-02,32.75,33.0,32.69,32.81,11.1987633078396,101300,0.0,1.0
1999-11-01,33.13,33.19,32.5,32.75,11.178284008892,125200,0.0,1.0
